    0.27250841E-04    0.10166859E+02   -0.18472432E-04
    0.37712350E+00    0.10166859E+02   -0.25546179E+00
    0.11317666E+01    0.10166859E+02   -0.76238666E+00
    0.18876036E+01    0.10166859E+02   -0.12572740E+01
    0.26454486E+01    0.10166859E+02   -0.17319596E+01
    0.34061441E+01    0.10166859E+02   -0.21780648E+01
    0.41705738E+01    0.10166859E+02   -0.25868999E+01
    0.49396776E+01    0.10166859E+02   -0.29493549E+01
    0.57144684E+01    0.10166859E+02   -0.32557736E+01
    0.64960535E+01    0.10166859E+02   -0.34958101E+01
    0.72856607E+01    0.10166859E+02   -0.36677376E+01
    0.80846706E+01    0.10166859E+02   -0.37920548E+01
    0.88946602E+01    0.10166859E+02   -0.38845696E+01
    0.97174598E+01    0.10166859E+02   -0.39550306E+01
    0.10555231E+02    0.10166859E+02   -0.40097144E+01
    0.11410577E+02    0.10166859E+02   -0.40528089E+01
    0.12286702E+02    0.10166859E+02   -0.40871947E+01
    0.13187652E+02    0.10166859E+02   -0.41149046E+01
    0.14118692E+02    0.10166859E+02   -0.41374055E+01
    0.15086942E+02    0.10166859E+02   -0.41557759E+01
    0.16102503E+02    0.10166859E+02   -0.41708222E+01
    0.17180679E+02    0.10166859E+02   -0.41831551E+01
    0.18346974E+02    0.10166859E+02   -0.41932431E+01
    0.19650901E+02    0.10166859E+02   -0.42014523E+01
    0.21222271E+02    0.10166859E+02   -0.42080958E+01
    0.66203199E+00    0.10166859E+02   -0.44780855E+00
    0.76191108E+00    0.10166859E+02   -0.51500950E+00
    0.13111758E+01    0.10166859E+02   -0.88133845E+00
    0.20003334E+01    0.10166859E+02   -0.13294569E+01
    0.27270285E+01    0.10166859E+02   -0.17814120E+01
    0.34698853E+01    0.10166859E+02   -0.22137887E+01
    0.42227920E+01    0.10166859E+02   -0.26131613E+01
    0.49838440E+01    0.10166859E+02   -0.29684930E+01
    0.57526894E+01    0.10166859E+02   -0.32692014E+01
    0.65297012E+01    0.10166859E+02   -0.35044561E+01
    0.73156775E+01    0.10166859E+02   -0.36731764E+01
    0.81117313E+01    0.10166859E+02   -0.37956166E+01
    0.89192638E+01    0.10166859E+02   -0.38869775E+01
    0.97399852E+01    0.10166859E+02   -0.39567001E+01
    0.10575972E+02    0.10166859E+02   -0.40108952E+01
    0.11429766E+02    0.10166859E+02   -0.40536570E+01
    0.12304525E+02    0.10166859E+02   -0.40878108E+01
    0.13204259E+02    0.10166859E+02   -0.41153555E+01
    0.14134205E+02    0.10166859E+02   -0.41377366E+01
    0.15101460E+02    0.10166859E+02   -0.41560189E+01
    0.16116106E+02    0.10166859E+02   -0.41709992E+01
    0.17193429E+02    0.10166859E+02   -0.41832821E+01
    0.18358914E+02    0.10166859E+02   -0.41933317E+01
    0.19662050E+02    0.10166859E+02   -0.42015108E+01
    0.21232594E+02    0.10166859E+02   -0.42081298E+01
    0.15202920E+01    0.10166859E+02   -0.10189204E+01
    0.15663684E+01    0.10166859E+02   -0.10490638E+01
    0.18953057E+01    0.10166859E+02   -0.12622213E+01
    0.24237028E+01    0.10166859E+02   -0.15958047E+01
    0.30511778E+01    0.10166859E+02   -0.19742378E+01
    0.37300275E+01    0.10166859E+02   -0.23566271E+01
    0.44390285E+01    0.10166859E+02   -0.27194440E+01
    0.51683365E+01    0.10166859E+02   -0.30463286E+01
    0.59132425E+01    0.10166859E+02   -0.33237702E+01
    0.66715815E+01    0.10166859E+02   -0.35394619E+01
    0.74425895E+01    0.10166859E+02   -0.36954323E+01
    0.82263714E+01    0.10166859E+02   -0.38103053E+01
    0.90236505E+01    0.10166859E+02   -0.38969660E+01
    0.98356653E+01    0.10166859E+02   -0.39636568E+01
    0.10664155E+02    0.10166859E+02   -0.40158329E+01
    0.11511410E+02    0.10166859E+02   -0.40572136E+01
    0.12380401E+02    0.10166859E+02   -0.40904003E+01
    0.13274993E+02    0.10166859E+02   -0.41172542E+01
    0.14200308E+02    0.10166859E+02   -0.41391331E+01
    0.15163347E+02    0.10166859E+02   -0.41570445E+01
    0.16174111E+02    0.10166859E+02   -0.41717472E+01
    0.17247812E+02    0.10166859E+02   -0.41838194E+01
    0.18409854E+02    0.10166859E+02   -0.41937067E+01
    0.19709622E+02    0.10166859E+02   -0.42017585E+01
    0.21276655E+02    0.10166859E+02   -0.42082736E+01
    0.23851834E+01    0.10166859E+02   -0.15719058E+01
    0.24148130E+01    0.10166859E+02   -0.15902954E+01
    0.26400749E+01    0.10166859E+02   -0.17286898E+01
    0.30417342E+01    0.10166859E+02   -0.19687069E+01
    0.35619514E+01    0.10166859E+02   -0.22648916E+01
    0.41582348E+01    0.10166859E+02   -0.25806613E+01
    0.48044548E+01    0.10166859E+02   -0.28895777E+01
    0.54853910E+01    0.10166859E+02   -0.31718573E+01
    0.61922733E+01    0.10166859E+02   -0.34113544E+01
    0.69201020E+01    0.10166859E+02   -0.35955820E+01
    0.76661562E+01    0.10166859E+02   -0.37319185E+01
    0.84291754E+01    0.10166859E+02   -0.38347894E+01
    0.92089130E+01    0.10166859E+02   -0.39138274E+01
    0.10005904E+02    0.10166859E+02   -0.39755159E+01
    0.10821368E+02    0.10166859E+02   -0.40243159E+01
    0.11657203E+02    0.10166859E+02   -0.40633617E+01
    0.12516076E+02    0.10166859E+02   -0.40948992E+01
    0.13401614E+02    0.10166859E+02   -0.41205664E+01
    0.14318749E+02    0.10166859E+02   -0.41415774E+01
    0.15274322E+02    0.10166859E+02   -0.41588446E+01
    0.16278197E+02    0.10166859E+02   -0.41730628E+01
    0.17345456E+02    0.10166859E+02   -0.41847659E+01
    0.18501366E+02    0.10166859E+02   -0.41943682E+01
    0.19795126E+02    0.10166859E+02   -0.42021956E+01
    0.21355886E+02    0.10166859E+02   -0.42085270E+01
    0.32537066E+01    0.10166859E+02   -0.20915256E+01
    0.32754891E+01    0.10166859E+02   -0.21039852E+01
    0.34449242E+01    0.10166859E+02   -0.21998323E+01
    0.37616026E+01    0.10166859E+02   -0.23736300E+01
    0.41934478E+01    0.10166859E+02   -0.25984316E+01
    0.47104590E+01    0.10166859E+02   -0.28469943E+01
    0.52896401E+01    0.10166859E+02   -0.30956088E+01
    0.59149828E+01    0.10166859E+02   -0.33243452E+01
    0.65758464E+01    0.10166859E+02   -0.35160946E+01
    0.72653505E+01    0.10166859E+02   -0.36640184E+01
    0.79791891E+01    0.10166859E+02   -0.37778123E+01
    0.87148439E+01    0.10166859E+02   -0.38663204E+01
    0.94710922E+01    0.10166859E+02   -0.39359414E+01
    0.10247713E+02    0.10166859E+02   -0.39912943E+01
    0.11045339E+02    0.10166859E+02   -0.40357323E+01
    0.11865407E+02    0.10166859E+02   -0.40717126E+01
    0.12710219E+02    0.10166859E+02   -0.41010562E+01
    0.13583106E+02    0.10166859E+02   -0.41251273E+01
    0.14488757E+02    0.10166859E+02   -0.41449601E+01
    0.15433808E+02    0.10166859E+02   -0.41613462E+01
    0.16427939E+02    0.10166859E+02   -0.41748971E+01
    0.17486061E+02    0.10166859E+02   -0.41860889E+01
    0.18633251E+02    0.10166859E+02   -0.41952943E+01
    0.19918447E+02    0.10166859E+02   -0.42028080E+01
    0.21470244E+02    0.10166859E+02   -0.42088813E+01
    0.41261068E+01    0.10166859E+02   -0.25643584E+01
    0.41433054E+01    0.10166859E+02   -0.25730961E+01
    0.42785106E+01    0.10166859E+02   -0.26409309E+01
    0.45373786E+01    0.10166859E+02   -0.27664320E+01
    0.49013422E+01    0.10166859E+02   -0.29325883E+01
    0.53503808E+01    0.10166859E+02   -0.31197063E+01
    0.58667234E+01    0.10166859E+02   -0.33082672E+01
    0.64362390E+01    0.10166859E+02   -0.34800988E+01
    0.70483974E+01    0.10166859E+02   -0.36222148E+01
    0.76956786E+01    0.10166859E+02   -0.37364942E+01
    0.83729092E+01    0.10166859E+02   -0.38281808E+01
    0.90767095E+01    0.10166859E+02   -0.39019057E+01
    0.98050873E+01    0.10166859E+02   -0.39614569E+01
    0.10557167E+02    0.10166859E+02   -0.40098250E+01
    0.11333034E+02    0.10166859E+02   -0.40493335E+01
    0.12133673E+02    0.10166859E+02   -0.40817788E+01
    0.12961011E+02    0.10166859E+02   -0.41085493E+01
    0.13818065E+02    0.10166859E+02   -0.41307222E+01
    0.14709256E+02    0.10166859E+02   -0.41491370E+01
    0.15640990E+02    0.10166859E+02   -0.41644515E+01
    0.16622736E+02    0.10166859E+02   -0.41771840E+01
    0.17669196E+02    0.10166859E+02   -0.41877437E+01
    0.18805217E+02    0.10166859E+02   -0.41964551E+01
    0.20079410E+02    0.10166859E+02   -0.42035758E+01
    0.21619656E+02    0.10166859E+02   -0.42093242E+01
    0.50031641E+01    0.10166859E+02   -0.29768041E+01
    0.50173572E+01    0.10166859E+02   -0.29828860E+01
    0.51295757E+01    0.10166859E+02   -0.30302616E+01
    0.53474011E+01    0.10166859E+02   -0.31185332E+01
    0.56595096E+01    0.10166859E+02   -0.32361751E+01
    0.60525588E+01    0.10166859E+02   -0.33686701E+01
    0.65134735E+01    0.10166859E+02   -0.35003033E+01
    0.70307941E+01    0.10166859E+02   -0.36186484E+01
    0.75951827E+01    0.10166859E+02   -0.37206931E+01
    0.81994123E+01    0.10166859E+02   -0.38069082E+01
    0.88381278E+01    0.10166859E+02   -0.38789571E+01
    0.95075522E+01    0.10166859E+02   -0.39388655E+01
    0.10205226E+02    0.10166859E+02   -0.39886082E+01
    0.10929807E+02    0.10166859E+02   -0.40299383E+01
    0.11680948E+02    0.10166859E+02   -0.40643392E+01
    0.12459251E+02    0.10166859E+02   -0.40930351E+01
    0.13266300E+02    0.10166859E+02   -0.41170228E+01
    0.14104815E+02    0.10166859E+02   -0.41371081E+01
    0.14978956E+02    0.10166859E+02   -0.41539413E+01
    0.15894888E+02    0.10166859E+02   -0.41680461E+01
    0.16861858E+02    0.10166859E+02   -0.41798445E+01
    0.17894339E+02    0.10166859E+02   -0.41896764E+01
    0.19016916E+02    0.10166859E+02   -0.41978140E+01
    0.20277810E+02    0.10166859E+02   -0.42044749E+01
    0.21804046E+02    0.10166859E+02   -0.42098404E+01
    0.58858560E+01    0.10166859E+02   -0.33146740E+01
    0.58979254E+01    0.10166859E+02   -0.33186936E+01
    0.59936798E+01    0.10166859E+02   -0.33499757E+01
    0.61811284E+01    0.10166859E+02   -0.34080370E+01
    0.64530380E+01    0.10166859E+02   -0.34845563E+01
    0.68003764E+01    0.10166859E+02   -0.35693282E+01
    0.72136667E+01    0.10166859E+02   -0.36544085E+01
    0.76839909E+01    0.10166859E+02   -0.37346892E+01
    0.82035632E+01    0.10166859E+02   -0.38074336E+01
    0.87659576E+01    0.10166859E+02   -0.38716270E+01
    0.93661173E+01    0.10166859E+02   -0.39273210E+01
    0.10000260E+02    0.10166859E+02   -0.39751330E+01
    0.10665753E+02    0.10166859E+02   -0.40159212E+01
    0.11361000E+02    0.10166859E+02   -0.40505959E+01
    0.12085372E+02    0.10166859E+02   -0.40800213E+01
    0.12839181E+02    0.10166859E+02   -0.41049719E+01
    0.13623742E+02    0.10166859E+02   -0.41261194E+01
    0.14441519E+02    0.10166859E+02   -0.41440347E+01
    0.15296430E+02    0.10166859E+02   -0.41591973E+01
    0.16194416E+02    0.10166859E+02   -0.41720065E+01
    0.17144500E+02    0.10166859E+02   -0.41827925E+01
    0.18160920E+02    0.10166859E+02   -0.41918267E+01
    0.19267972E+02    0.10166859E+02   -0.41993296E+01
    0.20513440E+02    0.10166859E+02   -0.42054774E+01
    0.22023353E+02    0.10166859E+02   -0.42104119E+01
    0.67752931E+01    0.10166859E+02   -0.35636474E+01
    0.67857806E+01    0.10166859E+02   -0.35660304E+01
    0.68691697E+01    0.10166859E+02   -0.35845844E+01
    0.70333238E+01    0.10166859E+02   -0.36191626E+01
    0.72734445E+01    0.10166859E+02   -0.36655044E+01
    0.75832983E+01    0.10166859E+02   -0.37187817E+01
    0.79560218E+01    0.10166859E+02   -0.37746056E+01
    0.83848083E+01    0.10166859E+02   -0.38295899E+01
    0.88633935E+01    0.10166859E+02   -0.38814793E+01
    0.93863362E+01    0.10166859E+02   -0.39290051E+01
    0.99491431E+01    0.10166859E+02   -0.39716335E+01
    0.10548293E+02    0.10166859E+02   -0.40093178E+01
    0.11181215E+02    0.10166859E+02   -0.40422987E+01
    0.11846249E+02    0.10166859E+02   -0.40709645E+01
    0.12542627E+02    0.10166859E+02   -0.40957604E+01
    0.13270489E+02    0.10166859E+02   -0.41171344E+01
    0.14030953E+02    0.10166859E+02   -0.41355077E+01
    0.14826286E+02    0.10166859E+02   -0.41512616E+01
    0.15660206E+02    0.10166859E+02   -0.41647315E+01
    0.16538453E+02    0.10166859E+02   -0.41762080E+01
    0.17469836E+02    0.10166859E+02   -0.41859386E+01
    0.18468360E+02    0.10166859E+02   -0.41941314E+01
    0.19558017E+02    0.10166859E+02   -0.42009576E+01
    0.20786114E+02    0.10166859E+02   -0.42065529E+01
    0.22277553E+02    0.10166859E+02   -0.42110191E+01
    0.76727159E+01    0.10166859E+02   -0.37329399E+01
    0.76819783E+01    0.10166859E+02   -0.37343776E+01
    0.77557375E+01    0.10166859E+02   -0.37456377E+01
    0.79014945E+01    0.10166859E+02   -0.37669433E+01
    0.81159699E+01    0.10166859E+02   -0.37961711E+01
    0.83947833E+01    0.10166859E+02   -0.38307663E+01
    0.87329408E+01    0.10166859E+02   -0.38682103E+01
    0.91252936E+01    0.10166859E+02   -0.39063500E+01
    0.95669074E+01    0.10166859E+02   -0.39435505E+01
    0.10053322E+02    0.10166859E+02   -0.39787058E+01
    0.10580710E+02    0.10166859E+02   -0.40111638E+01
    0.11145962E+02    0.10166859E+02   -0.40406201E+01
    0.11746725E+02    0.10166859E+02   -0.40670126E+01
    0.12381421E+02    0.10166859E+02   -0.40904348E+01
    0.13049271E+02    0.10166859E+02   -0.41110696E+01
    0.13750340E+02    0.10166859E+02   -0.41291441E+01
    0.14485635E+02    0.10166859E+02   -0.41448993E+01
    0.15257284E+02    0.10166859E+02   -0.41585715E+01
    0.16068853E+02    0.10166859E+02   -0.41703819E+01
    0.16925909E+02    0.10166859E+02   -0.41805308E+01
    0.17837073E+02    0.10166859E+02   -0.41891952E+01
    0.18816118E+02    0.10166859E+02   -0.41965269E+01
    0.19886730E+02    0.10166859E+02   -0.42026525E+01
    0.21095699E+02    0.10166859E+02   -0.42076697E+01
    0.22566687E+02    0.10166859E+02   -0.42116409E+01
    0.85795144E+01    0.10166859E+02   -0.38517909E+01
    0.85877989E+01    0.10166859E+02   -0.38527009E+01
    0.86538410E+01    0.10166859E+02   -0.38598586E+01
    0.87847092E+01    0.10166859E+02   -0.38735497E+01
    0.89781104E+01    0.10166859E+02   -0.38926531E+01
    0.92309201E+01    0.10166859E+02   -0.39157600E+01
    0.95394839E+01    0.10166859E+02   -0.39413973E+01
    0.98999234E+01    0.10166859E+02   -0.39682094E+01
    0.10308405E+02    0.10166859E+02   -0.39950699E+01
    0.10761356E+02    0.10166859E+02   -0.40211251E+01
    0.11255617E+02    0.10166859E+02   -0.40457851E+01
    0.11788552E+02    0.10166859E+02   -0.40686870E+01
    0.12358117E+02    0.10166859E+02   -0.40896454E+01
    0.12962912E+02    0.10166859E+02   -0.41086043E+01
    0.13602241E+02    0.10166859E+02   -0.41255958E+01
    0.14276181E+02    0.10166859E+02   -0.41407073E+01
    0.14985697E+02    0.10166859E+02   -0.41540573E+01
    0.15732839E+02    0.10166859E+02   -0.41657780E+01
    0.16521063E+02    0.10166859E+02   -0.41760041E+01
    0.17355803E+02    0.10166859E+02   -0.41848648E+01
    0.18245511E+02    0.10166859E+02   -0.41924790E+01
    0.19203744E+02    0.10166859E+02   -0.41989515E+01
    0.20253876E+02    0.10166859E+02   -0.42043692E+01
    0.21442155E+02    0.10166859E+02   -0.42087955E+01
    0.22890890E+02    0.10166859E+02   -0.42122552E+01
    0.94972614E+01    0.10166859E+02   -0.39380437E+01
    0.95047460E+01    0.10166859E+02   -0.39386417E+01
    0.95644586E+01    0.10166859E+02   -0.39433590E+01
    0.96830275E+01    0.10166859E+02   -0.39524549E+01
    0.98588220E+01    0.10166859E+02   -0.39653083E+01
    0.10089588E+02    0.10166859E+02   -0.39811133E+01
    0.10372640E+02    0.10166859E+02   -0.39989891E+01
    0.10705064E+02    0.10166859E+02   -0.40180792E+01
    0.11083913E+02    0.10166859E+02   -0.40376231E+01
    0.11506376E+02    0.10166859E+02   -0.40569967E+01
    0.11969913E+02    0.10166859E+02   -0.40757237E+01
    0.12472364E+02    0.10166859E+02   -0.40934678E+01
    0.13012031E+02    0.10166859E+02   -0.41100134E+01
    0.13587752E+02    0.10166859E+02   -0.41252413E+01
    0.14198975E+02    0.10166859E+02   -0.41391052E+01
    0.14845849E+02    0.10166859E+02   -0.41516107E+01
    0.15529360E+02    0.10166859E+02   -0.41627982E+01
    0.16251527E+02    0.10166859E+02   -0.41727289E+01
    0.17015741E+02    0.10166859E+02   -0.41814752E+01
    0.17827333E+02    0.10166859E+02   -0.41891126E+01
    0.18694613E+02    0.10166859E+02   -0.41957145E+01
    0.19630937E+02    0.10166859E+02   -0.42013470E+01
    0.20659366E+02    0.10166859E+02   -0.42060640E+01
    0.21825579E+02    0.10166859E+02   -0.42098985E+01
    0.23250435E+02    0.10166859E+02   -0.42128398E+01
    0.10427759E+02    0.10166859E+02   -0.40022905E+01
    0.10434576E+02    0.10166859E+02   -0.40026949E+01
    0.10488997E+02    0.10166859E+02   -0.40058932E+01
    0.10597226E+02    0.10166859E+02   -0.40120974E+01
    0.10758092E+02    0.10166859E+02   -0.40209499E+01
    0.10969958E+02    0.10166859E+02   -0.40319744E+01
    0.11230843E+02    0.10166859E+02   -0.40446326E+01
    0.11538569E+02    0.10166859E+02   -0.40583784E+01
    0.11890892E+02    0.10166859E+02   -0.40727016E+01
    0.12285637E+02    0.10166859E+02   -0.40871578E+01
    0.12720810E+02    0.10166859E+02   -0.41013829E+01
    0.13194698E+02    0.10166859E+02   -0.41150962E+01
    0.13705952E+02    0.10166859E+02   -0.41280949E+01
    0.14253672E+02    0.10166859E+02   -0.41402435E+01
    0.14837488E+02    0.10166859E+02   -0.41514617E+01
    0.15457666E+02    0.10166859E+02   -0.41617120E+01
    0.16115248E+02    0.10166859E+02   -0.41709880E+01
    0.16812267E+02    0.10166859E+02   -0.41793056E+01
    0.17552083E+02    0.10166859E+02   -0.41866943E+01
    0.18339956E+02    0.10166859E+02   -0.41931909E+01
    0.19184075E+02    0.10166859E+02   -0.41988344E+01
    0.20097609E+02    0.10166859E+02   -0.42036604E+01
    0.21103308E+02    0.10166859E+02   -0.42076958E+01
    0.22246260E+02    0.10166859E+02   -0.42109475E+01
    0.23645780E+02    0.10166859E+02   -0.42133722E+01
    0.11373103E+02    0.10166859E+02   -0.40511391E+01
    0.11379354E+02    0.10166859E+02   -0.40514189E+01
    0.11429277E+02    0.10166859E+02   -0.40536355E+01
    0.11528682E+02    0.10166859E+02   -0.40579554E+01
    0.11676723E+02    0.10166859E+02   -0.40641657E+01
    0.11872206E+02    0.10166859E+02   -0.40719772E+01
    0.12113676E+02    0.10166859E+02   -0.40810541E+01
    0.12399511E+02    0.10166859E+02   -0.40910441E+01
    0.12728025E+02    0.10166859E+02   -0.41016049E+01
    0.13097564E+02    0.10166859E+02   -0.41124239E+01
    0.13506603E+02    0.10166859E+02   -0.41232310E+01
    0.13953830E+02    0.10166859E+02   -0.41338041E+01
    0.14438229E+02    0.10166859E+02   -0.41439699E+01
    0.14959161E+02    0.10166859E+02   -0.41535996E+01
    0.15516455E+02    0.10166859E+02   -0.41626041E+01
    0.16110516E+02    0.10166859E+02   -0.41709265E+01
    0.16742477E+02    0.10166859E+02   -0.41785359E+01
    0.17414409E+02    0.10166859E+02   -0.41854205E+01
    0.18129670E+02    0.10166859E+02   -0.41915821E+01
    0.18893472E+02    0.10166859E+02   -0.41970308E+01
    0.19713905E+02    0.10166859E+02   -0.42017807E+01
    0.20603961E+02    0.10166859E+02   -0.42058443E+01
    0.21586081E+02    0.10166859E+02   -0.42092266E+01
    0.22704744E+02    0.10166859E+02   -0.42119129E+01
    0.24077629E+02    0.10166859E+02   -0.42138302E+01
    0.12335773E+02    0.10166859E+02   -0.40888838E+01
    0.12341536E+02    0.10166859E+02   -0.40890806E+01
    0.12387582E+02    0.10166859E+02   -0.40906426E+01
    0.12479357E+02    0.10166859E+02   -0.40936980E+01
    0.12616247E+02    0.10166859E+02   -0.40981162E+01
    0.12797387E+02    0.10166859E+02   -0.41037177E+01
    0.13021712E+02    0.10166859E+02   -0.41102890E+01
    0.13288029E+02    0.10166859E+02   -0.41176003E+01
    0.13595089E+02    0.10166859E+02   -0.41254209E+01
    0.13941664E+02    0.10166859E+02   -0.41335323E+01
    0.14326624E+02    0.10166859E+02   -0.41417373E+01
    0.14749006E+02    0.10166859E+02   -0.41498656E+01
    0.15208099E+02    0.10166859E+02   -0.41577764E+01
    0.15703513E+02    0.10166859E+02   -0.41653578E+01
    0.16235276E+02    0.10166859E+02   -0.41725244E+01
    0.16803945E+02    0.10166859E+02   -0.41792146E+01
    0.17410754E+02    0.10166859E+02   -0.41853861E+01
    0.18057836E+02    0.10166859E+02   -0.41910124E+01
    0.18748567E+02    0.10166859E+02   -0.41960785E+01
    0.19488128E+02    0.10166859E+02   -0.42005770E+01
    0.20284523E+02    0.10166859E+02   -0.42045044E+01
    0.21150580E+02    0.10166859E+02   -0.42078566E+01
    0.22108431E+02    0.10166859E+02   -0.42106216E+01
    0.23201923E+02    0.10166859E+02   -0.42127666E+01
    0.24547017E+02    0.10166859E+02   -0.42141921E+01
    0.13318758E+02    0.10166859E+02   -0.41184115E+01
    0.13324096E+02    0.10166859E+02   -0.41185517E+01
    0.13366757E+02    0.10166859E+02   -0.41196655E+01
    0.13451853E+02    0.10166859E+02   -0.41218506E+01
    0.13578943E+02    0.10166859E+02   -0.41250251E+01
    0.13747404E+02    0.10166859E+02   -0.41290751E+01
    0.13956468E+02    0.10166859E+02   -0.41338630E+01
    0.14205271E+02    0.10166859E+02   -0.41392370E+01
    0.14492911E+02    0.10166859E+02   -0.41450410E+01
    0.14818503E+02    0.10166859E+02   -0.41511222E+01
    0.15181244E+02    0.10166859E+02   -0.41573382E+01
    0.15580475E+02    0.10166859E+02   -0.41635609E+01
    0.16015751E+02    0.10166859E+02   -0.41696795E+01
    0.16486914E+02    0.10166859E+02   -0.41756011E+01
    0.16994182E+02    0.10166859E+02   -0.41812505E+01
    0.17538260E+02    0.10166859E+02   -0.41865684E+01
    0.18120496E+02    0.10166859E+02   -0.41915099E+01
    0.18743091E+02    0.10166859E+02   -0.41960417E+01
    0.19409451E+02    0.10166859E+02   -0.42001397E+01
    0.20124739E+02    0.10166859E+02   -0.42037858E+01
    0.20896887E+02    0.10166859E+02   -0.42069649E+01
    0.21738561E+02    0.10166859E+02   -0.42096608E+01
    0.22671585E+02    0.10166859E+02   -0.42118490E+01
    0.23739150E+02    0.10166859E+02   -0.42134818E+01
    0.25055420E+02    0.10166859E+02   -0.42144360E+01
    0.14325738E+02    0.10166859E+02   -0.41417193E+01
    0.14330701E+02    0.10166859E+02   -0.41418200E+01
    0.14370375E+02    0.10166859E+02   -0.41426200E+01
    0.14449561E+02    0.10166859E+02   -0.41441931E+01
    0.14567950E+02    0.10166859E+02   -0.41464870E+01
    0.14725101E+02    0.10166859E+02   -0.41494283E+01
    0.14920471E+02    0.10166859E+02   -0.41529268E+01
    0.15153455E+02    0.10166859E+02   -0.41568816E+01
    0.15423421E+02    0.10166859E+02   -0.41611863E+01
    0.15729764E+02    0.10166859E+02   -0.41657341E+01
    0.16071952E+02    0.10166859E+02   -0.41704226E+01
    0.16449580E+02    0.10166859E+02   -0.41751566E+01
    0.16862436E+02    0.10166859E+02   -0.41798508E+01
    0.17310569E+02    0.10166859E+02   -0.41844304E+01
    0.17794372E+02    0.10166859E+02   -0.41888318E+01
    0.18314695E+02    0.10166859E+02   -0.41930022E+01
    0.18872992E+02    0.10166859E+02   -0.41968984E+01
    0.19471542E+02    0.10166859E+02   -0.42004856E+01
    0.20113783E+02    0.10166859E+02   -0.42037353E+01
    0.20804870E+02    0.10166859E+02   -0.42066236E+01
    0.21552665E+02    0.10166859E+02   -0.42091284E+01
    0.22369678E+02    0.10166859E+02   -0.42112250E+01
    0.23277419E+02    0.10166859E+02   -0.42128797E+01
    0.24318403E+02    0.10166859E+02   -0.42140329E+01
    0.25604913E+02    0.10166859E+02   -0.42145402E+01
    0.15361365E+02    0.10166859E+02   -0.41602222E+01
    0.15365994E+02    0.10166859E+02   -0.41602946E+01
    0.15403001E+02    0.10166859E+02   -0.41608707E+01
    0.15476905E+02    0.10166859E+02   -0.41620053E+01
    0.15587493E+02    0.10166859E+02   -0.41636649E+01
    0.15734464E+02    0.10166859E+02   -0.41658012E+01
    0.15917450E+02    0.10166859E+02   -0.41683547E+01
    0.16136045E+02    0.10166859E+02   -0.41712575E+01
    0.16389835E+02    0.10166859E+02   -0.41744368E+01
    0.16678437E+02    0.10166859E+02   -0.41778179E+01
    0.17001541E+02    0.10166859E+02   -0.41813273E+01
    0.17358958E+02    0.10166859E+02   -0.41848950E+01
    0.17750677E+02    0.10166859E+02   -0.41884559E+01
    0.18176924E+02    0.10166859E+02   -0.41919512E+01
    0.18638252E+02    0.10166859E+02   -0.41953288E+01
    0.19135642E+02    0.10166859E+02   -0.41985434E+01
    0.19670653E+02    0.10166859E+02   -0.42015558E+01
    0.20245634E+02    0.10166859E+02   -0.42043326E+01
    0.20864060E+02    0.10166859E+02   -0.42068443E+01
    0.21531079E+02    0.10166859E+02   -0.42090644E+01
    0.22254486E+02    0.10166859E+02   -0.42109664E+01
    0.23046632E+02    0.10166859E+02   -0.42125206E+01
    0.23928706E+02    0.10166859E+02   -0.42136863E+01
    0.24942523E+02    0.10166859E+02   -0.42143945E+01
    0.26198403E+02    0.10166859E+02   -0.42144822E+01
    0.16431694E+02    0.10166859E+02   -0.41749422E+01
    0.16436021E+02    0.10166859E+02   -0.41749942E+01
    0.16470624E+02    0.10166859E+02   -0.41754077E+01
    0.16539758E+02    0.10166859E+02   -0.41762233E+01
    0.16643286E+02    0.10166859E+02   -0.41774188E+01
    0.16781012E+02    0.10166859E+02   -0.41789626E+01
    0.16952706E+02    0.10166859E+02   -0.41808147E+01
    0.17158117E+02    0.10166859E+02   -0.41829294E+01
    0.17397003E+02    0.10166859E+02   -0.41852563E+01
    0.17669162E+02    0.10166859E+02   -0.41877434E+01
    0.17974466E+02    0.10166859E+02   -0.41903381E+01
    0.18312904E+02    0.10166859E+02   -0.41929888E+01
    0.18684634E+02    0.10166859E+02   -0.41956466E+01
    0.19090039E+02    0.10166859E+02   -0.41982659E+01
    0.19529810E+02    0.10166859E+02   -0.42008048E+01
    0.20005045E+02    0.10166859E+02   -0.42032254E+01
    0.20517398E+02    0.10166859E+02   -0.42054936E+01
    0.21069284E+02    0.10166859E+02   -0.42075786E+01
    0.21664211E+02    0.10166859E+02   -0.42094520E+01
    0.22307317E+02    0.10166859E+02   -0.42110865E+01
    0.23006328E+02    0.10166859E+02   -0.42124537E+01
    0.23773437E+02    0.10166859E+02   -0.42135206E+01
    0.24629495E+02    0.10166859E+02   -0.42142418E+01
    0.25615591E+02    0.10166859E+02   -0.42145407E+01
    0.26839995E+02    0.10166859E+02   -0.42142377E+01
    0.17544912E+02    0.10166859E+02   -0.41866290E+01
    0.17548965E+02    0.10166859E+02   -0.41866659E+01
    0.17581378E+02    0.10166859E+02   -0.41869597E+01
    0.17646161E+02    0.10166859E+02   -0.41875398E+01
    0.17743234E+02    0.10166859E+02   -0.41883914E+01
    0.17872486E+02    0.10166859E+02   -0.41894936E+01
    0.18033791E+02    0.10166859E+02   -0.41908194E+01
    0.18227023E+02    0.10166859E+02   -0.41923377E+01
    0.18452075E+02    0.10166859E+02   -0.41940139E+01
    0.18708892E+02    0.10166859E+02   -0.41958113E+01
    0.18997494E+02    0.10166859E+02   -0.41976924E+01
    0.19318018E+02    0.10166859E+02   -0.41996197E+01
    0.19670763E+02    0.10166859E+02   -0.42015564E+01
    0.20056245E+02    0.10166859E+02   -0.42034675E+01
    0.20475274E+02    0.10166859E+02   -0.42053197E+01
    0.20929052E+02    0.10166859E+02   -0.42070820E+01
    0.21419314E+02    0.10166859E+02   -0.42087252E+01
    0.21948533E+02    0.10166859E+02   -0.42102220E+01
    0.22520244E+02    0.10166859E+02   -0.42115458E+01
    0.23139571E+02    0.10166859E+02   -0.42126700E+01
    0.23814167E+02    0.10166859E+02   -0.42135656E+01
    0.24556052E+02    0.10166859E+02   -0.42141977E+01
    0.25385732E+02    0.10166859E+02   -0.42145177E+01
    0.26343536E+02    0.10166859E+02   -0.42144428E+01
    0.27535590E+02    0.10166859E+02   -0.42137790E+01
    0.18712640E+02    0.10166859E+02   -0.41958367E+01
    0.18716440E+02    0.10166859E+02   -0.41958624E+01
    0.18746834E+02    0.10166859E+02   -0.41960668E+01
    0.18807604E+02    0.10166859E+02   -0.41964708E+01
    0.18898712E+02    0.10166859E+02   -0.41970646E+01
    0.19020114E+02    0.10166859E+02   -0.41978339E+01
    0.19171766E+02    0.10166859E+02   -0.41987608E+01
    0.19353638E+02    0.10166859E+02   -0.41998238E+01
    0.19565737E+02    0.10166859E+02   -0.42009992E+01
    0.19808120E+02    0.10166859E+02   -0.42022612E+01
    0.20080930E+02    0.10166859E+02   -0.42035829E+01
    0.20384426E+02    0.10166859E+02   -0.42049371E+01
    0.20719022E+02    0.10166859E+02   -0.42062964E+01
    0.21085349E+02    0.10166859E+02   -0.42076341E+01
    0.21484315E+02    0.10166859E+02   -0.42089240E+01
    0.21917212E+02    0.10166859E+02   -0.42101409E+01
    0.22385843E+02    0.10166859E+02   -0.42112604E+01
    0.22892730E+02    0.10166859E+02   -0.42122585E+01
    0.23441424E+02    0.10166859E+02   -0.42131110E+01
    0.24037028E+02    0.10166859E+02   -0.42137924E+01
    0.24687112E+02    0.10166859E+02   -0.42142742E+01
    0.25403516E+02    0.10166859E+02   -0.42145204E+01
    0.26206380E+02    0.10166859E+02   -0.42144803E+01
    0.27135232E+02    0.10166859E+02   -0.42140665E+01
    0.28293951E+02    0.10166859E+02   -0.42130716E+01
    0.19952487E+02    0.10166859E+02   -0.42029733E+01
    0.19956051E+02    0.10166859E+02   -0.42029905E+01
    0.19984560E+02    0.10166859E+02   -0.42031276E+01
    0.20041577E+02    0.10166859E+02   -0.42033985E+01
    0.20127100E+02    0.10166859E+02   -0.42037966E+01
    0.20241136E+02    0.10166859E+02   -0.42043126E+01
    0.20383705E+02    0.10166859E+02   -0.42049340E+01
    0.20554858E+02    0.10166859E+02   -0.42056465E+01
    0.20754684E+02    0.10166859E+02   -0.42064334E+01
    0.20983338E+02    0.10166859E+02   -0.42072768E+01
    0.21241059E+02    0.10166859E+02   -0.42081576E+01
    0.21528206E+02    0.10166859E+02   -0.42090558E+01
    0.21845291E+02    0.10166859E+02   -0.42099513E+01
    0.22193034E+02    0.10166859E+02   -0.42108237E+01
    0.22572431E+02    0.10166859E+02   -0.42116525E+01
    0.22984843E+02    0.10166859E+02   -0.42124176E+01
    0.23432132E+02    0.10166859E+02   -0.42130984E+01
    0.23916854E+02    0.10166859E+02   -0.42136742E+01
    0.24442570E+02    0.10166859E+02   -0.42141233E+01
    0.25014347E+02    0.10166859E+02   -0.42144217E+01
    0.25639663E+02    0.10166859E+02   -0.42145416E+01
    0.26330163E+02    0.10166859E+02   -0.42144469E+01
    0.27105593E+02    0.10166859E+02   -0.42140853E+01
    0.28004637E+02    0.10166859E+02   -0.42133656E+01
    0.29128792E+02    0.10166859E+02   -0.42120688E+01
    0.21293796E+02    0.10166859E+02   -0.42083290E+01
    0.21297135E+02    0.10166859E+02   -0.42083397E+01
    0.21323852E+02    0.10166859E+02   -0.42084253E+01
    0.21377296E+02    0.10166859E+02   -0.42085944E+01
    0.21457496E+02    0.10166859E+02   -0.42088425E+01
    0.21564498E+02    0.10166859E+02   -0.42091633E+01
    0.21698374E+02    0.10166859E+02   -0.42095486E+01
    0.21859235E+02    0.10166859E+02   -0.42099885E+01
    0.22047243E+02    0.10166859E+02   -0.42104715E+01
    0.22262625E+02    0.10166859E+02   -0.42109851E+01
    0.22505702E+02    0.10166859E+02   -0.42115157E+01
    0.22776911E+02    0.10166859E+02   -0.42120490E+01
    0.23076844E+02    0.10166859E+02   -0.42125699E+01
    0.23406298E+02    0.10166859E+02   -0.42130631E+01
    0.23766335E+02    0.10166859E+02   -0.42135127E+01
    0.24158374E+02    0.10166859E+02   -0.42139023E+01
    0.24584320E+02    0.10166859E+02   -0.42142151E+01
    0.25046755E+02    0.10166859E+02   -0.42144331E+01
    0.25549231E+02    0.10166859E+02   -0.42145368E+01
    0.26096773E+02    0.10166859E+02   -0.42145041E+01
    0.26696748E+02    0.10166859E+02   -0.42143078E+01
    0.27360583E+02    0.10166859E+02   -0.42139123E+01
    0.28107600E+02    0.10166859E+02   -0.42132643E+01
    0.28975570E+02    0.10166859E+02   -0.42122693E+01
    0.30063442E+02    0.10166859E+02   -0.42106981E+01
    0.22793539E+02    0.10166859E+02   -0.42120797E+01
    0.22796659E+02    0.10166859E+02   -0.42120854E+01
    0.22821620E+02    0.10166859E+02   -0.42121311E+01
    0.22871565E+02    0.10166859E+02   -0.42122210E+01
    0.22946543E+02    0.10166859E+02   -0.42123522E+01
    0.23046632E+02    0.10166859E+02   -0.42125206E+01
    0.23171947E+02    0.10166859E+02   -0.42127206E+01
    0.23322647E+02    0.10166859E+02   -0.42129455E+01
    0.23498949E+02    0.10166859E+02   -0.42131875E+01
    0.23701142E+02    0.10166859E+02   -0.42134379E+01
    0.23929611E+02    0.10166859E+02   -0.42136872E+01
    0.24184858E+02    0.10166859E+02   -0.42139250E+01
    0.24467538E+02    0.10166859E+02   -0.42141403E+01
    0.24778508E+02    0.10166859E+02   -0.42143215E+01
    0.25118884E+02    0.10166859E+02   -0.42144563E+01
    0.25490130E+02    0.10166859E+02   -0.42145315E+01
    0.25894179E+02    0.10166859E+02   -0.42145331E+01
    0.26333621E+02    0.10166859E+02   -0.42144458E+01
    0.26811992E+02    0.10166859E+02   -0.42142521E+01
    0.27334251E+02    0.10166859E+02   -0.42139313E+01
    0.27907634E+02    0.10166859E+02   -0.42134576E+01
    0.28543321E+02    0.10166859E+02   -0.42127955E+01
    0.29260159E+02    0.10166859E+02   -0.42118912E+01
    0.30094906E+02    0.10166859E+02   -0.42106478E+01
    0.31143703E+02    0.10166859E+02   -0.42088269E+01
    0.24601078E+02    0.10166859E+02   -0.42142251E+01
    0.24603968E+02    0.10166859E+02   -0.42142268E+01
    0.24627097E+02    0.10166859E+02   -0.42142404E+01
    0.24673388E+02    0.10166859E+02   -0.42142666E+01
    0.24742907E+02    0.10166859E+02   -0.42143036E+01
    0.24835757E+02    0.10166859E+02   -0.42143487E+01
    0.24952088E+02    0.10166859E+02   -0.42143983E+01
    0.25092099E+02    0.10166859E+02   -0.42144480E+01
    0.25256052E+02    0.10166859E+02   -0.42144926E+01
    0.25444287E+02    0.10166859E+02   -0.42145261E+01
    0.25657238E+02    0.10166859E+02   -0.42145420E+01
    0.25895462E+02    0.10166859E+02   -0.42145330E+01
    0.26159664E+02    0.10166859E+02   -0.42144911E+01
    0.26450748E+02    0.10166859E+02   -0.42144077E+01
    0.26769870E+02    0.10166859E+02   -0.42142731E+01
    0.27118523E+02    0.10166859E+02   -0.42140771E+01
    0.27498656E+02    0.10166859E+02   -0.42138081E+01
    0.27912850E+02    0.10166859E+02   -0.42134527E+01
    0.28364599E+02    0.10166859E+02   -0.42129955E+01
    0.28858774E+02    0.10166859E+02   -0.42124173E+01
    0.29402442E+02    0.10166859E+02   -0.42116932E+01
    0.30006479E+02    0.10166859E+02   -0.42107886E+01
    0.30689159E+02    0.10166859E+02   -0.42096492E+01
    0.31486044E+02    0.10166859E+02   -0.42081760E+01
    0.32489965E+02    0.10166859E+02   -0.42061223E+01
