    0.25874042E-04    0.00000000E+00    0.00000000E+00
    0.41267270E+00    0.00000000E+00    0.00000000E+00
    0.12384516E+01    0.00000000E+00    0.00000000E+00
    0.20655368E+01    0.00000000E+00    0.00000000E+00
    0.28948193E+01    0.00000000E+00    0.00000000E+00
    0.37272210E+01    0.00000000E+00    0.00000000E+00
    0.45637090E+01    0.00000000E+00    0.00000000E+00
    0.54053116E+01    0.00000000E+00    0.00000000E+00
    0.62531373E+01    0.00000000E+00    0.00000000E+00
    0.71083979E+01    0.00000000E+00    0.00000000E+00
    0.79724366E+01    0.00000000E+00    0.00000000E+00
    0.88467644E+01    0.00000000E+00    0.00000000E+00
    0.97331070E+01    0.00000000E+00    0.00000000E+00
    0.10633467E+02    0.00000000E+00    0.00000000E+00
    0.11550210E+02    0.00000000E+00    0.00000000E+00
    0.12486185E+02    0.00000000E+00    0.00000000E+00
    0.13444897E+02    0.00000000E+00    0.00000000E+00
    0.14430773E+02    0.00000000E+00    0.00000000E+00
    0.15449577E+02    0.00000000E+00    0.00000000E+00
    0.16509098E+02    0.00000000E+00    0.00000000E+00
    0.17620390E+02    0.00000000E+00    0.00000000E+00
    0.18800199E+02    0.00000000E+00    0.00000000E+00
    0.20076434E+02    0.00000000E+00    0.00000000E+00
    0.21503275E+02    0.00000000E+00    0.00000000E+00
    0.23222768E+02    0.00000000E+00    0.00000000E+00
    0.62858403E+00    0.00000000E+00    0.00000000E+00
    0.75194191E+00    0.00000000E+00    0.00000000E+00
    0.13888413E+01    0.00000000E+00    0.00000000E+00
    0.21590646E+01    0.00000000E+00    0.00000000E+00
    0.29622789E+01    0.00000000E+00    0.00000000E+00
    0.37798538E+01    0.00000000E+00    0.00000000E+00
    0.46067948E+01    0.00000000E+00    0.00000000E+00
    0.54417379E+01    0.00000000E+00    0.00000000E+00
    0.62846515E+01    0.00000000E+00    0.00000000E+00
    0.71361361E+01    0.00000000E+00    0.00000000E+00
    0.79971785E+01    0.00000000E+00    0.00000000E+00
    0.88690675E+01    0.00000000E+00    0.00000000E+00
    0.97533835E+01    0.00000000E+00    0.00000000E+00
    0.10652030E+02    0.00000000E+00    0.00000000E+00
    0.11567302E+02    0.00000000E+00    0.00000000E+00
    0.12501997E+02    0.00000000E+00    0.00000000E+00
    0.13459583E+02    0.00000000E+00    0.00000000E+00
    0.14444457E+02    0.00000000E+00    0.00000000E+00
    0.15462359E+02    0.00000000E+00    0.00000000E+00
    0.16521061E+02    0.00000000E+00    0.00000000E+00
    0.17631598E+02    0.00000000E+00    0.00000000E+00
    0.18810705E+02    0.00000000E+00    0.00000000E+00
    0.20086272E+02    0.00000000E+00    0.00000000E+00
    0.21512461E+02    0.00000000E+00    0.00000000E+00
    0.23231274E+02    0.00000000E+00    0.00000000E+00
    0.14434821E+01    0.00000000E+00    0.00000000E+00
    0.15013125E+01    0.00000000E+00    0.00000000E+00
    0.19019471E+01    0.00000000E+00    0.00000000E+00
    0.25199370E+01    0.00000000E+00    0.00000000E+00
    0.32347518E+01    0.00000000E+00    0.00000000E+00
    0.39969760E+01    0.00000000E+00    0.00000000E+00
    0.47865521E+01    0.00000000E+00    0.00000000E+00
    0.55947327E+01    0.00000000E+00    0.00000000E+00
    0.64175827E+01    0.00000000E+00    0.00000000E+00
    0.72534793E+01    0.00000000E+00    0.00000000E+00
    0.81020606E+01    0.00000000E+00    0.00000000E+00
    0.89637538E+01    0.00000000E+00    0.00000000E+00
    0.98395636E+01    0.00000000E+00    0.00000000E+00
    0.10730995E+02    0.00000000E+00    0.00000000E+00
    0.11640060E+02    0.00000000E+00    0.00000000E+00
    0.12569345E+02    0.00000000E+00    0.00000000E+00
    0.13522163E+02    0.00000000E+00    0.00000000E+00
    0.14502788E+02    0.00000000E+00    0.00000000E+00
    0.15516864E+02    0.00000000E+00    0.00000000E+00
    0.16572084E+02    0.00000000E+00    0.00000000E+00
    0.17679417E+02    0.00000000E+00    0.00000000E+00
    0.18855533E+02    0.00000000E+00    0.00000000E+00
    0.20128260E+02    0.00000000E+00    0.00000000E+00
    0.21551670E+02    0.00000000E+00    0.00000000E+00
    0.23267587E+02    0.00000000E+00    0.00000000E+00
    0.22646763E+01    0.00000000E+00    0.00000000E+00
    0.23019682E+01    0.00000000E+00    0.00000000E+00
    0.25811860E+01    0.00000000E+00    0.00000000E+00
    0.30651592E+01    0.00000000E+00    0.00000000E+00
    0.36754234E+01    0.00000000E+00    0.00000000E+00
    0.43612997E+01    0.00000000E+00    0.00000000E+00
    0.50947227E+01    0.00000000E+00    0.00000000E+00
    0.58605591E+01    0.00000000E+00    0.00000000E+00
    0.66506004E+01    0.00000000E+00    0.00000000E+00
    0.74604343E+01    0.00000000E+00    0.00000000E+00
    0.82878528E+01    0.00000000E+00    0.00000000E+00
    0.91320315E+01    0.00000000E+00    0.00000000E+00
    0.99931041E+01    0.00000000E+00    0.00000000E+00
    0.10871954E+02    0.00000000E+00    0.00000000E+00
    0.11770136E+02    0.00000000E+00    0.00000000E+00
    0.12689900E+02    0.00000000E+00    0.00000000E+00
    0.13634295E+02    0.00000000E+00    0.00000000E+00
    0.14607395E+02    0.00000000E+00    0.00000000E+00
    0.15614679E+02    0.00000000E+00    0.00000000E+00
    0.16663706E+02    0.00000000E+00    0.00000000E+00
    0.17765328E+02    0.00000000E+00    0.00000000E+00
    0.18936110E+02    0.00000000E+00    0.00000000E+00
    0.20203761E+02    0.00000000E+00    0.00000000E+00
    0.21622202E+02    0.00000000E+00    0.00000000E+00
    0.23332932E+02    0.00000000E+00    0.00000000E+00
    0.30893190E+01    0.00000000E+00    0.00000000E+00
    0.31167597E+01    0.00000000E+00    0.00000000E+00
    0.33283110E+01    0.00000000E+00    0.00000000E+00
    0.37162258E+01    0.00000000E+00    0.00000000E+00
    0.42336592E+01    0.00000000E+00    0.00000000E+00
    0.48410813E+01    0.00000000E+00    0.00000000E+00
    0.55110192E+01    0.00000000E+00    0.00000000E+00
    0.62258562E+01    0.00000000E+00    0.00000000E+00
    0.69746411E+01    0.00000000E+00    0.00000000E+00
    0.77506911E+01    0.00000000E+00    0.00000000E+00
    0.85500665E+01    0.00000000E+00    0.00000000E+00
    0.93706527E+01    0.00000000E+00    0.00000000E+00
    0.10211624E+02    0.00000000E+00    0.00000000E+00
    0.11073144E+02    0.00000000E+00    0.00000000E+00
    0.11956222E+02    0.00000000E+00    0.00000000E+00
    0.12862686E+02    0.00000000E+00    0.00000000E+00
    0.13795258E+02    0.00000000E+00    0.00000000E+00
    0.14757748E+02    0.00000000E+00    0.00000000E+00
    0.15755422E+02    0.00000000E+00    0.00000000E+00
    0.16795661E+02    0.00000000E+00    0.00000000E+00
    0.17889160E+02    0.00000000E+00    0.00000000E+00
    0.19052333E+02    0.00000000E+00    0.00000000E+00
    0.20312732E+02    0.00000000E+00    0.00000000E+00
    0.21724059E+02    0.00000000E+00    0.00000000E+00
    0.23427353E+02    0.00000000E+00    0.00000000E+00
    0.39176428E+01    0.00000000E+00    0.00000000E+00
    0.39393177E+01    0.00000000E+00    0.00000000E+00
    0.41087330E+01    0.00000000E+00    0.00000000E+00
    0.44288110E+01    0.00000000E+00    0.00000000E+00
    0.48711296E+01    0.00000000E+00    0.00000000E+00
    0.54074117E+01    0.00000000E+00    0.00000000E+00
    0.60145960E+01    0.00000000E+00    0.00000000E+00
    0.66757261E+01    0.00000000E+00    0.00000000E+00
    0.73790007E+01    0.00000000E+00    0.00000000E+00
    0.81164799E+01    0.00000000E+00    0.00000000E+00
    0.88829990E+01    0.00000000E+00    0.00000000E+00
    0.96753897E+01    0.00000000E+00    0.00000000E+00
    0.10491963E+02    0.00000000E+00    0.00000000E+00
    0.11332191E+02    0.00000000E+00    0.00000000E+00
    0.12196527E+02    0.00000000E+00    0.00000000E+00
    0.13086357E+02    0.00000000E+00    0.00000000E+00
    0.14004041E+02    0.00000000E+00    0.00000000E+00
    0.14953098E+02    0.00000000E+00    0.00000000E+00
    0.15938550E+02    0.00000000E+00    0.00000000E+00
    0.16967565E+02    0.00000000E+00    0.00000000E+00
    0.18050653E+02    0.00000000E+00    0.00000000E+00
    0.19204047E+02    0.00000000E+00    0.00000000E+00
    0.20455100E+02    0.00000000E+00    0.00000000E+00
    0.21857236E+02    0.00000000E+00    0.00000000E+00
    0.23550900E+02    0.00000000E+00    0.00000000E+00
    0.47503884E+01    0.00000000E+00    0.00000000E+00
    0.47682794E+01    0.00000000E+00    0.00000000E+00
    0.49091702E+01    0.00000000E+00    0.00000000E+00
    0.51800224E+01    0.00000000E+00    0.00000000E+00
    0.55629280E+01    0.00000000E+00    0.00000000E+00
    0.60380764E+01    0.00000000E+00    0.00000000E+00
    0.65873841E+01    0.00000000E+00    0.00000000E+00
    0.71960811E+01    0.00000000E+00    0.00000000E+00
    0.78528922E+01    0.00000000E+00    0.00000000E+00
    0.85495912E+01    0.00000000E+00    0.00000000E+00
    0.92804060E+01    0.00000000E+00    0.00000000E+00
    0.10041485E+02    0.00000000E+00    0.00000000E+00
    0.10830492E+02    0.00000000E+00    0.00000000E+00
    0.11646322E+02    0.00000000E+00    0.00000000E+00
    0.12488937E+02    0.00000000E+00    0.00000000E+00
    0.13359304E+02    0.00000000E+00    0.00000000E+00
    0.14259433E+02    0.00000000E+00    0.00000000E+00
    0.15192545E+02    0.00000000E+00    0.00000000E+00
    0.16163404E+02    0.00000000E+00    0.00000000E+00
    0.17178956E+02    0.00000000E+00    0.00000000E+00
    0.18249502E+02    0.00000000E+00    0.00000000E+00
    0.19391072E+02    0.00000000E+00    0.00000000E+00
    0.20630787E+02    0.00000000E+00    0.00000000E+00
    0.22021740E+02    0.00000000E+00    0.00000000E+00
    0.23703653E+02    0.00000000E+00    0.00000000E+00
    0.55884839E+01    0.00000000E+00    0.00000000E+00
    0.56036997E+01    0.00000000E+00    0.00000000E+00
    0.57240645E+01    0.00000000E+00    0.00000000E+00
    0.59579857E+01    0.00000000E+00    0.00000000E+00
    0.62937374E+01    0.00000000E+00    0.00000000E+00
    0.67173900E+01    0.00000000E+00    0.00000000E+00
    0.72151640E+01    0.00000000E+00    0.00000000E+00
    0.77748663E+01    0.00000000E+00    0.00000000E+00
    0.83864700E+01    0.00000000E+00    0.00000000E+00
    0.90421498E+01    0.00000000E+00    0.00000000E+00
    0.97360617E+01    0.00000000E+00    0.00000000E+00
    0.10464052E+02    0.00000000E+00    0.00000000E+00
    0.11223392E+02    0.00000000E+00    0.00000000E+00
    0.12012567E+02    0.00000000E+00    0.00000000E+00
    0.12831154E+02    0.00000000E+00    0.00000000E+00
    0.13679765E+02    0.00000000E+00    0.00000000E+00
    0.14560096E+02    0.00000000E+00    0.00000000E+00
    0.15475089E+02    0.00000000E+00    0.00000000E+00
    0.16429260E+02    0.00000000E+00    0.00000000E+00
    0.17429328E+02    0.00000000E+00    0.00000000E+00
    0.18485380E+02    0.00000000E+00    0.00000000E+00
    0.19613226E+02    0.00000000E+00    0.00000000E+00
    0.20839730E+02    0.00000000E+00    0.00000000E+00
    0.22217606E+02    0.00000000E+00    0.00000000E+00
    0.23885730E+02    0.00000000E+00    0.00000000E+00
    0.64329837E+01    0.00000000E+00    0.00000000E+00
    0.64462065E+01    0.00000000E+00    0.00000000E+00
    0.65511100E+01    0.00000000E+00    0.00000000E+00
    0.67564578E+01    0.00000000E+00    0.00000000E+00
    0.70543078E+01    0.00000000E+00    0.00000000E+00
    0.74347465E+01    0.00000000E+00    0.00000000E+00
    0.78873772E+01    0.00000000E+00    0.00000000E+00
    0.84024207E+01    0.00000000E+00    0.00000000E+00
    0.89713436E+01    0.00000000E+00    0.00000000E+00
    0.95871059E+01    0.00000000E+00    0.00000000E+00
    0.10244170E+02    0.00000000E+00    0.00000000E+00
    0.10938397E+02    0.00000000E+00    0.00000000E+00
    0.11666904E+02    0.00000000E+00    0.00000000E+00
    0.12427948E+02    0.00000000E+00    0.00000000E+00
    0.13220841E+02    0.00000000E+00    0.00000000E+00
    0.14045928E+02    0.00000000E+00    0.00000000E+00
    0.14904648E+02    0.00000000E+00    0.00000000E+00
    0.15799699E+02    0.00000000E+00    0.00000000E+00
    0.16735373E+02    0.00000000E+00    0.00000000E+00
    0.17718172E+02    0.00000000E+00    0.00000000E+00
    0.18757969E+02    0.00000000E+00    0.00000000E+00
    0.19870349E+02    0.00000000E+00    0.00000000E+00
    0.21081899E+02    0.00000000E+00    0.00000000E+00
    0.22444913E+02    0.00000000E+00    0.00000000E+00
    0.24097308E+02    0.00000000E+00    0.00000000E+00
    0.72850658E+01    0.00000000E+00    0.00000000E+00
    0.72967447E+01    0.00000000E+00    0.00000000E+00
    0.73895837E+01    0.00000000E+00    0.00000000E+00
    0.75722273E+01    0.00000000E+00    0.00000000E+00
    0.78391430E+01    0.00000000E+00    0.00000000E+00
    0.81831755E+01    0.00000000E+00    0.00000000E+00
    0.85964891E+01    0.00000000E+00    0.00000000E+00
    0.90713603E+01    0.00000000E+00    0.00000000E+00
    0.96007245E+01    0.00000000E+00    0.00000000E+00
    0.10178482E+02    0.00000000E+00    0.00000000E+00
    0.10799626E+02    0.00000000E+00    0.00000000E+00
    0.11460254E+02    0.00000000E+00    0.00000000E+00
    0.12157531E+02    0.00000000E+00    0.00000000E+00
    0.12889639E+02    0.00000000E+00    0.00000000E+00
    0.13655751E+02    0.00000000E+00    0.00000000E+00
    0.14456036E+02    0.00000000E+00    0.00000000E+00
    0.15291744E+02    0.00000000E+00    0.00000000E+00
    0.16165377E+02    0.00000000E+00    0.00000000E+00
    0.17081031E+02    0.00000000E+00    0.00000000E+00
    0.18045014E+02    0.00000000E+00    0.00000000E+00
    0.19066996E+02    0.00000000E+00    0.00000000E+00
    0.20162333E+02    0.00000000E+00    0.00000000E+00
    0.21357326E+02    0.00000000E+00    0.00000000E+00
    0.22703811E+02    0.00000000E+00    0.00000000E+00
    0.24338635E+02    0.00000000E+00    0.00000000E+00
    0.81460501E+01    0.00000000E+00    0.00000000E+00
    0.81564962E+01    0.00000000E+00    0.00000000E+00
    0.82396538E+01    0.00000000E+00    0.00000000E+00
    0.84038428E+01    0.00000000E+00    0.00000000E+00
    0.86451206E+01    0.00000000E+00    0.00000000E+00
    0.89582536E+01    0.00000000E+00    0.00000000E+00
    0.93373215E+01    0.00000000E+00    0.00000000E+00
    0.97762736E+01    0.00000000E+00    0.00000000E+00
    0.10269365E+02    0.00000000E+00    0.00000000E+00
    0.10811450E+02    0.00000000E+00    0.00000000E+00
    0.11398152E+02    0.00000000E+00    0.00000000E+00
    0.12025946E+02    0.00000000E+00    0.00000000E+00
    0.12692183E+02    0.00000000E+00    0.00000000E+00
    0.13395102E+02    0.00000000E+00    0.00000000E+00
    0.14133842E+02    0.00000000E+00    0.00000000E+00
    0.14908485E+02    0.00000000E+00    0.00000000E+00
    0.15720158E+02    0.00000000E+00    0.00000000E+00
    0.16571221E+02    0.00000000E+00    0.00000000E+00
    0.17465611E+02    0.00000000E+00    0.00000000E+00
    0.18409467E+02    0.00000000E+00    0.00000000E+00
    0.19412271E+02    0.00000000E+00    0.00000000E+00
    0.20489159E+02    0.00000000E+00    0.00000000E+00
    0.21666133E+02    0.00000000E+00    0.00000000E+00
    0.22994542E+02    0.00000000E+00    0.00000000E+00
    0.24610061E+02    0.00000000E+00    0.00000000E+00
    0.90174295E+01    0.00000000E+00    0.00000000E+00
    0.90268673E+01    0.00000000E+00    0.00000000E+00
    0.91020765E+01    0.00000000E+00    0.00000000E+00
    0.92509717E+01    0.00000000E+00    0.00000000E+00
    0.94706923E+01    0.00000000E+00    0.00000000E+00
    0.97573670E+01    0.00000000E+00    0.00000000E+00
    0.10106507E+02    0.00000000E+00    0.00000000E+00
    0.10513393E+02    0.00000000E+00    0.00000000E+00
    0.10973412E+02    0.00000000E+00    0.00000000E+00
    0.11482306E+02    0.00000000E+00    0.00000000E+00
    0.12036352E+02    0.00000000E+00    0.00000000E+00
    0.12632469E+02    0.00000000E+00    0.00000000E+00
    0.13268286E+02    0.00000000E+00    0.00000000E+00
    0.13942190E+02    0.00000000E+00    0.00000000E+00
    0.14653375E+02    0.00000000E+00    0.00000000E+00
    0.15401910E+02    0.00000000E+00    0.00000000E+00
    0.16188863E+02    0.00000000E+00    0.00000000E+00
    0.17016500E+02    0.00000000E+00    0.00000000E+00
    0.17888641E+02    0.00000000E+00    0.00000000E+00
    0.18811283E+02    0.00000000E+00    0.00000000E+00
    0.19793741E+02    0.00000000E+00    0.00000000E+00
    0.20850936E+02    0.00000000E+00    0.00000000E+00
    0.22008572E+02    0.00000000E+00    0.00000000E+00
    0.23317480E+02    0.00000000E+00    0.00000000E+00
    0.24912065E+02    0.00000000E+00    0.00000000E+00
    0.99009152E+01    0.00000000E+00    0.00000000E+00
    0.99095117E+01    0.00000000E+00    0.00000000E+00
    0.99780702E+01    0.00000000E+00    0.00000000E+00
    0.10114078E+02    0.00000000E+00    0.00000000E+00
    0.10315430E+02    0.00000000E+00    0.00000000E+00
    0.10579239E+02    0.00000000E+00    0.00000000E+00
    0.10902090E+02    0.00000000E+00    0.00000000E+00
    0.11280315E+02    0.00000000E+00    0.00000000E+00
    0.11710245E+02    0.00000000E+00    0.00000000E+00
    0.12188414E+02    0.00000000E+00    0.00000000E+00
    0.12711722E+02    0.00000000E+00    0.00000000E+00
    0.13277551E+02    0.00000000E+00    0.00000000E+00
    0.13883857E+02    0.00000000E+00    0.00000000E+00
    0.14529238E+02    0.00000000E+00    0.00000000E+00
    0.15213003E+02    0.00000000E+00    0.00000000E+00
    0.15935273E+02    0.00000000E+00    0.00000000E+00
    0.16697107E+02    0.00000000E+00    0.00000000E+00
    0.17500724E+02    0.00000000E+00    0.00000000E+00
    0.18349866E+02    0.00000000E+00    0.00000000E+00
    0.19250414E+02    0.00000000E+00    0.00000000E+00
    0.20211538E+02    0.00000000E+00    0.00000000E+00
    0.21247956E+02    0.00000000E+00    0.00000000E+00
    0.22385069E+02    0.00000000E+00    0.00000000E+00
    0.23673170E+02    0.00000000E+00    0.00000000E+00
    0.25245298E+02    0.00000000E+00    0.00000000E+00
    0.10798498E+02    0.00000000E+00    0.00000000E+00
    0.10806380E+02    0.00000000E+00    0.00000000E+00
    0.10869283E+02    0.00000000E+00    0.00000000E+00
    0.10994271E+02    0.00000000E+00    0.00000000E+00
    0.11179782E+02    0.00000000E+00    0.00000000E+00
    0.11423648E+02    0.00000000E+00    0.00000000E+00
    0.11723267E+02    0.00000000E+00    0.00000000E+00
    0.12075800E+02    0.00000000E+00    0.00000000E+00
    0.12478352E+02    0.00000000E+00    0.00000000E+00
    0.12928143E+02    0.00000000E+00    0.00000000E+00
    0.13422641E+02    0.00000000E+00    0.00000000E+00
    0.13959684E+02    0.00000000E+00    0.00000000E+00
    0.14537569E+02    0.00000000E+00    0.00000000E+00
    0.15155137E+02    0.00000000E+00    0.00000000E+00
    0.15811859E+02    0.00000000E+00    0.00000000E+00
    0.16507948E+02    0.00000000E+00    0.00000000E+00
    0.17244500E+02    0.00000000E+00    0.00000000E+00
    0.18023728E+02    0.00000000E+00    0.00000000E+00
    0.18849323E+02    0.00000000E+00    0.00000000E+00
    0.19727085E+02    0.00000000E+00    0.00000000E+00
    0.20666051E+02    0.00000000E+00    0.00000000E+00
    0.21680753E+02    0.00000000E+00    0.00000000E+00
    0.22796288E+02    0.00000000E+00    0.00000000E+00
    0.24062385E+02    0.00000000E+00    0.00000000E+00
    0.25610633E+02    0.00000000E+00    0.00000000E+00
    0.11712530E+02    0.00000000E+00    0.00000000E+00
    0.11719798E+02    0.00000000E+00    0.00000000E+00
    0.11777824E+02    0.00000000E+00    0.00000000E+00
    0.11893267E+02    0.00000000E+00    0.00000000E+00
    0.12064964E+02    0.00000000E+00    0.00000000E+00
    0.12291279E+02    0.00000000E+00    0.00000000E+00
    0.12570235E+02    0.00000000E+00    0.00000000E+00
    0.12899642E+02    0.00000000E+00    0.00000000E+00
    0.13277240E+02    0.00000000E+00    0.00000000E+00
    0.13700828E+02    0.00000000E+00    0.00000000E+00
    0.14168384E+02    0.00000000E+00    0.00000000E+00
    0.14678168E+02    0.00000000E+00    0.00000000E+00
    0.15228813E+02    0.00000000E+00    0.00000000E+00
    0.15819418E+02    0.00000000E+00    0.00000000E+00
    0.16449642E+02    0.00000000E+00    0.00000000E+00
    0.17119818E+02    0.00000000E+00    0.00000000E+00
    0.17831114E+02    0.00000000E+00    0.00000000E+00
    0.18585763E+02    0.00000000E+00    0.00000000E+00
    0.19387440E+02    0.00000000E+00    0.00000000E+00
    0.20241880E+02    0.00000000E+00    0.00000000E+00
    0.21158013E+02    0.00000000E+00    0.00000000E+00
    0.22150189E+02    0.00000000E+00    0.00000000E+00
    0.23243205E+02    0.00000000E+00    0.00000000E+00
    0.24486205E+02    0.00000000E+00    0.00000000E+00
    0.26009235E+02    0.00000000E+00    0.00000000E+00
    0.12645852E+02    0.00000000E+00    0.00000000E+00
    0.12652583E+02    0.00000000E+00    0.00000000E+00
    0.12706350E+02    0.00000000E+00    0.00000000E+00
    0.12813431E+02    0.00000000E+00    0.00000000E+00
    0.12972954E+02    0.00000000E+00    0.00000000E+00
    0.13183692E+02    0.00000000E+00    0.00000000E+00
    0.13444144E+02    0.00000000E+00    0.00000000E+00
    0.13752635E+02    0.00000000E+00    0.00000000E+00
    0.14107420E+02    0.00000000E+00    0.00000000E+00
    0.14506788E+02    0.00000000E+00    0.00000000E+00
    0.14949158E+02    0.00000000E+00    0.00000000E+00
    0.15433172E+02    0.00000000E+00    0.00000000E+00
    0.15957786E+02    0.00000000E+00    0.00000000E+00
    0.16522354E+02    0.00000000E+00    0.00000000E+00
    0.17126731E+02    0.00000000E+00    0.00000000E+00
    0.17771392E+02    0.00000000E+00    0.00000000E+00
    0.18457595E+02    0.00000000E+00    0.00000000E+00
    0.19187621E+02    0.00000000E+00    0.00000000E+00
    0.19965145E+02    0.00000000E+00    0.00000000E+00
    0.20795862E+02    0.00000000E+00    0.00000000E+00
    0.21688608E+02    0.00000000E+00    0.00000000E+00
    0.22657561E+02    0.00000000E+00    0.00000000E+00
    0.23727216E+02    0.00000000E+00    0.00000000E+00
    0.24946110E+02    0.00000000E+00    0.00000000E+00
    0.26442665E+02    0.00000000E+00    0.00000000E+00
    0.13601956E+02    0.00000000E+00    0.00000000E+00
    0.13608215E+02    0.00000000E+00    0.00000000E+00
    0.13658220E+02    0.00000000E+00    0.00000000E+00
    0.13757894E+02    0.00000000E+00    0.00000000E+00
    0.13906588E+02    0.00000000E+00    0.00000000E+00
    0.14103382E+02    0.00000000E+00    0.00000000E+00
    0.14347148E+02    0.00000000E+00    0.00000000E+00
    0.14636619E+02    0.00000000E+00    0.00000000E+00
    0.14970469E+02    0.00000000E+00    0.00000000E+00
    0.15347395E+02    0.00000000E+00    0.00000000E+00
    0.15766197E+02    0.00000000E+00    0.00000000E+00
    0.16225858E+02    0.00000000E+00    0.00000000E+00
    0.16725627E+02    0.00000000E+00    0.00000000E+00
    0.17265105E+02    0.00000000E+00    0.00000000E+00
    0.17844343E+02    0.00000000E+00    0.00000000E+00
    0.18463966E+02    0.00000000E+00    0.00000000E+00
    0.19125336E+02    0.00000000E+00    0.00000000E+00
    0.19830795E+02    0.00000000E+00    0.00000000E+00
    0.20584039E+02    0.00000000E+00    0.00000000E+00
    0.21390735E+02    0.00000000E+00    0.00000000E+00
    0.22259635E+02    0.00000000E+00    0.00000000E+00
    0.23204756E+02    0.00000000E+00    0.00000000E+00
    0.24250287E+02    0.00000000E+00    0.00000000E+00
    0.25444136E+02    0.00000000E+00    0.00000000E+00
    0.26913011E+02    0.00000000E+00    0.00000000E+00
    0.14585260E+02    0.00000000E+00    0.00000000E+00
    0.14591097E+02    0.00000000E+00    0.00000000E+00
    0.14637745E+02    0.00000000E+00    0.00000000E+00
    0.14730793E+02    0.00000000E+00    0.00000000E+00
    0.14869761E+02    0.00000000E+00    0.00000000E+00
    0.15053969E+02    0.00000000E+00    0.00000000E+00
    0.15282580E+02    0.00000000E+00    0.00000000E+00
    0.15554652E+02    0.00000000E+00    0.00000000E+00
    0.15869201E+02    0.00000000E+00    0.00000000E+00
    0.16225262E+02    0.00000000E+00    0.00000000E+00
    0.16621960E+02    0.00000000E+00    0.00000000E+00
    0.17058577E+02    0.00000000E+00    0.00000000E+00
    0.17534628E+02    0.00000000E+00    0.00000000E+00
    0.18049943E+02    0.00000000E+00    0.00000000E+00
    0.18604762E+02    0.00000000E+00    0.00000000E+00
    0.19199860E+02    0.00000000E+00    0.00000000E+00
    0.19836710E+02    0.00000000E+00    0.00000000E+00
    0.20517725E+02    0.00000000E+00    0.00000000E+00
    0.21246629E+02    0.00000000E+00    0.00000000E+00
    0.22029075E+02    0.00000000E+00    0.00000000E+00
    0.22873739E+02    0.00000000E+00    0.00000000E+00
    0.23794481E+02    0.00000000E+00    0.00000000E+00
    0.24815177E+02    0.00000000E+00    0.00000000E+00
    0.25983084E+02    0.00000000E+00    0.00000000E+00
    0.27423106E+02    0.00000000E+00    0.00000000E+00
    0.15601512E+02    0.00000000E+00    0.00000000E+00
    0.15606969E+02    0.00000000E+00    0.00000000E+00
    0.15650589E+02    0.00000000E+00    0.00000000E+00
    0.15737650E+02    0.00000000E+00    0.00000000E+00
    0.15867803E+02    0.00000000E+00    0.00000000E+00
    0.16040554E+02    0.00000000E+00    0.00000000E+00
    0.16255295E+02    0.00000000E+00    0.00000000E+00
    0.16511347E+02    0.00000000E+00    0.00000000E+00
    0.16808001E+02    0.00000000E+00    0.00000000E+00
    0.17144577E+02    0.00000000E+00    0.00000000E+00
    0.17520472E+02    0.00000000E+00    0.00000000E+00
    0.17935229E+02    0.00000000E+00    0.00000000E+00
    0.18388599E+02    0.00000000E+00    0.00000000E+00
    0.18880620E+02    0.00000000E+00    0.00000000E+00
    0.19411711E+02    0.00000000E+00    0.00000000E+00
    0.19982792E+02    0.00000000E+00    0.00000000E+00
    0.20595447E+02    0.00000000E+00    0.00000000E+00
    0.21252162E+02    0.00000000E+00    0.00000000E+00
    0.21956699E+02    0.00000000E+00    0.00000000E+00
    0.22714698E+02    0.00000000E+00    0.00000000E+00
    0.23534768E+02    0.00000000E+00    0.00000000E+00
    0.24430610E+02    0.00000000E+00    0.00000000E+00
    0.25425782E+02    0.00000000E+00    0.00000000E+00
    0.26566860E+02    0.00000000E+00    0.00000000E+00
    0.27976850E+02    0.00000000E+00    0.00000000E+00
    0.16658487E+02    0.00000000E+00    0.00000000E+00
    0.16663598E+02    0.00000000E+00    0.00000000E+00
    0.16704459E+02    0.00000000E+00    0.00000000E+00
    0.16786055E+02    0.00000000E+00    0.00000000E+00
    0.16908139E+02    0.00000000E+00    0.00000000E+00
    0.17070365E+02    0.00000000E+00    0.00000000E+00
    0.17272308E+02    0.00000000E+00    0.00000000E+00
    0.17513497E+02    0.00000000E+00    0.00000000E+00
    0.17793452E+02    0.00000000E+00    0.00000000E+00
    0.18111723E+02    0.00000000E+00    0.00000000E+00
    0.18467944E+02    0.00000000E+00    0.00000000E+00
    0.18861878E+02    0.00000000E+00    0.00000000E+00
    0.19293485E+02    0.00000000E+00    0.00000000E+00
    0.19762991E+02    0.00000000E+00    0.00000000E+00
    0.20270978E+02    0.00000000E+00    0.00000000E+00
    0.20818501E+02    0.00000000E+00    0.00000000E+00
    0.21407252E+02    0.00000000E+00    0.00000000E+00
    0.22039792E+02    0.00000000E+00    0.00000000E+00
    0.22719917E+02    0.00000000E+00    0.00000000E+00
    0.23453263E+02    0.00000000E+00    0.00000000E+00
    0.24248368E+02    0.00000000E+00    0.00000000E+00
    0.25118772E+02    0.00000000E+00    0.00000000E+00
    0.26087706E+02    0.00000000E+00    0.00000000E+00
    0.27201030E+02    0.00000000E+00    0.00000000E+00
    0.28579751E+02    0.00000000E+00    0.00000000E+00
    0.17767218E+02    0.00000000E+00    0.00000000E+00
    0.17772010E+02    0.00000000E+00    0.00000000E+00
    0.17810329E+02    0.00000000E+00    0.00000000E+00
    0.17886880E+02    0.00000000E+00    0.00000000E+00
    0.18001501E+02    0.00000000E+00    0.00000000E+00
    0.18153959E+02    0.00000000E+00    0.00000000E+00
    0.18343977E+02    0.00000000E+00    0.00000000E+00
    0.18571253E+02    0.00000000E+00    0.00000000E+00
    0.18835492E+02    0.00000000E+00    0.00000000E+00
    0.19136441E+02    0.00000000E+00    0.00000000E+00
    0.19473926E+02    0.00000000E+00    0.00000000E+00
    0.19847904E+02    0.00000000E+00    0.00000000E+00
    0.20258515E+02    0.00000000E+00    0.00000000E+00
    0.20706150E+02    0.00000000E+00    0.00000000E+00
    0.21191541E+02    0.00000000E+00    0.00000000E+00
    0.21715866E+02    0.00000000E+00    0.00000000E+00
    0.22280918E+02    0.00000000E+00    0.00000000E+00
    0.22889326E+02    0.00000000E+00    0.00000000E+00
    0.23544925E+02    0.00000000E+00    0.00000000E+00
    0.24253337E+02    0.00000000E+00    0.00000000E+00
    0.25023033E+02    0.00000000E+00    0.00000000E+00
    0.25867384E+02    0.00000000E+00    0.00000000E+00
    0.26809275E+02    0.00000000E+00    0.00000000E+00
    0.27893815E+02    0.00000000E+00    0.00000000E+00
    0.29239887E+02    0.00000000E+00    0.00000000E+00
    0.18944424E+02    0.00000000E+00    0.00000000E+00
    0.18948918E+02    0.00000000E+00    0.00000000E+00
    0.18984862E+02    0.00000000E+00    0.00000000E+00
    0.19056696E+02    0.00000000E+00    0.00000000E+00
    0.19164321E+02    0.00000000E+00    0.00000000E+00
    0.19307599E+02    0.00000000E+00    0.00000000E+00
    0.19486371E+02    0.00000000E+00    0.00000000E+00
    0.19700472E+02    0.00000000E+00    0.00000000E+00
    0.19949760E+02    0.00000000E+00    0.00000000E+00
    0.20234143E+02    0.00000000E+00    0.00000000E+00
    0.20553612E+02    0.00000000E+00    0.00000000E+00
    0.20908287E+02    0.00000000E+00    0.00000000E+00
    0.21298464E+02    0.00000000E+00    0.00000000E+00
    0.21724683E+02    0.00000000E+00    0.00000000E+00
    0.22187802E+02    0.00000000E+00    0.00000000E+00
    0.22689117E+02    0.00000000E+00    0.00000000E+00
    0.23230507E+02    0.00000000E+00    0.00000000E+00
    0.23814668E+02    0.00000000E+00    0.00000000E+00
    0.24445463E+02    0.00000000E+00    0.00000000E+00
    0.25128501E+02    0.00000000E+00    0.00000000E+00
    0.25872173E+02    0.00000000E+00    0.00000000E+00
    0.26689674E+02    0.00000000E+00    0.00000000E+00
    0.27603522E+02    0.00000000E+00    0.00000000E+00
    0.28658019E+02    0.00000000E+00    0.00000000E+00
    0.29969788E+02    0.00000000E+00    0.00000000E+00
    0.20217966E+02    0.00000000E+00    0.00000000E+00
    0.20222177E+02    0.00000000E+00    0.00000000E+00
    0.20255861E+02    0.00000000E+00    0.00000000E+00
    0.20323203E+02    0.00000000E+00    0.00000000E+00
    0.20424155E+02    0.00000000E+00    0.00000000E+00
    0.20558656E+02    0.00000000E+00    0.00000000E+00
    0.20726639E+02    0.00000000E+00    0.00000000E+00
    0.20928056E+02    0.00000000E+00    0.00000000E+00
    0.21162889E+02    0.00000000E+00    0.00000000E+00
    0.21431180E+02    0.00000000E+00    0.00000000E+00
    0.21733060E+02    0.00000000E+00    0.00000000E+00
    0.22068788E+02    0.00000000E+00    0.00000000E+00
    0.22438795E+02    0.00000000E+00    0.00000000E+00
    0.22843747E+02    0.00000000E+00    0.00000000E+00
    0.23284619E+02    0.00000000E+00    0.00000000E+00
    0.23762806E+02    0.00000000E+00    0.00000000E+00
    0.24280268E+02    0.00000000E+00    0.00000000E+00
    0.24839754E+02    0.00000000E+00    0.00000000E+00
    0.25445149E+02    0.00000000E+00    0.00000000E+00
    0.26102040E+02    0.00000000E+00    0.00000000E+00
    0.26818730E+02    0.00000000E+00    0.00000000E+00
    0.27608217E+02    0.00000000E+00    0.00000000E+00
    0.28492619E+02    0.00000000E+00    0.00000000E+00
    0.29515369E+02    0.00000000E+00    0.00000000E+00
    0.30790633E+02    0.00000000E+00    0.00000000E+00
    0.21641937E+02    0.00000000E+00    0.00000000E+00
    0.21645871E+02    0.00000000E+00    0.00000000E+00
    0.21677343E+02    0.00000000E+00    0.00000000E+00
    0.21740283E+02    0.00000000E+00    0.00000000E+00
    0.21834684E+02    0.00000000E+00    0.00000000E+00
    0.21960547E+02    0.00000000E+00    0.00000000E+00
    0.22117886E+02    0.00000000E+00    0.00000000E+00
    0.22306744E+02    0.00000000E+00    0.00000000E+00
    0.22527210E+02    0.00000000E+00    0.00000000E+00
    0.22779437E+02    0.00000000E+00    0.00000000E+00
    0.23063677E+02    0.00000000E+00    0.00000000E+00
    0.23380306E+02    0.00000000E+00    0.00000000E+00
    0.23729872E+02    0.00000000E+00    0.00000000E+00
    0.24113151E+02    0.00000000E+00    0.00000000E+00
    0.24531221E+02    0.00000000E+00    0.00000000E+00
    0.24985561E+02    0.00000000E+00    0.00000000E+00
    0.25478200E+02    0.00000000E+00    0.00000000E+00
    0.26011933E+02    0.00000000E+00    0.00000000E+00
    0.26590654E+02    0.00000000E+00    0.00000000E+00
    0.27219915E+02    0.00000000E+00    0.00000000E+00
    0.27907913E+02    0.00000000E+00    0.00000000E+00
    0.28667420E+02    0.00000000E+00    0.00000000E+00
    0.29520106E+02    0.00000000E+00    0.00000000E+00
    0.30508430E+02    0.00000000E+00    0.00000000E+00
    0.31743825E+02    0.00000000E+00    0.00000000E+00
    0.23358153E+02    0.00000000E+00    0.00000000E+00
    0.23361798E+02    0.00000000E+00    0.00000000E+00
    0.23390961E+02    0.00000000E+00    0.00000000E+00
    0.23449302E+02    0.00000000E+00    0.00000000E+00
    0.23536850E+02    0.00000000E+00    0.00000000E+00
    0.23653657E+02    0.00000000E+00    0.00000000E+00
    0.23799806E+02    0.00000000E+00    0.00000000E+00
    0.23975419E+02    0.00000000E+00    0.00000000E+00
    0.24180675E+02    0.00000000E+00    0.00000000E+00
    0.24415828E+02    0.00000000E+00    0.00000000E+00
    0.24681229E+02    0.00000000E+00    0.00000000E+00
    0.24977361E+02    0.00000000E+00    0.00000000E+00
    0.25304875E+02    0.00000000E+00    0.00000000E+00
    0.25664644E+02    0.00000000E+00    0.00000000E+00
    0.26057833E+02    0.00000000E+00    0.00000000E+00
    0.26485999E+02    0.00000000E+00    0.00000000E+00
    0.26951226E+02    0.00000000E+00    0.00000000E+00
    0.27456339E+02    0.00000000E+00    0.00000000E+00
    0.28005227E+02    0.00000000E+00    0.00000000E+00
    0.28603385E+02    0.00000000E+00    0.00000000E+00
    0.29258870E+02    0.00000000E+00    0.00000000E+00
    0.29984176E+02    0.00000000E+00    0.00000000E+00
    0.30800430E+02    0.00000000E+00    0.00000000E+00
    0.31748924E+02    0.00000000E+00    0.00000000E+00
    0.32937824E+02    0.00000000E+00    0.00000000E+00
