    0.25181294E-04   -0.18392065E-01    0.27365621E+01
    0.43115992E+00    0.84422898E-01    0.28239802E+01
    0.12939326E+01    0.24996806E+00    0.27948399E+01
    0.21580702E+01    0.40585394E+00    0.27386600E+01
    0.30245036E+01    0.54641182E+00    0.26594706E+01
    0.38941959E+01    0.66700419E+00    0.25628584E+01
    0.47681575E+01    0.76422393E+00    0.24554994E+01
    0.56474629E+01    0.83591245E+00    0.23446371E+01
    0.65332701E+01    0.88101136E+00    0.22375558E+01
    0.74268453E+01    0.90291223E+00    0.21392766E+01
    0.83295919E+01    0.91061743E+00    0.20499556E+01
    0.92430885E+01    0.90986392E+00    0.19686818E+01
    0.10169138E+02    0.90394705E+00    0.18944307E+01
    0.11109833E+02    0.89482844E+00    0.18262282E+01
    0.12067645E+02    0.88372226E+00    0.17632440E+01
    0.13045550E+02    0.87137099E+00    0.17046949E+01
    0.14047211E+02    0.85826365E+00    0.16499528E+01
    0.15077254E+02    0.84469718E+00    0.15984196E+01
    0.16141699E+02    0.83083626E+00    0.15495638E+01
    0.17248686E+02    0.81678012E+00    0.15028768E+01
    0.18409761E+02    0.80252230E+00    0.14578364E+01
    0.19642425E+02    0.78801798E+00    0.14138483E+01
    0.20975833E+02    0.77306586E+00    0.13701278E+01
    0.22466595E+02    0.75725697E+00    0.13253471E+01
    0.24263119E+02    0.73943622E+00    0.12763174E+01
    0.61175440E+00    0.11957950E+00    0.28202475E+01
    0.74842656E+00    0.14604910E+00    0.28165796E+01
    0.14312600E+01    0.27556435E+00    0.27876285E+01
    0.22431029E+01    0.42043191E+00    0.27318154E+01
    0.30857520E+01    0.55562313E+00    0.26531509E+01
    0.39419545E+01    0.67296049E+00    0.25571874E+01
    0.48072414E+01    0.76797728E+00    0.24505749E+01
    0.56805000E+01    0.83808266E+00    0.23405163E+01
    0.65618490E+01    0.88202384E+00    0.22342542E+01
    0.74519980E+01    0.90328890E+00    0.21366587E+01
    0.83520263E+01    0.91068281E+00    0.20478540E+01
    0.92633109E+01    0.90978127E+00    0.19669778E+01
    0.10187522E+02    0.90379298E+00    0.18930318E+01
    0.11126663E+02    0.89464641E+00    0.18250681E+01
    0.12083141E+02    0.88353289E+00    0.17622712E+01
    0.13059886E+02    0.87118544E+00    0.17038757E+01
    0.14060526E+02    0.85808885E+00    0.16492572E+01
    0.15089660E+02    0.84453372E+00    0.15978264E+01
    0.16153288E+02    0.83068638E+00    0.15490549E+01
    0.17259531E+02    0.81664455E+00    0.15024385E+01
    0.18419923E+02    0.80240013E+00    0.14574586E+01
    0.19651949E+02    0.78790835E+00    0.14135222E+01
    0.20984752E+02    0.77296830E+00    0.13698475E+01
    0.22474923E+02    0.75717136E+00    0.13251079E+01
    0.24270830E+02    0.73936252E+00    0.12761173E+01
    0.14048345E+01    0.27066106E+00    0.27890691E+01
    0.14695097E+01    0.28264643E+00    0.27854999E+01
    0.19099271E+01    0.36246138E+00    0.27573382E+01
    0.25750392E+01    0.47577988E+00    0.27030749E+01
    0.33348436E+01    0.59200020E+00    0.26266214E+01
    0.41398456E+01    0.69686357E+00    0.25334010E+01
    0.49708034E+01    0.78311096E+00    0.24299241E+01
    0.58195701E+01    0.84680519E+00    0.23232512E+01
    0.66826027E+01    0.88604263E+00    0.22204188E+01
    0.75585442E+01    0.90475203E+00    0.21256424E+01
    0.84472280E+01    0.91090852E+00    0.20390066E+01
    0.93492376E+01    0.90940418E+00    0.19597772E+01
    0.10265716E+02    0.90313279E+00    0.18871122E+01
    0.11198301E+02    0.89386889E+00    0.18201591E+01
    0.12149141E+02    0.88272356E+00    0.17581457E+01
    0.13120973E+02    0.87039383E+00    0.17003983E+01
    0.14117284E+02    0.85734303E+00    0.16463017E+01
    0.15142561E+02    0.84383671E+00    0.15953041E+01
    0.16202716E+02    0.83004838E+00    0.15468886E+01
    0.17305800E+02    0.81606661E+00    0.15005726E+01
    0.18463284E+02    0.80188057E+00    0.14558496E+01
    0.19692598E+02    0.78744011E+00    0.14121327E+01
    0.21022824E+02    0.77255213E+00    0.13686524E+01
    0.22510474E+02    0.75680613E+00    0.13240880E+01
    0.24303755E+02    0.73904809E+00    0.12752635E+01
    0.22040422E+01    0.41375498E+00    0.27349872E+01
    0.22458185E+01    0.42089485E+00    0.27315937E+01
    0.25557902E+01    0.47264049E+00    0.27048297E+01
    0.30846505E+01    0.55545841E+00    0.26532654E+01
    0.37423821E+01    0.64759490E+00    0.25806603E+01
    0.44746579E+01    0.73439791E+00    0.24922388E+01
    0.52529161E+01    0.80705323E+00    0.23942458E+01
    0.60623130E+01    0.86041675E+00    0.22934802E+01
    0.68950287E+01    0.89214038E+00    0.21965292E+01
    0.77469886E+01    0.90691595E+00    0.21065051E+01
    0.86162580E+01    0.91110259E+00    0.20235211E+01
    0.95022359E+01    0.90861920E+00    0.19471286E+01
    0.10405247E+02    0.90189021E+00    0.18766670E+01
    0.11326350E+02    0.89244260E+00    0.18114546E+01
    0.12267268E+02    0.88126190E+00    0.17508437E+01
    0.13230426E+02    0.86897249E+00    0.16942186E+01
    0.14219070E+02    0.85599798E+00    0.16410397E+01
    0.15237500E+02    0.84259161E+00    0.15907972E+01
    0.16291478E+02    0.82890854E+00    0.15430158E+01
    0.17388932E+02    0.81502971E+00    0.14972360E+01
    0.18541227E+02    0.80095015E+00    0.14529695E+01
    0.19765694E+02    0.78659861E+00    0.14096446E+01
    0.21091311E+02    0.77180502E+00    0.13665096E+01
    0.22574448E+02    0.75615002E+00    0.13222585E+01
    0.24363020E+02    0.73848326E+00    0.12737308E+01
    0.30066060E+01    0.54370169E+00    0.26612979E+01
    0.30373637E+01    0.54835431E+00    0.26581500E+01
    0.32732157E+01    0.58316405E+00    0.26332993E+01
    0.37009386E+01    0.64217058E+00    0.25854621E+01
    0.42646573E+01    0.71128646E+00    0.25181754E+01
    0.49198009E+01    0.77848800E+00    0.24363715E+01
    0.56369323E+01    0.83521310E+00    0.23459525E+01
    0.63979306E+01    0.87586337E+00    0.22533409E+01
    0.71918911E+01    0.89886370E+00    0.21641285E+01
    0.80123474E+01    0.90910783E+00    0.20802660E+01
    0.88556073E+01    0.91096610E+00    0.20021163E+01
    0.97197924E+01    0.90730897E+00    0.19295062E+01
    0.10604294E+02    0.90002178E+00    0.18620426E+01
    0.11509477E+02    0.89036163E+00    0.17992109E+01
    0.12436548E+02    0.87914461E+00    0.17405113E+01
    0.13387534E+02    0.86692395E+00    0.16854486E+01
    0.14365369E+02    0.85406667E+00    0.16335527E+01
    0.15374110E+02    0.84080671E+00    0.15843689E+01
    0.16419322E+02    0.82727158E+00    0.15374851E+01
    0.17508764E+02    0.81353795E+00    0.14924582E+01
    0.18653659E+02    0.79960499E+00    0.14488398E+01
    0.19871199E+02    0.78539129E+00    0.14060787E+01
    0.21190216E+02    0.77073070E+00    0.13634315E+01
    0.22666883E+02    0.75520502E+00    0.13196284E+01
    0.24448694E+02    0.73766929E+00    0.12715249E+01
    0.38127523E+01    0.65668060E+00    0.25724492E+01
    0.38370534E+01    0.65978249E+00    0.25695954E+01
    0.40263311E+01    0.68330567E+00    0.25471020E+01
    0.43811354E+01    0.72428608E+00    0.25038331E+01
    0.48666931E+01    0.77358309E+00    0.24430757E+01
    0.54499396E+01    0.82214611E+00    0.23694034E+01
    0.61051131E+01    0.86260816E+00    0.22882925E+01
    0.68140236E+01    0.88995264E+00    0.22055739E+01
    0.75644364E+01    0.90482768E+00    0.21250376E+01
    0.83483598E+01    0.91067250E+00    0.20481969E+01
    0.91607413E+01    0.91018100E+00    0.19756625E+01
    0.99985881E+01    0.90531685E+00    0.19075395E+01
    0.10860407E+02    0.89746830E+00    0.18436671E+01
    0.11745870E+02    0.88759391E+00    0.17837347E+01
    0.12655637E+02    0.87637691E+00    0.17273948E+01
    0.13591301E+02    0.86426411E+00    0.16742701E+01
    0.14555454E+02    0.85156488E+00    0.16239657E+01
    0.15551870E+02    0.83848640E+00    0.15761214E+01
    0.16585884E+02    0.82514754E+00    0.15303585E+01
    0.17665057E+02    0.81160758E+00    0.14862888E+01
    0.18800436E+02    0.79785659E+00    0.14434934E+01
    0.20009046E+02    0.78382506E+00    0.14014519E+01
    0.21319537E+02    0.76933388E+00    0.13594367E+01
    0.22787825E+02    0.75397460E+00    0.13162103E+01
    0.24560864E+02    0.73660763E+00    0.12686529E+01
    0.46232021E+01    0.74985758E+00    0.24736985E+01
    0.46432636E+01    0.75188879E+00    0.24711830E+01
    0.48008603E+01    0.76736805E+00    0.24513796E+01
    0.51020843E+01    0.79459371E+00    0.24133231E+01
    0.55246375E+01    0.82750689E+00    0.23600142E+01
    0.60447299E+01    0.85950025E+00    0.22956162E+01
    0.66414851E+01    0.88472104E+00    0.22251073E+01
    0.72984817E+01    0.90082874E+00    0.21527681E+01
    0.80036002E+01    0.90904998E+00    0.20811179E+01
    0.87482586E+01    0.91108524E+00    0.20116424E+01
    0.95265995E+01    0.90848336E+00    0.19451340E+01
    0.10334829E+02    0.90252353E+00    0.18819201E+01
    0.11170737E+02    0.89416917E+00    0.18220438E+01
    0.12033386E+02    0.88414057E+00    0.17653982E+01
    0.12922928E+02    0.87295390E+00    0.17117468E+01
    0.13840534E+02    0.86098838E+00    0.16608492E+01
    0.14788446E+02    0.84849006E+00    0.16124213E+01
    0.15770149E+02    0.83563908E+00    0.15661453E+01
    0.16790725E+02    0.82253969E+00    0.15217204E+01
    0.17857524E+02    0.80923464E+00    0.14787946E+01
    0.18981394E+02    0.79571467E+00    0.14369825E+01
    0.20179169E+02    0.78190113E+00    0.13957934E+01
    0.21479282E+02    0.76762055E+00    0.13545482E+01
    0.22937347E+02    0.75246127E+00    0.13120133E+01
    0.24699655E+02    0.73529981E+00    0.12651227E+01
    0.54388585E+01    0.82133405E+00    0.23707973E+01
    0.54559217E+01    0.82258256E+00    0.23686510E+01
    0.55906568E+01    0.83209497E+00    0.23517405E+01
    0.58513630E+01    0.84870662E+00    0.23193202E+01
    0.62232471E+01    0.86831043E+00    0.22740713E+01
    0.66892409E+01    0.88625074E+00    0.22196636E+01
    0.72330152E+01    0.89964882E+00    0.21597291E+01
    0.78406007E+01    0.90779072E+00    0.20971499E+01
    0.85008706E+01    0.91099807E+00    0.20340607E+01
    0.92053904E+01    0.91001276E+00    0.19718687E+01
    0.99480291E+01    0.90569963E+00    0.19114735E+01
    0.10724545E+02    0.89884540E+00    0.18533545E+01
    0.11532240E+02    0.89009743E+00    0.17977052E+01
    0.12369704E+02    0.87998523E+00    0.17445706E+01
    0.13236663E+02    0.86889139E+00    0.16938682E+01
    0.14133915E+02    0.85712398E+00    0.16454386E+01
    0.15063377E+02    0.84487994E+00    0.15990841E+01
    0.16028249E+02    0.83230504E+00    0.15545732E+01
    0.17033368E+02    0.81948036E+00    0.15116596E+01
    0.18085860E+02    0.80644449E+00    0.14700317E+01
    0.19196367E+02    0.79319266E+00    0.14293455E+01
    0.20381512E+02    0.77962905E+00    0.13891519E+01
    0.21669489E+02    0.76559324E+00    0.13487854E+01
    0.23115559E+02    0.75066905E+00    0.13070552E+01
    0.24865239E+02    0.73374958E+00    0.12609478E+01
    0.62607479E+01    0.87002310E+00    0.22695864E+01
    0.62755767E+01    0.87068689E+00    0.22678186E+01
    0.63930607E+01    0.87566682E+00    0.22539132E+01
    0.66222527E+01    0.88408470E+00    0.22273077E+01
    0.69530271E+01    0.89361003E+00    0.21901139E+01
    0.73730404E+01    0.90207350E+00    0.21449039E+01
    0.78697071E+01    0.90803969E+00    0.20942642E+01
    0.84315361E+01    0.91087657E+00    0.20404581E+01
    0.90487890E+01    0.91054131E+00    0.19852632E+01
    0.97136499E+01    0.90734938E+00    0.19299978E+01
    0.10420128E+02    0.90175485E+00    0.18755620E+01
    0.11163855E+02    0.89424386E+00    0.18225150E+01
    0.11941873E+02    0.88525351E+00    0.17711769E+01
    0.12752465E+02    0.87514472E+00    0.17216816E+01
    0.13595037E+02    0.86421513E+00    0.16740670E+01
    0.14470084E+02    0.85268933E+00    0.16282538E+01
    0.15379243E+02    0.84073952E+00    0.15841292E+01
    0.16325457E+02    0.82847325E+00    0.15415400E+01
    0.17313331E+02    0.81597261E+00    0.15002696E+01
    0.18349772E+02    0.80324693E+00    0.14600727E+01
    0.19445212E+02    0.79028825E+00    0.14206452E+01
    0.20616057E+02    0.77702368E+00    0.13815630E+01
    0.21890239E+02    0.76325619E+00    0.13421867E+01
    0.23322626E+02    0.74860356E+00    0.13013618E+01
    0.25057851E+02    0.73195966E+00    0.12561344E+01
    0.70900165E+01    0.89677488E+00    0.21751203E+01
    0.71031143E+01    0.89705544E+00    0.21736996E+01
    0.72071211E+01    0.89915876E+00    0.21624969E+01
    0.74111808E+01    0.90267211E+00    0.21409103E+01
    0.77081746E+01    0.90651513E+00    0.21104123E+01
    0.80890726E+01    0.90957345E+00    0.20728327E+01
    0.85442179E+01    0.91105006E+00    0.20300834E+01
    0.90643351E+01    0.91049739E+00    0.19839231E+01
    0.96411593E+01    0.90780797E+00    0.19358319E+01
    0.10267734E+02    0.90311538E+00    0.18869601E+01
    0.10938484E+02    0.89666020E+00    0.18381613E+01
    0.11649164E+02    0.88873484E+00    0.17900206E+01
    0.12396762E+02    0.87964542E+00    0.17429239E+01
    0.13179405E+02    0.86963548E+00    0.16970915E+01
    0.13996299E+02    0.85893256E+00    0.16526199E+01
    0.14847717E+02    0.84771130E+00    0.16095202E+01
    0.15735072E+02    0.83609561E+00    0.15677360E+01
    0.16661090E+02    0.82418772E+00    0.15271732E+01
    0.17630167E+02    0.81203751E+00    0.14876593E+01
    0.18649008E+02    0.79966066E+00    0.14490100E+01
    0.19727839E+02    0.78703413E+00    0.14109314E+01
    0.20882844E+02    0.77408377E+00    0.13730590E+01
    0.22141678E+02    0.76062323E+00    0.13347661E+01
    0.23558783E+02    0.74626906E+00    0.12949533E+01
    0.25277802E+02    0.72993297E+00    0.12506977E+01
    0.79279488E+01    0.90850575E+00    0.20885222E+01
    0.79396644E+01    0.90859454E+00    0.20873717E+01
    0.80328472E+01    0.90923877E+00    0.20782737E+01
    0.82164250E+01    0.91020199E+00    0.20606435E+01
    0.84852810E+01    0.91097529E+00    0.20354956E+01
    0.88327308E+01    0.91099875E+00    0.20041384E+01
    0.92513620E+01    0.90983035E+00    0.19679842E+01
    0.97337664E+01    0.90721618E+00    0.19283894E+01
    0.10273071E+02    0.90306919E+00    0.18865579E+01
    0.10863259E+02    0.89743904E+00    0.18434651E+01
    0.11499325E+02    0.89047904E+00    0.17998837E+01
    0.12177317E+02    0.88237604E+00    0.17563956E+01
    0.12894330E+02    0.87332198E+00    0.17134020E+01
    0.13648471E+02    0.86351257E+00    0.16711677E+01
    0.14438851E+02    0.85310013E+00    0.16298294E+01
    0.15265607E+02    0.84222469E+00    0.15894674E+01
    0.16129988E+02    0.83098780E+00    0.15500786E+01
    0.17034552E+02    0.81946547E+00    0.15116110E+01
    0.17983515E+02    0.80769342E+00    0.14739396E+01
    0.18983401E+02    0.79569098E+00    0.14369107E+01
    0.20044243E+02    0.78342636E+00    0.14002755E+01
    0.21182003E+02    0.77081971E+00    0.13636864E+01
    0.22424048E+02    0.75769476E+00    0.13265711E+01
    0.23824363E+02    0.74366991E+00    0.12878399E+01
    0.25525503E+02    0.72767166E+00    0.12446515E+01
    0.87759980E+01    0.91106378E+00    0.20091702E+01
    0.87865830E+01    0.91105359E+00    0.20082293E+01
    0.88708739E+01    0.91094230E+00    0.20007696E+01
    0.90374448E+01    0.91057257E+00    0.19862426E+01
    0.92825516E+01    0.90970066E+00    0.19653599E+01
    0.96011928E+01    0.90805004E+00    0.19390650E+01
    0.99876658E+01    0.90540008E+00    0.19083873E+01
    0.10436090E+02    0.90160866E+00    0.18743787E+01
    0.10940830E+02    0.89663564E+00    0.18379966E+01
    0.11496790E+02    0.89050830E+00    0.18000519E+01
    0.12099597E+02    0.88333159E+00    0.17612396E+01
    0.12745698E+02    0.87523125E+00    0.17220793E+01
    0.13432405E+02    0.86633691E+00    0.16829693E+01
    0.14157914E+02    0.85680725E+00    0.16441956E+01
    0.14921334E+02    0.84674585E+00    0.16059366E+01
    0.15722739E+02    0.83625634E+00    0.15682964E+01
    0.16563281E+02    0.82543563E+00    0.15313201E+01
    0.17445393E+02    0.81432613E+00    0.14949802E+01
    0.18373149E+02    0.80296399E+00    0.14592000E+01
    0.19352914E+02    0.79136336E+00    0.14238551E+01
    0.20394545E+02    0.77948357E+00    0.13887272E+01
    0.21513786E+02    0.76725217E+00    0.13534987E+01
    0.22737716E+02    0.75448361E+00    0.13176236E+01
    0.24119827E+02    0.74081035E+00    0.12800515E+01
    0.25801494E+02    0.72517838E+00    0.12380096E+01
    0.96358294E+01    0.90784061E+00    0.19362626E+01
    0.96454709E+01    0.90778149E+00    0.19354836E+01
    0.97223182E+01    0.90729228E+00    0.19293042E+01
    0.98745368E+01    0.90624420E+00    0.19172344E+01
    0.10099348E+02    0.90452580E+00    0.18997658E+01
    0.10392977E+02    0.90200128E+00    0.18775795E+01
    0.10751025E+02    0.89857984E+00    0.18514569E+01
    0.11168843E+02    0.89418974E+00    0.18221734E+01
    0.11641857E+02    0.88882027E+00    0.17904984E+01
    0.12165823E+02    0.88251795E+00    0.17571088E+01
    0.12737006E+02    0.87534230E+00    0.17225905E+01
    0.13352299E+02    0.86738455E+00    0.16874039E+01
    0.14009303E+02    0.85876158E+00    0.16519375E+01
    0.14706380E+02    0.84957155E+00    0.16164614E+01
    0.15442709E+02    0.83990944E+00    0.15811739E+01
    0.16218372E+02    0.82984685E+00    0.15462039E+01
    0.17034476E+02    0.81946644E+00    0.15116141E+01
    0.17893373E+02    0.80879535E+00    0.14774086E+01
    0.18799034E+02    0.79787322E+00    0.14435443E+01
    0.19757691E+02    0.78669060E+00    0.14099163E+01
    0.20779040E+02    0.77522290E+00    0.13763501E+01
    0.21878621E+02    0.76337848E+00    0.13425313E+01
    0.23083214E+02    0.75099330E+00    0.13079510E+01
    0.24445799E+02    0.73769675E+00    0.12715993E+01
    0.26106477E+02    0.72245523E+00    0.12307713E+01
    0.10509380E+02    0.90092516E+00    0.18689747E+01
    0.10518221E+02    0.90084172E+00    0.18683260E+01
    0.10588736E+02    0.90017100E+00    0.18631745E+01
    0.10728669E+02    0.89880417E+00    0.18530587E+01
    0.10935936E+02    0.89668685E+00    0.18383403E+01
    0.11207668E+02    0.89376630E+00    0.18195194E+01
    0.11540468E+02    0.89000169E+00    0.17971618E+01
    0.11930671E+02    0.88538887E+00    0.17718873E+01
    0.12374598E+02    0.87992383E+00    0.17442724E+01
    0.12868764E+02    0.87365086E+00    0.17148854E+01
    0.13410040E+02    0.86662949E+00    0.16842036E+01
    0.13995776E+02    0.85893944E+00    0.16526473E+01
    0.14623899E+02    0.85066129E+00    0.16205497E+01
    0.15292987E+02    0.84186739E+00    0.15881750E+01
    0.16002347E+02    0.83264001E+00    0.15557243E+01
    0.16752118E+02    0.82302886E+00    0.15233400E+01
    0.17543409E+02    0.81310840E+00    0.14910841E+01
    0.18378538E+02    0.80289885E+00    0.14589991E+01
    0.19261400E+02    0.79243261E+00    0.14270573E+01
    0.20198124E+02    0.78168732E+00    0.13951674E+01
    0.21198264E+02    0.77064353E+00    0.13631819E+01
    0.22277162E+02    0.75921296E+00    0.13308178E+01
    0.23461301E+02    0.74722999E+00    0.12975880E+01
    0.24803124E+02    0.73432977E+00    0.12625093E+01
    0.26441369E+02    0.71950280E+00    0.12229584E+01
    0.11398941E+02    0.89162266E+00    0.18065788E+01
    0.11407092E+02    0.89153050E+00    0.18060329E+01
    0.11472145E+02    0.89079154E+00    0.18016893E+01
    0.11601427E+02    0.88929162E+00    0.17931483E+01
    0.11793366E+02    0.88703043E+00    0.17806678E+01
    0.12045772E+02    0.88398938E+00    0.17646189E+01
    0.12356018E+02    0.88015674E+00    0.17454052E+01
    0.12721230E+02    0.87554353E+00    0.17235192E+01
    0.13138473E+02    0.87016682E+00    0.16994060E+01
    0.13604921E+02    0.86408542E+00    0.16735297E+01
    0.14118001E+02    0.85733360E+00    0.16462645E+01
    0.14675508E+02    0.84997929E+00    0.16179883E+01
    0.15275707E+02    0.84209290E+00    0.15889902E+01
    0.15917419E+02    0.83373601E+00    0.15595150E+01
    0.16600118E+02    0.82496598E+00    0.15297541E+01
    0.17324036E+02    0.81583902E+00    0.14998390E+01
    0.18090329E+02    0.80639010E+00    0.14698617E+01
    0.18901308E+02    0.79666150E+00    0.14398531E+01
    0.19760828E+02    0.78665454E+00    0.14098098E+01
    0.20674937E+02    0.77637174E+00    0.13796737E+01
    0.21653064E+02    0.76576806E+00    0.13492809E+01
    0.22710366E+02    0.75476188E+00    0.13183966E+01
    0.23873027E+02    0.74319658E+00    0.12865480E+01
    0.25192931E+02    0.73071274E+00    0.12527870E+01
    0.26807365E+02    0.71632236E+00    0.12145621E+01
    0.12307273E+02    0.88076502E+00    0.17483870E+01
    0.12314823E+02    0.88067105E+00    0.17479243E+01
    0.12375106E+02    0.87991746E+00    0.17442415E+01
    0.12495049E+02    0.87840728E+00    0.17369830E+01
    0.12673460E+02    0.87615086E+00    0.17263394E+01
    0.12908669E+02    0.87313745E+00    0.17125716E+01
    0.13198648E+02    0.86938553E+00    0.16960065E+01
    0.13541153E+02    0.86491907E+00    0.16770031E+01
    0.13933865E+02    0.85975495E+00    0.16559061E+01
    0.14374526E+02    0.85394615E+00    0.16330873E+01
    0.14861059E+02    0.84753624E+00    0.16088692E+01
    0.15391675E+02    0.84057680E+00    0.15835491E+01
    0.15964972E+02    0.83312282E+00    0.15573895E+01
    0.16580029E+02    0.82522218E+00    0.15306074E+01
    0.17236503E+02    0.81693247E+00    0.15033696E+01
    0.17934753E+02    0.80828927E+00    0.14758131E+01
    0.18676004E+02    0.79933768E+00    0.14480225E+01
    0.19462594E+02    0.79008679E+00    0.14200428E+01
    0.20298360E+02    0.78055977E+00    0.13918707E+01
    0.21189293E+02    0.77074071E+00    0.13634601E+01
    0.22144712E+02    0.76059158E+00    0.13346772E+01
    0.23179600E+02    0.75002837E+00    0.13052870E+01
    0.24319839E+02    0.73889466E+00    0.12748470E+01
    0.25616730E+02    0.72684443E+00    0.12424456E+01
    0.27206027E+02    0.71290848E+00    0.12055949E+01
    0.13237779E+02    0.86887687E+00    0.16938055E+01
    0.13244799E+02    0.86878556E+00    0.16934114E+01
    0.13300867E+02    0.86805556E+00    0.16902711E+01
    0.13412534E+02    0.86659685E+00    0.16840658E+01
    0.13578896E+02    0.86442653E+00    0.16749451E+01
    0.13798680E+02    0.86154014E+00    0.16630809E+01
    0.14070328E+02    0.85796016E+00    0.16487457E+01
    0.14392103E+02    0.85371491E+00    0.16321952E+01
    0.14762196E+02    0.84883559E+00    0.16137107E+01
    0.15178829E+02    0.84335977E+00    0.15935801E+01
    0.15640361E+02    0.83733156E+00    0.15720551E+01
    0.16145386E+02    0.83078857E+00    0.15494019E+01
    0.16692818E+02    0.82378303E+00    0.15258348E+01
    0.17281991E+02    0.81636392E+00    0.15015319E+01
    0.17912757E+02    0.80855819E+00    0.14766606E+01
    0.18585618E+02    0.80041958E+00    0.14513356E+01
    0.19301890E+02    0.79195951E+00    0.14256380E+01
    0.20063958E+02    0.78320321E+00    0.13996177E+01
    0.20875662E+02    0.77416246E+00    0.13732860E+01
    0.21742952E+02    0.76481250E+00    0.13465761E+01
    0.22675055E+02    0.75512167E+00    0.13193966E+01
    0.23686783E+02    0.74501297E+00    0.12915125E+01
    0.24803717E+02    0.73432423E+00    0.12624943E+01
    0.26076555E+02    0.72272088E+00    0.12314761E+01
    0.27639424E+02    0.70925994E+00    0.11960402E+01
    0.14194756E+02    0.85631992E+00    0.16422924E+01
    0.14201303E+02    0.85623324E+00    0.16419549E+01
    0.14253609E+02    0.85554084E+00    0.16392643E+01
    0.14357868E+02    0.85416541E+00    0.16339342E+01
    0.14513398E+02    0.85211916E+00    0.16260747E+01
    0.14719235E+02    0.84940190E+00    0.16158268E+01
    0.14974192E+02    0.84605241E+00    0.16033767E+01
    0.15276942E+02    0.84207679E+00    0.15889319E+01
    0.15626091E+02    0.83751791E+00    0.15727089E+01
    0.16020273E+02    0.83240823E+00    0.15549274E+01
    0.16458226E+02    0.82677451E+00    0.15358128E+01
    0.16938884E+02    0.82066965E+00    0.15155549E+01
    0.17461457E+02    0.81412611E+00    0.14943399E+01
    0.18025523E+02    0.80718025E+00    0.14723320E+01
    0.18631134E+02    0.79987465E+00    0.14496648E+01
    0.19278939E+02    0.79222768E+00    0.14264420E+01
    0.19970359E+02    0.78426378E+00    0.14027476E+01
    0.20707841E+02    0.77600793E+00    0.13786208E+01
    0.21495245E+02    0.76745007E+00    0.13540625E+01
    0.22338493E+02    0.75857758E+00    0.13290409E+01
    0.23246729E+02    0.74935860E+00    0.13034406E+01
    0.24234603E+02    0.73970901E+00    0.12770584E+01
    0.25327390E+02    0.72947859E+00    0.12494813E+01
    0.26575158E+02    0.71833424E+00    0.12198694E+01
    0.28110319E+02    0.70536379E+00    0.11858824E+01
    0.15183799E+02    0.84329451E+00    0.15933441E+01
    0.15189920E+02    0.84321421E+00    0.15930535E+01
    0.15238833E+02    0.84257420E+00    0.15907341E+01
    0.15336396E+02    0.84130025E+00    0.15861340E+01
    0.15482099E+02    0.83939556E+00    0.15793464E+01
    0.15675220E+02    0.83687637E+00    0.15704613E+01
    0.15914870E+02    0.83376886E+00    0.15596292E+01
    0.16200049E+02    0.83008273E+00    0.15470053E+01
    0.16529712E+02    0.82586327E+00    0.15327517E+01
    0.16902834E+02    0.82112403E+00    0.15170473E+01
    0.17318483E+02    0.81590831E+00    0.15000623E+01
    0.17775895E+02    0.81023943E+00    0.14819611E+01
    0.18274549E+02    0.80415912E+00    0.14628919E+01
    0.18814254E+02    0.79769276E+00    0.14429930E+01
    0.19395253E+02    0.79086932E+00    0.14223803E+01
    0.20018345E+02    0.78371969E+00    0.14011409E+01
    0.20685065E+02    0.77625970E+00    0.13793494E+01
    0.21397929E+02    0.76849135E+00    0.13570315E+01
    0.22160826E+02    0.76042351E+00    0.13342057E+01
    0.22979663E+02    0.75203448E+00    0.13108311E+01
    0.23863509E+02    0.74328908E+00    0.12868003E+01
    0.24826853E+02    0.73410795E+00    0.12619121E+01
    0.25894659E+02    0.72434286E+00    0.12357861E+01
    0.27116336E+02    0.71367148E+00    0.12075959E+01
    0.28622486E+02    0.70120789E+00    0.11750978E+01
    0.16212475E+02    0.82992273E+00    0.15464617E+01
    0.16218207E+02    0.82984897E+00    0.15462111E+01
    0.16264028E+02    0.82926045E+00    0.15442109E+01
    0.16355477E+02    0.82808875E+00    0.15402398E+01
    0.16492179E+02    0.82634146E+00    0.15343569E+01
    0.16673605E+02    0.82402803E+00    0.15266449E+01
    0.16899103E+02    0.82117108E+00    0.15172021E+01
    0.17167941E+02    0.81779088E+00    0.15061524E+01
    0.17479358E+02    0.81390337E+00    0.14936271E+01
    0.17832621E+02    0.80954047E+00    0.14797591E+01
    0.18227080E+02    0.80473371E+00    0.14646796E+01
    0.18662236E+02    0.79950236E+00    0.14485259E+01
    0.19137809E+02    0.79387758E+00    0.14314152E+01
    0.19653823E+02    0.78788678E+00    0.14134581E+01
    0.20210700E+02    0.78154556E+00    0.13947526E+01
    0.20809390E+02    0.77488930E+00    0.13753856E+01
    0.21451538E+02    0.76791712E+00    0.13553937E+01
    0.22139737E+02    0.76064348E+00    0.13348230E+01
    0.22877911E+02    0.75306189E+00    0.13136782E+01
    0.23671956E+02    0.74515814E+00    0.12919100E+01
    0.24530872E+02    0.73689109E+00    0.12694191E+01
    0.25468985E+02    0.72818573E+00    0.12460242E+01
    0.26510940E+02    0.71889428E+00    0.12213495E+01
    0.27705455E+02    0.70870924E+00    0.11946025E+01
    0.29181215E+02    0.69676827E+00    0.11636218E+01
    0.17291521E+02    0.81624489E+00    0.15011477E+01
    0.17296896E+02    0.81617778E+00    0.15009312E+01
    0.17339866E+02    0.81564152E+00    0.14992030E+01
    0.17425670E+02    0.81457184E+00    0.14957673E+01
    0.17554040E+02    0.81297685E+00    0.14906632E+01
    0.17724600E+02    0.81087286E+00    0.14839592E+01
    0.17936890E+02    0.80826314E+00    0.14757308E+01
    0.18190397E+02    0.80517719E+00    0.14660654E+01
    0.18484597E+02    0.80162596E+00    0.14550606E+01
    0.18818999E+02    0.79763651E+00    0.14428213E+01
    0.19193197E+02    0.79322972E+00    0.14294573E+01
    0.19606922E+02    0.78842614E+00    0.14150658E+01
    0.20060111E+02    0.78324673E+00    0.13997459E+01
    0.20552983E+02    0.77772263E+00    0.13835935E+01
    0.21086127E+02    0.77186148E+00    0.13666715E+01
    0.21660634E+02    0.76568748E+00    0.13490524E+01
    0.22278260E+02    0.75920156E+00    0.13307860E+01
    0.22941672E+02    0.75241762E+00    0.13118923E+01
    0.23654834E+02    0.74532589E+00    0.12923694E+01
    0.24423633E+02    0.73790710E+00    0.12721690E+01
    0.25256999E+02    0.73012385E+00    0.12512089E+01
    0.26169096E+02    0.72190032E+00    0.12293005E+01
    0.27184228E+02    0.71309365E+00    0.12060804E+01
    0.28350390E+02    0.70340597E+00    0.11807992E+01
    0.29794222E+02    0.69200565E+00    0.11513581E+01
    0.18437209E+02    0.80219270E+00    0.14568165E+01
    0.18442249E+02    0.80213229E+00    0.14566295E+01
    0.18482557E+02    0.80165031E+00    0.14551360E+01
    0.18563080E+02    0.80068913E+00    0.14521646E+01
    0.18683637E+02    0.79924644E+00    0.14477435E+01
    0.18843976E+02    0.79734055E+00    0.14419185E+01
    0.19043791E+02    0.79497988E+00    0.14347554E+01
    0.19282751E+02    0.79218313E+00    0.14263084E+01
    0.19560529E+02    0.78895878E+00    0.14166608E+01
    0.19876838E+02    0.78532701E+00    0.14058889E+01
    0.20231480E+02    0.78131149E+00    0.13940680E+01
    0.20624387E+02    0.77693140E+00    0.13812954E+01
    0.21055689E+02    0.77219333E+00    0.13676230E+01
    0.21525777E+02    0.76712426E+00    0.13531345E+01
    0.22035397E+02    0.76173343E+00    0.13378921E+01
    0.22585771E+02    0.75603406E+00    0.13219355E+01
    0.23178758E+02    0.75003678E+00    0.13053102E+01
    0.23817100E+02    0.74374063E+00    0.12880330E+01
    0.24504798E+02    0.73713775E+00    0.12700863E+01
    0.25247729E+02    0.73020896E+00    0.12514369E+01
    0.26054750E+02    0.72291467E+00    0.12319904E+01
    0.26939850E+02    0.71518172E+00    0.12115611E+01
    0.27926981E+02    0.70687204E+00    0.11898116E+01
    0.29063354E+02    0.69769728E+00    0.11660179E+01
    0.30473425E+02    0.68685767E+00    0.11381672E+01
    0.19676653E+02    0.78762383E+00    0.14126773E+01
    0.19681376E+02    0.78756941E+00    0.14125159E+01
    0.19719151E+02    0.78713419E+00    0.14112273E+01
    0.19794644E+02    0.78626630E+00    0.14086633E+01
    0.19907744E+02    0.78497514E+00    0.14048493E+01
    0.20058301E+02    0.78326723E+00    0.13998063E+01
    0.20246135E+02    0.78114654E+00    0.13935857E+01
    0.20471065E+02    0.77863160E+00    0.13862411E+01
    0.20732927E+02    0.77573095E+00    0.13778195E+01
    0.21031612E+02    0.77245615E+00    0.13683770E+01
    0.21367095E+02    0.76882235E+00    0.13579760E+01
    0.21739488E+02    0.76484926E+00    0.13466800E+01
    0.22149086E+02    0.76054595E+00    0.13345492E+01
    0.22596439E+02    0.75592486E+00    0.13216314E+01
    0.23082433E+02    0.75100114E+00    0.13079726E+01
    0.23608410E+02    0.74578129E+00    0.12936168E+01
    0.24176327E+02    0.74026752E+00    0.12785761E+01
    0.24788995E+02    0.73446197E+00    0.12628652E+01
    0.25450444E+02    0.72835463E+00    0.12464755E+01
    0.26166540E+02    0.72192294E+00    0.12293604E+01
    0.26946057E+02    0.71512841E+00    0.12114210E+01
    0.27802797E+02    0.70789998E+00    0.11924916E+01
    0.28760324E+02    0.70010344E+00    0.11722346E+01
    0.29865006E+02    0.69146283E+00    0.11499641E+01
    0.31238912E+02    0.68121182E+00    0.11237652E+01
    0.21062499E+02    0.77211904E+00    0.13674100E+01
    0.21066911E+02    0.77207092E+00    0.13672720E+01
    0.21102207E+02    0.77168639E+00    0.13661695E+01
    0.21172769E+02    0.77091982E+00    0.13639731E+01
    0.21278545E+02    0.76977574E+00    0.13606993E+01
    0.21419468E+02    0.76826044E+00    0.13563728E+01
    0.21595467E+02    0.76638147E+00    0.13510218E+01
    0.21806483E+02    0.76413958E+00    0.13446764E+01
    0.22052494E+02    0.76155462E+00    0.13373877E+01
    0.22333537E+02    0.75862883E+00    0.13291843E+01
    0.22649745E+02    0.75537993E+00    0.13201148E+01
    0.23001381E+02    0.75181572E+00    0.13102255E+01
    0.23388891E+02    0.74794624E+00    0.12995545E+01
    0.23812964E+02    0.74378091E+00    0.12881431E+01
    0.24274615E+02    0.73932635E+00    0.12760190E+01
    0.24775295E+02    0.73459022E+00    0.12632106E+01
    0.25317050E+02    0.72957327E+00    0.12497347E+01
    0.25902750E+02    0.72427045E+00    0.12355934E+01
    0.26536453E+02    0.71867159E+00    0.12207608E+01
    0.27223997E+02    0.71275597E+00    0.12051950E+01
    0.27974063E+02    0.70648363E+00    0.11887991E+01
    0.28800238E+02    0.69978483E+00    0.11714096E+01
    0.29725653E+02    0.69253296E+00    0.11527120E+01
    0.30795726E+02    0.68446091E+00    0.11320423E+01
    0.32129859E+02    0.67484053E+00    0.11075838E+01
    0.22732765E+02    0.75453395E+00    0.13177634E+01
    0.22736853E+02    0.75449238E+00    0.13176479E+01
    0.22769560E+02    0.75416001E+00    0.13167250E+01
    0.22834970E+02    0.75349659E+00    0.13148839E+01
    0.22933081E+02    0.75250433E+00    0.13121326E+01
    0.23063897E+02    0.75118717E+00    0.13084868E+01
    0.23227439E+02    0.74955087E+00    0.13039705E+01
    0.23423758E+02    0.74760109E+00    0.12986065E+01
    0.23652954E+02    0.74534432E+00    0.12924198E+01
    0.23915197E+02    0.74278715E+00    0.12854314E+01
    0.24210756E+02    0.73993739E+00    0.12776789E+01
    0.24540034E+02    0.73680446E+00    0.12691849E+01
    0.24903614E+02    0.73339191E+00    0.12599855E+01
    0.25302312E+02    0.72970827E+00    0.12500961E+01
    0.25737262E+02    0.72575621E+00    0.12395477E+01
    0.26210017E+02    0.72153840E+00    0.12283420E+01
    0.26722701E+02    0.71705378E+00    0.12164895E+01
    0.27278237E+02    0.71229633E+00    0.12039896E+01
    0.27880693E+02    0.70725460E+00    0.11908089E+01
    0.28535868E+02    0.70190515E+00    0.11769064E+01
    0.29252315E+02    0.69620987E+00    0.11621813E+01
    0.30043360E+02    0.69010162E+00    0.11464709E+01
    0.30931605E+02    0.68345927E+00    0.11294875E+01
    0.31961328E+02    0.67602954E+00    0.11106003E+01
    0.33248723E+02    0.66713021E+00    0.10881100E+01
