    0.24083814E-04    0.27863135E+00   -0.19249781E-05
    0.33329511E+00    0.27848815E+00   -0.44810748E-02
    0.10002354E+01    0.27760121E+00   -0.13325899E-01
    0.16682308E+01    0.27587785E+00   -0.21821676E-01
    0.23380009E+01    0.27341837E+00   -0.29744727E-01
    0.30102902E+01    0.27036567E+00   -0.36883660E-01
    0.36858797E+01    0.26689875E+00   -0.43041305E-01
    0.43656001E+01    0.26322455E+00   -0.48034851E-01
    0.50503465E+01    0.25956847E+00   -0.51692589E-01
    0.57410978E+01    0.25611224E+00   -0.54035489E-01
    0.64389386E+01    0.25288648E+00   -0.55513785E-01
    0.71450895E+01    0.24987566E+00   -0.56449600E-01
    0.78609441E+01    0.24705643E+00   -0.57030431E-01
    0.85881199E+01    0.24440498E+00   -0.57371016E-01
    0.93285274E+01    0.24189727E+00   -0.57544215E-01
    0.10084467E+02    0.23951246E+00   -0.57597898E-01
    0.10858771E+02    0.23723153E+00   -0.57564063E-01
    0.11655015E+02    0.23503513E+00   -0.57464652E-01
    0.12477852E+02    0.23290668E+00   -0.57314506E-01
    0.13333574E+02    0.23082696E+00   -0.57123598E-01
    0.14231108E+02    0.22877481E+00   -0.56898032E-01
    0.15183982E+02    0.22672446E+00   -0.56640600E-01
    0.16214732E+02    0.22463751E+00   -0.56349849E-01
    0.17367121E+02    0.22244661E+00   -0.56017406E-01
    0.18755869E+02    0.21997965E+00   -0.55614582E-01
    0.58509222E+00    0.27825579E+00   -0.78477815E-02
    0.67336360E+00    0.27814471E+00   -0.90214799E-02
    0.11587941E+01    0.27726473E+00   -0.15384189E-01
    0.17678594E+01    0.27555509E+00   -0.23043376E-01
    0.24100998E+01    0.27311587E+00   -0.30552968E-01
    0.30666235E+01    0.27008905E+00   -0.37438542E-01
    0.37320292E+01    0.26665258E+00   -0.43420328E-01
    0.44046336E+01    0.26301269E+00   -0.48281769E-01
    0.50841256E+01    0.25939334E+00   -0.51835259E-01
    0.57708350E+01    0.25596945E+00   -0.54113570E-01
    0.64654670E+01    0.25276900E+00   -0.55557537E-01
    0.71690053E+01    0.24977782E+00   -0.56474104E-01
    0.78826883E+01    0.24697419E+00   -0.57043762E-01
    0.86080274E+01    0.24433515E+00   -0.57377665E-01
    0.93468581E+01    0.24183745E+00   -0.57546801E-01
    0.10101426E+02    0.23946091E+00   -0.57597998E-01
    0.10874523E+02    0.23718668E+00   -0.57562658E-01
    0.11669691E+02    0.23499594E+00   -0.57462350E-01
    0.12491562E+02    0.23287236E+00   -0.57311688E-01
    0.13346405E+02    0.23079671E+00   -0.57120532E-01
    0.14243131E+02    0.22874820E+00   -0.56894882E-01
    0.15195250E+02    0.22670092E+00   -0.56637476E-01
    0.16225285E+02    0.22461684E+00   -0.56346832E-01
    0.17376974E+02    0.22242848E+00   -0.56014549E-01
    0.18764993E+02    0.21996397E+00   -0.55611943E-01
    0.13436073E+01    0.27681418E+00   -0.17753213E-01
    0.13843288E+01    0.27670668E+00   -0.18270382E-01
    0.16750378E+01    0.27585632E+00   -0.21905578E-01
    0.21420259E+01    0.27420581E+00   -0.27501067E-01
    0.26965772E+01    0.27185149E+00   -0.33666692E-01
    0.32965327E+01    0.26893326E+00   -0.39627441E-01
    0.39231352E+01    0.26562555E+00   -0.44929402E-01
    0.45676848E+01    0.26213054E+00   -0.49264048E-01
    0.52260196E+01    0.25866436E+00   -0.52398636E-01
    0.58962263E+01    0.25537250E+00   -0.54426154E-01
    0.65776296E+01    0.25227601E+00   -0.55734201E-01
    0.72703222E+01    0.24936657E+00   -0.56573539E-01
    0.79749434E+01    0.24662759E+00   -0.57097910E-01
    0.86925879E+01    0.24403967E+00   -0.57404556E-01
    0.94247920E+01    0.24158391E+00   -0.57556998E-01
    0.10173582E+02    0.23924225E+00   -0.57597940E-01
    0.10941581E+02    0.23699629E+00   -0.57556399E-01
    0.11732205E+02    0.23482959E+00   -0.57452362E-01
    0.12549983E+02    0.23272649E+00   -0.57299587E-01
    0.13401100E+02    0.23066785E+00   -0.57107392E-01
    0.14294395E+02    0.22863489E+00   -0.56881419E-01
    0.15243313E+02    0.22660075E+00   -0.56624141E-01
    0.16270305E+02    0.22452881E+00   -0.56333944E-01
    0.17419017E+02    0.22235122E+00   -0.56002360E-01
    0.18803933E+02    0.21989723E+00   -0.55600681E-01
    0.21079831E+01    0.27433717E+00   -0.27104625E-01
    0.21341692E+01    0.27423627E+00   -0.27409743E-01
    0.23332517E+01    0.27343806E+00   -0.29691157E-01
    0.26882311E+01    0.27188965E+00   -0.33578276E-01
    0.31479899E+01    0.26968455E+00   -0.38227275E-01
    0.36749747E+01    0.26695678E+00   -0.42950927E-01
    0.42460925E+01    0.26387394E+00   -0.47251200E-01
    0.48478920E+01    0.26063101E+00   -0.50762906E-01
    0.54726221E+01    0.25742386E+00   -0.53254415E-01
    0.61158643E+01    0.25434730E+00   -0.54914204E-01
    0.67752139E+01    0.25142272E+00   -0.56014843E-01
    0.74495568E+01    0.24864992E+00   -0.56733223E-01
    0.81386752E+01    0.24602023E+00   -0.57184927E-01
    0.88430422E+01    0.24352088E+00   -0.57447109E-01
    0.95637345E+01    0.24113692E+00   -0.57572114E-01
    0.10302430E+02    0.23885449E+00   -0.57596026E-01
    0.11061487E+02    0.23665814E+00   -0.57544043E-01
    0.11844111E+02    0.23453415E+00   -0.57433770E-01
    0.12654658E+02    0.23246633E+00   -0.57277530E-01
    0.13499177E+02    0.23043803E+00   -0.57083607E-01
    0.14386384E+02    0.22843204E+00   -0.56857132E-01
    0.15329608E+02    0.22642164E+00   -0.56600124E-01
    0.16351182E+02    0.22437096E+00   -0.56310763E-01
    0.17494584E+02    0.22221278E+00   -0.55980459E-01
    0.18873956E+02    0.21977795E+00   -0.55580421E-01
    0.28755686E+01    0.27101514E+00   -0.35527975E-01
    0.28948196E+01    0.27092336E+00   -0.35724125E-01
    0.30445633E+01    0.27019772E+00   -0.37222104E-01
    0.33244382E+01    0.26879047E+00   -0.39884614E-01
    0.37060954E+01    0.26679103E+00   -0.43208025E-01
    0.41630208E+01    0.26432548E+00   -0.46682107E-01
    0.46748908E+01    0.26155362E+00   -0.49866107E-01
    0.52275577E+01    0.25865651E+00   -0.52404440E-01
    0.58116173E+01    0.25577437E+00   -0.54218134E-01
    0.64209889E+01    0.25296617E+00   -0.55483741E-01
    0.70518668E+01    0.25025977E+00   -0.56350126E-01
    0.77020257E+01    0.24766372E+00   -0.56926068E-01
    0.83703845E+01    0.24517831E+00   -0.57289833E-01
    0.90567488E+01    0.24279621E+00   -0.57496949E-01
    0.97616760E+01    0.24051040E+00   -0.57587387E-01
    0.10486438E+02    0.23830919E+00   -0.57589593E-01
    0.11233068E+02    0.23618128E+00   -0.57524113E-01
    0.12004510E+02    0.23411488E+00   -0.57405744E-01
    0.12804908E+02    0.23209607E+00   -0.57245012E-01
    0.13640128E+02    0.23011175E+00   -0.57048971E-01
    0.14518724E+02    0.22814272E+00   -0.56821900E-01
    0.15453873E+02    0.22616514E+00   -0.56565376E-01
    0.16467739E+02    0.22414402E+00   -0.56277305E-01
    0.17603573E+02    0.22201411E+00   -0.55948832E-01
    0.18975024E+02    0.21960656E+00   -0.55551190E-01
    0.36465806E+01    0.26710762E+00   -0.42714150E-01
    0.36617804E+01    0.26702692E+00   -0.42841160E-01
    0.37812724E+01    0.26638896E+00   -0.43818537E-01
    0.40100553E+01    0.26515560E+00   -0.45582990E-01
    0.43317200E+01    0.26340857E+00   -0.47816912E-01
    0.47285724E+01    0.26126601E+00   -0.50154356E-01
    0.51849069E+01    0.25887448E+00   -0.52241153E-01
    0.56882347E+01    0.25636722E+00   -0.53892741E-01
    0.62292495E+01    0.25382820E+00   -0.55139467E-01
    0.68013053E+01    0.25131162E+00   -0.56049218E-01
    0.73998298E+01    0.24884752E+00   -0.56690912E-01
    0.80218361E+01    0.24645273E+00   -0.57123987E-01
    0.86655636E+01    0.24413385E+00   -0.57396200E-01
    0.93302386E+01    0.24189169E+00   -0.57544459E-01
    0.10015936E+02    0.23972152E+00   -0.57597041E-01
    0.10723527E+02    0.23761906E+00   -0.57575142E-01
    0.11454714E+02    0.23557476E+00   -0.57494614E-01
    0.12212163E+02    0.23357929E+00   -0.57367183E-01
    0.12999782E+02    0.23162284E+00   -0.57201410E-01
    0.13823232E+02    0.22969179E+00   -0.57003085E-01
    0.14690881E+02    0.22776975E+00   -0.56775600E-01
    0.15615724E+02    0.22583451E+00   -0.56519966E-01
    0.16619720E+02    0.22385136E+00   -0.56233556E-01
    0.17745829E+02    0.22175653E+00   -0.55907517E-01
    0.19107071E+02    0.21938294E+00   -0.55513045E-01
    0.44217084E+01    0.26292007E+00   -0.48388367E-01
    0.44342520E+01    0.26285206E+00   -0.48466125E-01
    0.45334287E+01    0.26231542E+00   -0.49064322E-01
    0.47259390E+01    0.26128009E+00   -0.50140423E-01
    0.50017750E+01    0.25982139E+00   -0.51481343E-01
    0.53491450E+01    0.25804053E+00   -0.52844198E-01
    0.57564932E+01    0.25603826E+00   -0.54076109E-01
    0.62136921E+01    0.25389902E+00   -0.55109559E-01
    0.67124887E+01    0.25169130E+00   -0.55929718E-01
    0.72464963E+01    0.24946281E+00   -0.56550776E-01
    0.78109817E+01    0.24724622E+00   -0.56998949E-01
    0.84026073E+01    0.24506258E+00   -0.57302865E-01
    0.90191988E+01    0.24292240E+00   -0.57489048E-01
    0.96595708E+01    0.24083213E+00   -0.57580406E-01
    0.10323417E+02    0.23879175E+00   -0.57595509E-01
    0.11011266E+02    0.23679936E+00   -0.57549394E-01
    0.11724522E+02    0.23484998E+00   -0.57453606E-01
    0.12465587E+02    0.23293741E+00   -0.57317018E-01
    0.13238138E+02    0.23105219E+00   -0.57146207E-01
    0.14047622E+02    0.22918403E+00   -0.56945764E-01
    0.14902213E+02    0.22731765E+00   -0.56718163E-01
    0.15814702E+02    0.22543254E+00   -0.56463761E-01
    0.16806816E+02    0.22349429E+00   -0.56179575E-01
    0.17921172E+02    0.22144093E+00   -0.55856596E-01
    0.19270032E+02    0.21910958E+00   -0.55466042E-01
    0.52018160E+01    0.25878795E+00   -0.52306472E-01
    0.52124826E+01    0.25873345E+00   -0.52347281E-01
    0.52971087E+01    0.25830313E+00   -0.52660533E-01
    0.54627725E+01    0.25747275E+00   -0.53222956E-01
    0.57030814E+01    0.25629546E+00   -0.53933351E-01
    0.60100529E+01    0.25483795E+00   -0.54688043E-01
    0.63753116E+01    0.25316971E+00   -0.55405653E-01
    0.67909759E+01    0.25135556E+00   -0.56035681E-01
    0.72501648E+01    0.24944798E+00   -0.56554306E-01
    0.77471990E+01    0.24749007E+00   -0.56956998E-01
    0.82776096E+01    0.24551287E+00   -0.57250257E-01
    0.88380537E+01    0.24353796E+00   -0.57445801E-01
    0.94262045E+01    0.24157934E+00   -0.57557171E-01
    0.10040652E+02    0.23964597E+00   -0.57597433E-01
    0.10680839E+02    0.23774229E+00   -0.57578226E-01
    0.11347042E+02    0.23586786E+00   -0.57509451E-01
    0.12040424E+02    0.23402171E+00   -0.57399244E-01
    0.12763160E+02    0.23219851E+00   -0.57254152E-01
    0.13518716E+02    0.23039253E+00   -0.57078839E-01
    0.14312340E+02    0.22859528E+00   -0.56876694E-01
    0.15152008E+02    0.22679134E+00   -0.56649456E-01
    0.16050302E+02    0.22496193E+00   -0.56396736E-01
    0.17028694E+02    0.22307558E+00   -0.56115467E-01
    0.18129417E+02    0.22107101E+00   -0.55796217E-01
    0.19463852E+02    0.21878729E+00   -0.55410308E-01
    0.59878847E+01    0.25494151E+00   -0.54638596E-01
    0.59971534E+01    0.25489818E+00   -0.54659360E-01
    0.60708512E+01    0.25455529E+00   -0.54819944E-01
    0.62159277E+01    0.25388883E+00   -0.55113876E-01
    0.64281422E+01    0.25293439E+00   -0.55495757E-01
    0.67019856E+01    0.25173650E+00   -0.55915115E-01
    0.70313920E+01    0.25034470E+00   -0.56327411E-01
    0.74103460E+01    0.24880565E+00   -0.56699986E-01
    0.78333112E+01    0.24716125E+00   -0.57013167E-01
    0.82954787E+01    0.24544825E+00   -0.57258122E-01
    0.87928775E+01    0.24369293E+00   -0.57433645E-01
    0.93223960E+01    0.24191730E+00   -0.57543334E-01
    0.98817613E+01    0.24013557E+00   -0.57593249E-01
    0.10469507E+02    0.23835899E+00   -0.57590367E-01
    0.11084953E+02    0.23659242E+00   -0.57541465E-01
    0.11728224E+02    0.23484016E+00   -0.57453007E-01
    0.12400309E+02    0.23310154E+00   -0.57330266E-01
    0.13103211E+02    0.23137433E+00   -0.57177717E-01
    0.13840215E+02    0.22965312E+00   -0.56998793E-01
    0.14616393E+02    0.22793086E+00   -0.56795687E-01
    0.15439534E+02    0.22619463E+00   -0.56569389E-01
    0.16322012E+02    0.22442789E+00   -0.56319126E-01
    0.17285031E+02    0.22259804E+00   -0.56041212E-01
    0.18370401E+02    0.22064697E+00   -0.55726233E-01
    0.19688509E+02    0.21841661E+00   -0.55345688E-01
    0.67810112E+01    0.25139800E+00   -0.56022533E-01
    0.67891972E+01    0.25136313E+00   -0.56033341E-01
    0.68543843E+01    0.25108658E+00   -0.56117309E-01
    0.69832018E+01    0.25054533E+00   -0.56272682E-01
    0.71727513E+01    0.24976252E+00   -0.56477905E-01
    0.74191617E+01    0.24877058E+00   -0.56707540E-01
    0.77180193E+01    0.24760215E+00   -0.56937136E-01
    0.80647738E+01    0.24629330E+00   -0.57147040E-01
    0.84550644E+01    0.24487498E+00   -0.57323309E-01
    0.88849489E+01    0.24337764E+00   -0.57457832E-01
    0.93510451E+01    0.24182380E+00   -0.57547381E-01
    0.98506049E+01    0.24023253E+00   -0.57591959E-01
    0.10381549E+02    0.23861877E+00   -0.57593787E-01
    0.10942482E+02    0.23699374E+00   -0.57556312E-01
    0.11532716E+02    0.23536370E+00   -0.57483275E-01
    0.12152308E+02    0.23373284E+00   -0.57378532E-01
    0.12802149E+02    0.23210283E+00   -0.57245619E-01
    0.13484119E+02    0.23047315E+00   -0.57087274E-01
    0.14201369E+02    0.22884071E+00   -0.56905810E-01
    0.14958820E+02    0.22719769E+00   -0.56702650E-01
    0.15764091E+02    0.22553447E+00   -0.56478075E-01
    0.16629354E+02    0.22383294E+00   -0.56230781E-01
    0.17575541E+02    0.22206510E+00   -0.55956976E-01
    0.18644007E+02    0.22017218E+00   -0.55646979E-01
    0.19944040E+02    0.21800039E+00   -0.55272540E-01
    0.75824238E+01    0.24812735E+00   -0.56839092E-01
    0.75897455E+01    0.24809879E+00   -0.56844635E-01
    0.76481123E+01    0.24787197E+00   -0.56887793E-01
    0.77637713E+01    0.24742655E+00   -0.56968090E-01
    0.79346959E+01    0.24677835E+00   -0.57074760E-01
    0.81581247E+01    0.24594866E+00   -0.57194530E-01
    0.84308280E+01    0.24496151E+00   -0.57313981E-01
    0.87493780E+01    0.24384280E+00   -0.57421394E-01
    0.91103870E+01    0.24261678E+00   -0.57507641E-01
    0.95106968E+01    0.24130672E+00   -0.57566791E-01
    0.99475164E+01    0.23993182E+00   -0.57595459E-01
    0.10418515E+02    0.23850934E+00   -0.57592471E-01
    0.10921886E+02    0.23705212E+00   -0.57558285E-01
    0.11456394E+02    0.23557021E+00   -0.57494374E-01
    0.12021422E+02    0.23407098E+00   -0.57402693E-01
    0.12617037E+02    0.23255966E+00   -0.57285512E-01
    0.13244095E+02    0.23103808E+00   -0.57144804E-01
    0.13904406E+02    0.22950756E+00   -0.56982523E-01
    0.14601025E+02    0.22796417E+00   -0.56799822E-01
    0.15338753E+02    0.22640270E+00   -0.56597572E-01
    0.16125061E+02    0.22481402E+00   -0.56375433E-01
    0.16971931E+02    0.22318249E+00   -0.56131892E-01
    0.17900019E+02    0.22147887E+00   -0.55862742E-01
    0.18950199E+02    0.21964865E+00   -0.55558365E-01
    0.20230566E+02    0.21754025E+00   -0.55190698E-01
    0.83935124E+01    0.24509521E+00   -0.57299223E-01
    0.84001272E+01    0.24507147E+00   -0.57301875E-01
    0.84529002E+01    0.24488270E+00   -0.57322484E-01
    0.85576892E+01    0.24451189E+00   -0.57360612E-01
    0.87130533E+01    0.24396855E+00   -0.57410736E-01
    0.89170005E+01    0.24326840E+00   -0.57465717E-01
    0.91671566E+01    0.24242792E+00   -0.57518218E-01
    0.94609468E+01    0.24146691E+00   -0.57561301E-01
    0.97957670E+01    0.24040366E+00   -0.57589299E-01
    0.10169132E+02    0.23925570E+00   -0.57597966E-01
    0.10578799E+02    0.23803870E+00   -0.57584744E-01
    0.11022856E+02    0.23676670E+00   -0.57548180E-01
    0.11499804E+02    0.23545264E+00   -0.57488116E-01
    0.12008616E+02    0.23410422E+00   -0.57405005E-01
    0.12548804E+02    0.23272942E+00   -0.57299832E-01
    0.13120500E+02    0.23133283E+00   -0.57173712E-01
    0.13724575E+02    0.22991767E+00   -0.57027925E-01
    0.14362814E+02    0.22848394E+00   -0.56863370E-01
    0.15038212E+02    0.22703026E+00   -0.56680855E-01
    0.15755483E+02    0.22555182E+00   -0.56480507E-01
    0.16521970E+02    0.22403910E+00   -0.56261702E-01
    0.17349477E+02    0.22247910E+00   -0.56022523E-01
    0.18258384E+02    0.22084362E+00   -0.55758777E-01
    0.19289063E+02    0.21907789E+00   -0.55460562E-01
    0.20548325E+02    0.21703598E+00   -0.55100325E-01
    0.92158696E+01    0.24226679E+00   -0.57526694E-01
    0.92218945E+01    0.24224692E+00   -0.57527704E-01
    0.92699905E+01    0.24208880E+00   -0.57535467E-01
    0.93656419E+01    0.24177621E+00   -0.57549375E-01
    0.95078126E+01    0.24131598E+00   -0.57566486E-01
    0.96950554E+01    0.24071995E+00   -0.57583049E-01
    0.99256215E+01    0.23999951E+00   -0.57594799E-01
    0.10197584E+02    0.23916974E+00   -0.57597754E-01
    0.10508961E+02    0.23824305E+00   -0.57588507E-01
    0.10857829E+02    0.23723421E+00   -0.57564146E-01
    0.11242428E+02    0.23615543E+00   -0.57522951E-01
    0.11661242E+02    0.23501850E+00   -0.57463677E-01
    0.12113080E+02    0.23383388E+00   -0.57385870E-01
    0.12597145E+02    0.23260909E+00   -0.57289707E-01
    0.13113111E+02    0.23135056E+00   -0.57175425E-01
    0.13661213E+02    0.23006325E+00   -0.57043738E-01
    0.14242372E+02    0.22874988E+00   -0.56895081E-01
    0.14858385E+02    0.22741088E+00   -0.56730150E-01
    0.15512222E+02    0.22604547E+00   -0.56549045E-01
    0.16208530E+02    0.22464967E+00   -0.56351622E-01
    0.16954548E+02    0.22321526E+00   -0.56136918E-01
    0.17761913E+02    0.22172752E+00   -0.55902851E-01
    0.18650732E+02    0.22016060E+00   -0.55645028E-01
    0.19660853E+02    0.21846195E+00   -0.55353630E-01
    0.20897724E+02    0.21648982E+00   -0.55001527E-01
    0.10051348E+02    0.23961333E+00   -0.57597574E-01
    0.10056872E+02    0.23959649E+00   -0.57597640E-01
    0.10100993E+02    0.23946223E+00   -0.57597996E-01
    0.10188846E+02    0.23919612E+00   -0.57597831E-01
    0.10319682E+02    0.23880291E+00   -0.57595605E-01
    0.10492447E+02    0.23829153E+00   -0.57589310E-01
    0.10705854E+02    0.23767002E+00   -0.57576445E-01
    0.10958470E+02    0.23694848E+00   -0.57554749E-01
    0.11248804E+02    0.23613784E+00   -0.57522155E-01
    0.11575396E+02    0.23524867E+00   -0.57476884E-01
    0.11936898E+02    0.23429099E+00   -0.57417761E-01
    0.12332149E+02    0.23327382E+00   -0.57343862E-01
    0.12760252E+02    0.23220566E+00   -0.57254785E-01
    0.13220643E+02    0.23109365E+00   -0.57150320E-01
    0.13713170E+02    0.22994386E+00   -0.57030781E-01
    0.14238191E+02    0.22875913E+00   -0.56896177E-01
    0.14796706E+02    0.22754252E+00   -0.56746950E-01
    0.15390548E+02    0.22629561E+00   -0.56583096E-01
    0.16022683E+02    0.22501666E+00   -0.56404611E-01
    0.16697718E+02    0.22370237E+00   -0.56211075E-01
    0.17422802E+02    0.22234427E+00   -0.56001263E-01
    0.18209418E+02    0.22092988E+00   -0.55773004E-01
    0.19077399E+02    0.21943312E+00   -0.55521615E-01
    0.20066053E+02    0.21780358E+00   -0.55237688E-01
    0.21279385E+02    0.21590316E+00   -0.54894156E-01
    0.10902139E+02    0.23710816E+00   -0.57560135E-01
    0.10907232E+02    0.23709370E+00   -0.57559662E-01
    0.10947927E+02    0.23697832E+00   -0.57555783E-01
    0.11029036E+02    0.23674931E+00   -0.57547528E-01
    0.11150017E+02    0.23641118E+00   -0.57534078E-01
    0.11310105E+02    0.23596909E+00   -0.57514323E-01
    0.11508360E+02    0.23542950E+00   -0.57486865E-01
    0.11743726E+02    0.23479905E+00   -0.57450488E-01
    0.12015100E+02    0.23408738E+00   -0.57403836E-01
    0.12321398E+02    0.23330107E+00   -0.57345983E-01
    0.12661618E+02    0.23244909E+00   -0.57276046E-01
    0.13034912E+02    0.23153835E+00   -0.57193412E-01
    0.13440650E+02    0.23057490E+00   -0.57097831E-01
    0.13878488E+02    0.22956624E+00   -0.56989103E-01
    0.14348451E+02    0.22851560E+00   -0.56867166E-01
    0.14851031E+02    0.22742655E+00   -0.56732158E-01
    0.15387318E+02    0.22630228E+00   -0.56584000E-01
    0.15959198E+02    0.22514284E+00   -0.56422710E-01
    0.16569653E+02    0.22394729E+00   -0.56247973E-01
    0.17223264E+02    0.22271242E+00   -0.56059123E-01
    0.17927105E+02    0.22143030E+00   -0.55854873E-01
    0.18692510E+02    0.22008867E+00   -0.55632918E-01
    0.19539042E+02    0.21866273E+00   -0.55388691E-01
    0.20505451E+02    0.21710353E+00   -0.55112488E-01
    0.21694222E+02    0.21527632E+00   -0.54778208E-01
    0.11770884E+02    0.23472718E+00   -0.57446032E-01
    0.11775601E+02    0.23471471E+00   -0.57445252E-01
    0.11813305E+02    0.23461523E+00   -0.57438969E-01
    0.11888511E+02    0.23441759E+00   -0.57426176E-01
    0.12000831E+02    0.23412444E+00   -0.57406406E-01
    0.12149714E+02    0.23373952E+00   -0.57379020E-01
    0.12334481E+02    0.23326791E+00   -0.57343401E-01
    0.12554368E+02    0.23271556E+00   -0.57298672E-01
    0.12808579E+02    0.23208708E+00   -0.57244205E-01
    0.13096332E+02    0.23139084E+00   -0.57179307E-01
    0.13416916E+02    0.23063064E+00   -0.57103574E-01
    0.13769750E+02    0.22981403E+00   -0.57016576E-01
    0.14154439E+02    0.22894496E+00   -0.56918046E-01
    0.14570844E+02    0.22802962E+00   -0.56807932E-01
    0.15019159E+02    0.22707037E+00   -0.56686091E-01
    0.15500006E+02    0.22607048E+00   -0.56552465E-01
    0.16014575E+02    0.22503275E+00   -0.56406923E-01
    0.16564814E+02    0.22395659E+00   -0.56249367E-01
    0.17153731E+02    0.22284162E+00   -0.56079269E-01
    0.17785890E+02    0.22168429E+00   -0.55895895E-01
    0.18468301E+02    0.22047613E+00   -0.55697864E-01
    0.19212158E+02    0.21920617E+00   -0.55482718E-01
    0.20036747E+02    0.21785070E+00   -0.55246057E-01
    0.20980243E+02    0.21636229E+00   -0.54978236E-01
    0.22143539E+02    0.21460954E+00   -0.54653646E-01
    0.12660835E+02    0.23245103E+00   -0.57276213E-01
    0.12665222E+02    0.23244017E+00   -0.57275277E-01
    0.12700284E+02    0.23235345E+00   -0.57267765E-01
    0.12770268E+02    0.23218105E+00   -0.57252601E-01
    0.12874898E+02    0.23192513E+00   -0.57229515E-01
    0.13013785E+02    0.23158914E+00   -0.57198228E-01
    0.13186450E+02    0.23117500E+00   -0.57158339E-01
    0.13392357E+02    0.23068843E+00   -0.57109500E-01
    0.13630948E+02    0.23013288E+00   -0.57051245E-01
    0.13901689E+02    0.22951371E+00   -0.56983214E-01
    0.14204108E+02    0.22883463E+00   -0.56905094E-01
    0.14537849E+02    0.22810119E+00   -0.56816780E-01
    0.14902724E+02    0.22731657E+00   -0.56718023E-01
    0.15298776E+02    0.22648554E+00   -0.56608718E-01
    0.15726353E+02    0.22561059E+00   -0.56488735E-01
    0.16186205E+02    0.22469350E+00   -0.56357999E-01
    0.16679618E+02    0.22373693E+00   -0.56216295E-01
    0.17208606E+02    0.22273962E+00   -0.56063371E-01
    0.17776207E+02    0.22170174E+00   -0.55898705E-01
    0.18386977E+02    0.22061797E+00   -0.55721423E-01
    0.19047866E+02    0.21948312E+00   -0.55530145E-01
    0.19769928E+02    0.21828362E+00   -0.55322374E-01
    0.20572173E+02    0.21699843E+00   -0.55093563E-01
    0.21492176E+02    0.21557963E+00   -0.54834575E-01
    0.22629171E+02    0.21390285E+00   -0.54520130E-01
    0.13576104E+02    0.23025943E+00   -0.57064775E-01
    0.13580195E+02    0.23024997E+00   -0.57063769E-01
    0.13612901E+02    0.23017447E+00   -0.57055707E-01
    0.13678216E+02    0.23002416E+00   -0.57039507E-01
    0.13775952E+02    0.22979983E+00   -0.57015014E-01
    0.13905842E+02    0.22950431E+00   -0.56982158E-01
    0.14067562E+02    0.22913918E+00   -0.56940602E-01
    0.14260753E+02    0.22870923E+00   -0.56890260E-01
    0.14485048E+02    0.22821596E+00   -0.56830898E-01
    0.14740109E+02    0.22766379E+00   -0.56762293E-01
    0.15025662E+02    0.22705668E+00   -0.56684304E-01
    0.15341542E+02    0.22639693E+00   -0.56596793E-01
    0.15687735E+02    0.22568861E+00   -0.56499640E-01
    0.16064445E+02    0.22493392E+00   -0.56392704E-01
    0.16472159E+02    0.22413545E+00   -0.56276034E-01
    0.16911744E+02    0.22329592E+00   -0.56149285E-01
    0.17384577E+02    0.22241449E+00   -0.56012345E-01
    0.17892735E+02    0.22149195E+00   -0.55864859E-01
    0.18439289E+02    0.22052665E+00   -0.55706260E-01
    0.19028788E+02    0.21951544E+00   -0.55535656E-01
    0.19668123E+02    0.21845003E+00   -0.55351541E-01
    0.20368208E+02    0.21732075E+00   -0.55151479E-01
    0.21147769E+02    0.21610405E+00   -0.54931111E-01
    0.22043763E+02    0.21475620E+00   -0.54681208E-01
    0.23153687E+02    0.21315507E+00   -0.54377374E-01
    0.14522042E+02    0.22813551E+00   -0.56821012E-01
    0.14525866E+02    0.22812721E+00   -0.56819989E-01
    0.14556448E+02    0.22806084E+00   -0.56811795E-01
    0.14617547E+02    0.22792836E+00   -0.56795376E-01
    0.14709043E+02    0.22773060E+00   -0.56770694E-01
    0.14830763E+02    0.22746977E+00   -0.56737685E-01
    0.14982503E+02    0.22714766E+00   -0.56696154E-01
    0.15164042E+02    0.22676615E+00   -0.56646124E-01
    0.15375165E+02    0.22632738E+00   -0.56587398E-01
    0.15615694E+02    0.22583457E+00   -0.56519974E-01
    0.15885516E+02    0.22529021E+00   -0.56443675E-01
    0.16184622E+02    0.22469662E+00   -0.56358451E-01
    0.16513150E+02    0.22405612E+00   -0.56264240E-01
    0.16871440E+02    0.22337194E+00   -0.56160920E-01
    0.17260102E+02    0.22264416E+00   -0.56048442E-01
    0.17680107E+02    0.22187529E+00   -0.55926591E-01
    0.18132915E+02    0.22106483E+00   -0.55795203E-01
    0.18620662E+02    0.22021240E+00   -0.55653750E-01
    0.19146448E+02    0.21931649E+00   -0.55501676E-01
    0.19714814E+02    0.21837357E+00   -0.55338147E-01
    0.20332588E+02    0.21737745E+00   -0.55161615E-01
    0.21010545E+02    0.21631564E+00   -0.54969688E-01
    0.21767114E+02    0.21516702E+00   -0.54757909E-01
    0.22638608E+02    0.21388930E+00   -0.54517551E-01
    0.23720715E+02    0.21236377E+00   -0.54224750E-01
    0.15505884E+02    0.22605844E+00   -0.56550820E-01
    0.15509466E+02    0.22605111E+00   -0.56549817E-01
    0.15538112E+02    0.22599254E+00   -0.56541789E-01
    0.15595366E+02    0.22587587E+00   -0.56525702E-01
    0.15681157E+02    0.22570191E+00   -0.56501498E-01
    0.15795389E+02    0.22547142E+00   -0.56469227E-01
    0.15937947E+02    0.22518524E+00   -0.56428762E-01
    0.16108722E+02    0.22484631E+00   -0.56380088E-01
    0.16307619E+02    0.22445597E+00   -0.56323251E-01
    0.16534590E+02    0.22401476E+00   -0.56258069E-01
    0.16789651E+02    0.22352694E+00   -0.56184532E-01
    0.17072925E+02    0.22299252E+00   -0.56102664E-01
    0.17384674E+02    0.22241431E+00   -0.56012317E-01
    0.17725356E+02    0.22179349E+00   -0.55913456E-01
    0.18095687E+02    0.22113061E+00   -0.55805994E-01
    0.18496728E+02    0.22042672E+00   -0.55689642E-01
    0.18930012E+02    0.21968287E+00   -0.55564203E-01
    0.19397727E+02    0.21889710E+00   -0.55429310E-01
    0.19902996E+02    0.21806698E+00   -0.55284283E-01
    0.20450346E+02    0.21719049E+00   -0.55128134E-01
    0.21046541E+02    0.21626021E+00   -0.54959546E-01
    0.21702206E+02    0.21526435E+00   -0.54775983E-01
    0.22435463E+02    0.21418269E+00   -0.54573258E-01
    0.23281953E+02    0.21297452E+00   -0.54342670E-01
    0.24335470E+02    0.21152551E+00   -0.54061240E-01
    0.16537902E+02    0.22400837E+00   -0.56257115E-01
    0.16541260E+02    0.22400190E+00   -0.56256149E-01
    0.16568122E+02    0.22395023E+00   -0.56248414E-01
    0.16621829E+02    0.22384733E+00   -0.56232948E-01
    0.16702349E+02    0.22369352E+00   -0.56209739E-01
    0.16809642E+02    0.22348892E+00   -0.56178759E-01
    0.16943669E+02    0.22323576E+00   -0.56140062E-01
    0.17104405E+02    0.22293361E+00   -0.56093551E-01
    0.17291854E+02    0.22258543E+00   -0.56039234E-01
    0.17506068E+02    0.22219180E+00   -0.55977131E-01
    0.17747173E+02    0.22175411E+00   -0.55907127E-01
    0.18015396E+02    0.22127287E+00   -0.55829260E-01
    0.18311107E+02    0.22075092E+00   -0.55743455E-01
    0.18634860E+02    0.22018794E+00   -0.55649632E-01
    0.18987460E+02    0.21958548E+00   -0.55547596E-01
    0.19370046E+02    0.21894313E+00   -0.55437267E-01
    0.19784214E+02    0.21826033E+00   -0.55318288E-01
    0.20232191E+02    0.21753765E+00   -0.55190234E-01
    0.20717118E+02    0.21677103E+00   -0.55052529E-01
    0.21243502E+02    0.21595770E+00   -0.54904233E-01
    0.21818035E+02    0.21509092E+00   -0.54743765E-01
    0.22451180E+02    0.21415986E+00   -0.54568938E-01
    0.23160737E+02    0.21314513E+00   -0.54375464E-01
    0.23981641E+02    0.21200521E+00   -0.54155060E-01
    0.25005696E+02    0.21063268E+00   -0.53885392E-01
    0.17633657E+02    0.22195947E+00   -0.55940089E-01
    0.17636807E+02    0.22195376E+00   -0.55939173E-01
    0.17662003E+02    0.22190807E+00   -0.55931851E-01
    0.17712393E+02    0.22181690E+00   -0.55917218E-01
    0.17787977E+02    0.22168053E+00   -0.55895290E-01
    0.17888759E+02    0.22149909E+00   -0.55866014E-01
    0.18014760E+02    0.22127400E+00   -0.55829444E-01
    0.18166021E+02    0.22100640E+00   -0.55785601E-01
    0.18342624E+02    0.22069562E+00   -0.55734299E-01
    0.18544705E+02    0.22034355E+00   -0.55675764E-01
    0.18772474E+02    0.21995113E+00   -0.55609779E-01
    0.19026249E+02    0.21951974E+00   -0.55536389E-01
    0.19306484E+02    0.21904889E+00   -0.55455548E-01
    0.19613813E+02    0.21853930E+00   -0.55367165E-01
    0.19949117E+02    0.21799217E+00   -0.55271088E-01
    0.20313600E+02    0.21740771E+00   -0.55167022E-01
    0.20708906E+02    0.21678385E+00   -0.55054851E-01
    0.21137295E+02    0.21612018E+00   -0.54934050E-01
    0.21601913E+02    0.21541457E+00   -0.54803955E-01
    0.22107240E+02    0.21466282E+00   -0.54663665E-01
    0.22659883E+02    0.21385874E+00   -0.54511739E-01
    0.23270135E+02    0.21299114E+00   -0.54345863E-01
    0.23955446E+02    0.21204100E+00   -0.54162022E-01
    0.24750005E+02    0.21097122E+00   -0.53952185E-01
    0.25743514E+02    0.20967564E+00   -0.53694801E-01
    0.18819082E+02    0.21987135E+00   -0.55596299E-01
    0.18822033E+02    0.21986631E+00   -0.55595445E-01
    0.18845645E+02    0.21982608E+00   -0.55588614E-01
    0.18892878E+02    0.21974583E+00   -0.55574945E-01
    0.18963758E+02    0.21962566E+00   -0.55554446E-01
    0.19058324E+02    0.21946541E+00   -0.55527125E-01
    0.19176641E+02    0.21926569E+00   -0.55492962E-01
    0.19318807E+02    0.21902838E+00   -0.55452002E-01
    0.19484965E+02    0.21875227E+00   -0.55404240E-01
    0.19675316E+02    0.21843823E+00   -0.55349475E-01
    0.19890143E+02    0.21808786E+00   -0.55287963E-01
    0.20129833E+02    0.21770133E+00   -0.55219466E-01
    0.20394909E+02    0.21727832E+00   -0.55143887E-01
    0.20686074E+02    0.21681952E+00   -0.55061309E-01
    0.21004268E+02    0.21632530E+00   -0.54971458E-01
    0.21350746E+02    0.21579455E+00   -0.54874134E-01
    0.21727190E+02    0.21522687E+00   -0.54769022E-01
    0.22135881E+02    0.21462078E+00   -0.54655760E-01
    0.22579961E+02    0.21397354E+00   -0.54533587E-01
    0.23063869E+02    0.21328201E+00   -0.54401719E-01
    0.23594116E+02    0.21253902E+00   -0.54258630E-01
    0.24180801E+02    0.21173445E+00   -0.54102174E-01
    0.24841002E+02    0.21085033E+00   -0.53928384E-01
    0.25608099E+02    0.20984978E+00   -0.53729566E-01
    0.26569541E+02    0.20863266E+00   -0.53485064E-01
    0.20144529E+02    0.21767781E+00   -0.55215268E-01
    0.20147286E+02    0.21767340E+00   -0.55214480E-01
    0.20169346E+02    0.21763811E+00   -0.55208178E-01
    0.20213487E+02    0.21756754E+00   -0.55195573E-01
    0.20279751E+02    0.21746170E+00   -0.55176668E-01
    0.20368208E+02    0.21732075E+00   -0.55151479E-01
    0.20478959E+02    0.21714530E+00   -0.55120008E-01
    0.20612145E+02    0.21693552E+00   -0.55082237E-01
    0.20767957E+02    0.21669179E+00   -0.55038160E-01
    0.20946652E+02    0.21641407E+00   -0.54987717E-01
    0.21148569E+02    0.21610282E+00   -0.54930886E-01
    0.21374151E+02    0.21575888E+00   -0.54867574E-01
    0.21623979E+02    0.21538153E+00   -0.54797799E-01
    0.21898809E+02    0.21497088E+00   -0.54721382E-01
    0.22199628E+02    0.21452717E+00   -0.54638162E-01
    0.22527728E+02    0.21404886E+00   -0.54547904E-01
    0.22884819E+02    0.21353616E+00   -0.54450368E-01
    0.23273191E+02    0.21298684E+00   -0.54345037E-01
    0.23695966E+02    0.21239785E+00   -0.54231366E-01
    0.24157530E+02    0.21176599E+00   -0.54108352E-01
    0.24664276E+02    0.21108508E+00   -0.53974650E-01
    0.25226085E+02    0.21034417E+00   -0.53828159E-01
    0.25859613E+02    0.20952726E+00   -0.53665109E-01
    0.26597348E+02    0.20859808E+00   -0.53478063E-01
    0.27524256E+02    0.20746348E+00   -0.53247417E-01
    0.21742000E+02    0.21520466E+00   -0.54764898E-01
    0.21744554E+02    0.21520083E+00   -0.54764186E-01
    0.21764995E+02    0.21517019E+00   -0.54758498E-01
    0.21805906E+02    0.21510901E+00   -0.54747130E-01
    0.21867345E+02    0.21501757E+00   -0.54730097E-01
    0.21949405E+02    0.21489584E+00   -0.54707360E-01
    0.22052216E+02    0.21474374E+00   -0.54678869E-01
    0.22175956E+02    0.21456196E+00   -0.54644699E-01
    0.22320854E+02    0.21434940E+00   -0.54604734E-01
    0.22487213E+02    0.21410755E+00   -0.54559034E-01
    0.22675416E+02    0.21383641E+00   -0.54507495E-01
    0.22885953E+02    0.21353454E+00   -0.54450060E-01
    0.23119450E+02    0.21320340E+00   -0.54386650E-01
    0.23376705E+02    0.21284144E+00   -0.54317126E-01
    0.23658740E+02    0.21244929E+00   -0.54241323E-01
    0.23966873E+02    0.21202538E+00   -0.54158984E-01
    0.24302828E+02    0.21156951E+00   -0.54069855E-01
    0.24668885E+02    0.21107895E+00   -0.53973441E-01
    0.25068134E+02    0.21055078E+00   -0.53869158E-01
    0.25504877E+02    0.20998257E+00   -0.53756122E-01
    0.25985361E+02    0.20936708E+00   -0.53633000E-01
    0.26519198E+02    0.20869539E+00   -0.53497753E-01
    0.27122538E+02    0.20795090E+00   -0.53346816E-01
    0.27826811E+02    0.20710050E+00   -0.53173154E-01
    0.28714059E+02    0.20605580E+00   -0.52958315E-01
