    0.25151651E-04    0.50907258E+01   -0.87915255E-05
    0.43065237E+00    0.50907258E+01   -0.15038790E+00
    0.12924095E+01    0.50907258E+01   -0.44789469E+00
    0.21555298E+01    0.50907258E+01   -0.73556050E+00
    0.30209432E+01    0.50907258E+01   -0.10067101E+01
    0.38896118E+01    0.50907258E+01   -0.12544921E+01
    0.47625446E+01    0.50907258E+01   -0.14717992E+01
    0.56408149E+01    0.50907258E+01   -0.16511784E+01
    0.65255794E+01    0.50907258E+01   -0.17848847E+01
    0.74181027E+01    0.50907258E+01   -0.18756875E+01
    0.83197865E+01    0.50907258E+01   -0.19392270E+01
    0.92322078E+01    0.50907258E+01   -0.19853770E+01
    0.10157167E+02    0.50907258E+01   -0.20199155E+01
    0.11096755E+02    0.50907258E+01   -0.20464065E+01
    0.12053439E+02    0.50907258E+01   -0.20671456E+01
    0.13030193E+02    0.50907258E+01   -0.20836655E+01
    0.14030675E+02    0.50907258E+01   -0.20970217E+01
    0.15059506E+02    0.50907258E+01   -0.21079609E+01
    0.16122698E+02    0.50907258E+01   -0.21170236E+01
    0.17228381E+02    0.50907258E+01   -0.21246106E+01
    0.18388090E+02    0.50907258E+01   -0.21310256E+01
    0.19619303E+02    0.50907258E+01   -0.21365055E+01
    0.20951141E+02    0.50907258E+01   -0.21412446E+01
    0.22440148E+02    0.50907258E+01   -0.21454214E+01
    0.24234557E+02    0.50907258E+01   -0.21492674E+01
    0.61103426E+00    0.50907258E+01   -0.21317394E+00
    0.74754554E+00    0.50907258E+01   -0.26055159E+00
    0.14295751E+01    0.50907258E+01   -0.49447739E+00
    0.22404624E+01    0.50907258E+01   -0.76304938E+00
    0.30821195E+01    0.50907258E+01   -0.10250418E+01
    0.39373141E+01    0.50907258E+01   -0.12672521E+01
    0.48015824E+01    0.50907258E+01   -0.14806619E+01
    0.56738131E+01    0.50907258E+01   -0.16570547E+01
    0.65541246E+01    0.50907258E+01   -0.17883777E+01
    0.74432258E+01    0.50907258E+01   -0.18777788E+01
    0.83421946E+01    0.50907258E+01   -0.19405469E+01
    0.92524064E+01    0.50907258E+01   -0.19862453E+01
    0.10175530E+02    0.50907258E+01   -0.20205059E+01
    0.11113565E+02    0.50907258E+01   -0.20468190E+01
    0.12068917E+02    0.50907258E+01   -0.20674401E+01
    0.13044512E+02    0.50907258E+01   -0.20838795E+01
    0.14043974E+02    0.50907258E+01   -0.20971795E+01
    0.15071897E+02    0.50907258E+01   -0.21080784E+01
    0.16134272E+02    0.50907258E+01   -0.21171119E+01
    0.17239213E+02    0.50907258E+01   -0.21246772E+01
    0.18398239E+02    0.50907258E+01   -0.21310759E+01
    0.19628815E+02    0.50907258E+01   -0.21365434E+01
    0.20960050E+02    0.50907258E+01   -0.21412728E+01
    0.22448466E+02    0.50907258E+01   -0.21454420E+01
    0.24242259E+02    0.50907258E+01   -0.21492816E+01
    0.14031807E+01    0.50907258E+01   -0.48553515E+00
    0.14677798E+01    0.50907258E+01   -0.50740192E+00
    0.19076788E+01    0.50907258E+01   -0.65441370E+00
    0.25720080E+01    0.50907258E+01   -0.86863772E+00
    0.33309179E+01    0.50907258E+01   -0.10982956E+01
    0.41349723E+01    0.50907258E+01   -0.13190880E+01
    0.49649519E+01    0.50907258E+01   -0.15168935E+01
    0.58127195E+01    0.50907258E+01   -0.16810607E+01
    0.66747361E+01    0.50907258E+01   -0.18026429E+01
    0.75496466E+01    0.50907258E+01   -0.18864055E+01
    0.84372842E+01    0.50907258E+01   -0.19460300E+01
    0.93382320E+01    0.50907258E+01   -0.19898711E+01
    0.10253632E+02    0.50907258E+01   -0.20229814E+01
    0.11185119E+02    0.50907258E+01   -0.20485535E+01
    0.12134839E+02    0.50907258E+01   -0.20686815E+01
    0.13105528E+02    0.50907258E+01   -0.20847834E+01
    0.14100666E+02    0.50907258E+01   -0.20978467E+01
    0.15124736E+02    0.50907258E+01   -0.21085762E+01
    0.16183643E+02    0.50907258E+01   -0.21174861E+01
    0.17285428E+02    0.50907258E+01   -0.21249598E+01
    0.18441550E+02    0.50907258E+01   -0.21312895E+01
    0.19669417E+02    0.50907258E+01   -0.21367043E+01
    0.20998077E+02    0.50907258E+01   -0.21413928E+01
    0.22483976E+02    0.50907258E+01   -0.21455294E+01
    0.24275146E+02    0.50907258E+01   -0.21493421E+01
    0.22014476E+01    0.50907258E+01   -0.75044315E+00
    0.22431748E+01    0.50907258E+01   -0.76392444E+00
    0.25527816E+01    0.50907258E+01   -0.86259361E+00
    0.30810194E+01    0.50907258E+01   -0.10247132E+01
    0.37379767E+01    0.50907258E+01   -0.12133067E+01
    0.44693905E+01    0.50907258E+01   -0.14028043E+01
    0.52467326E+01    0.50907258E+01   -0.15760231E+01
    0.60551766E+01    0.50907258E+01   -0.17200660E+01
    0.68869121E+01    0.50907258E+01   -0.18259342E+01
    0.77378691E+01    0.50907258E+01   -0.19007947E+01
    0.86061152E+01    0.50907258E+01   -0.19553167E+01
    0.94910501E+01    0.50907258E+01   -0.19960820E+01
    0.10392999E+02    0.50907258E+01   -0.20272583E+01
    0.11313017E+02    0.50907258E+01   -0.20515703E+01
    0.12252827E+02    0.50907258E+01   -0.20708520E+01
    0.13214852E+02    0.50907258E+01   -0.20863705E+01
    0.14202332E+02    0.50907258E+01   -0.20990223E+01
    0.15219563E+02    0.50907258E+01   -0.21094558E+01
    0.16272300E+02    0.50907258E+01   -0.21181489E+01
    0.17368462E+02    0.50907258E+01   -0.21254614E+01
    0.18519401E+02    0.50907258E+01   -0.21316693E+01
    0.19742427E+02    0.50907258E+01   -0.21369907E+01
    0.21066483E+02    0.50907258E+01   -0.21416066E+01
    0.22547874E+02    0.50907258E+01   -0.21456855E+01
    0.24334341E+02    0.50907258E+01   -0.21494501E+01
    0.30030667E+01    0.50907258E+01   -0.10013304E+01
    0.30337883E+01    0.50907258E+01   -0.10105693E+01
    0.32693626E+01    0.50907258E+01   -0.10803711E+01
    0.36965820E+01    0.50907258E+01   -0.12019020E+01
    0.42596370E+01    0.50907258E+01   -0.13508965E+01
    0.49140095E+01    0.50907258E+01   -0.15057458E+01
    0.56302967E+01    0.50907258E+01   -0.16492915E+01
    0.63903992E+01    0.50907258E+01   -0.17676995E+01
    0.71834251E+01    0.50907258E+01   -0.18550734E+01
    0.80029155E+01    0.50907258E+01   -0.19193488E+01
    0.88451827E+01    0.50907258E+01   -0.19675591E+01
    0.97083506E+01    0.50907258E+01   -0.20044066E+01
    0.10591811E+02    0.50907258E+01   -0.20330644E+01
    0.11495929E+02    0.50907258E+01   -0.20557070E+01
    0.12421909E+02    0.50907258E+01   -0.20738520E+01
    0.13371774E+02    0.50907258E+01   -0.20885782E+01
    0.14348459E+02    0.50907258E+01   -0.21006663E+01
    0.15356013E+02    0.50907258E+01   -0.21106912E+01
    0.16399994E+02    0.50907258E+01   -0.21190834E+01
    0.17488154E+02    0.50907258E+01   -0.21261706E+01
    0.18631700E+02    0.50907258E+01   -0.21322077E+01
    0.19847807E+02    0.50907258E+01   -0.21373978E+01
    0.21165272E+02    0.50907258E+01   -0.21419111E+01
    0.22640200E+02    0.50907258E+01   -0.21459081E+01
    0.24419914E+02    0.50907258E+01   -0.21496045E+01
    0.38082641E+01    0.50907258E+01   -0.12325141E+01
    0.38325366E+01    0.50907258E+01   -0.12391004E+01
    0.40215914E+01    0.50907258E+01   -0.12895602E+01
    0.43759781E+01    0.50907258E+01   -0.13799418E+01
    0.48609642E+01    0.50907258E+01   -0.14939927E+01
    0.54435241E+01    0.50907258E+01   -0.16146854E+01
    0.60979264E+01    0.50907258E+01   -0.17265522E+01
    0.68060023E+01    0.50907258E+01   -0.18173104E+01
    0.75555318E+01    0.50907258E+01   -0.18868718E+01
    0.83385324E+01    0.50907258E+01   -0.19403319E+01
    0.91499575E+01    0.50907258E+01   -0.19817811E+01
    0.99868181E+01    0.50907258E+01   -0.20142788E+01
    0.10847623E+02    0.50907258E+01   -0.20400615E+01
    0.11732044E+02    0.50907258E+01   -0.20607562E+01
    0.12640739E+02    0.50907258E+01   -0.20775516E+01
    0.13575302E+02    0.50907258E+01   -0.20913238E+01
    0.14538319E+02    0.50907258E+01   -0.21027250E+01
    0.15533563E+02    0.50907258E+01   -0.21122473E+01
    0.16566359E+02    0.50907258E+01   -0.21202660E+01
    0.17644262E+02    0.50907258E+01   -0.21270720E+01
    0.18778305E+02    0.50907258E+01   -0.21328945E+01
    0.19985492E+02    0.50907258E+01   -0.21379186E+01
    0.21294440E+02    0.50907258E+01   -0.21423017E+01
    0.22761000E+02    0.50907258E+01   -0.21461943E+01
    0.24531952E+02    0.50907258E+01   -0.21498034E+01
    0.46177598E+01    0.50907258E+01   -0.14382548E+01
    0.46377977E+01    0.50907258E+01   -0.14429598E+01
    0.47952088E+01    0.50907258E+01   -0.14792202E+01
    0.50960783E+01    0.50907258E+01   -0.15449494E+01
    0.55181341E+01    0.50907258E+01   -0.16287575E+01
    0.60376142E+01    0.50907258E+01   -0.17173669E+01
    0.66336669E+01    0.50907258E+01   -0.17978732E+01
    0.72898901E+01    0.50907258E+01   -0.18646737E+01
    0.79941786E+01    0.50907258E+01   -0.19187667E+01
    0.87379604E+01    0.50907258E+01   -0.19621939E+01
    0.95153851E+01    0.50907258E+01   -0.19970431E+01
    0.10322663E+02    0.50907258E+01   -0.20251219E+01
    0.11157587E+02    0.50907258E+01   -0.20478902E+01
    0.12019221E+02    0.50907258E+01   -0.20664903E+01
    0.12907715E+02    0.50907258E+01   -0.20818045E+01
    0.13824241E+02    0.50907258E+01   -0.20945116E+01
    0.14771038E+02    0.50907258E+01   -0.21051353E+01
    0.15751585E+02    0.50907258E+01   -0.21140818E+01
    0.16770960E+02    0.50907258E+01   -0.21216686E+01
    0.17836502E+02    0.50907258E+01   -0.21281464E+01
    0.18959049E+02    0.50907258E+01   -0.21337167E+01
    0.20155415E+02    0.50907258E+01   -0.21385445E+01
    0.21453998E+02    0.50907258E+01   -0.21427726E+01
    0.22910346E+02    0.50907258E+01   -0.21465404E+01
    0.24670579E+02    0.50907258E+01   -0.21500445E+01
    0.54324561E+01    0.50907258E+01   -0.16125702E+01
    0.54494991E+01    0.50907258E+01   -0.16158244E+01
    0.55840757E+01    0.50907258E+01   -0.16409207E+01
    0.58444750E+01    0.50907258E+01   -0.16863810E+01
    0.62159213E+01    0.50907258E+01   -0.17438327E+01
    0.66813665E+01    0.50907258E+01   -0.18034047E+01
    0.72245007E+01    0.50907258E+01   -0.18588279E+01
    0.78313710E+01    0.50907258E+01   -0.19075573E+01
    0.84908636E+01    0.50907258E+01   -0.19490379E+01
    0.91945542E+01    0.50907258E+01   -0.19837430E+01
    0.99363186E+01    0.50907258E+01   -0.20125509E+01
    0.10711920E+02    0.50907258E+01   -0.20364134E+01
    0.11518664E+02    0.50907258E+01   -0.20562071E+01
    0.12355143E+02    0.50907258E+01   -0.20726825E+01
    0.13221081E+02    0.50907258E+01   -0.20864597E+01
    0.14117277E+02    0.50907258E+01   -0.20980406E+01
    0.15045645E+02    0.50907258E+01   -0.21078290E+01
    0.16009381E+02    0.50907258E+01   -0.21161486E+01
    0.17013317E+02    0.50907258E+01   -0.21232595E+01
    0.18064570E+02    0.50907258E+01   -0.21293724E+01
    0.19173769E+02    0.50907258E+01   -0.21346596E+01
    0.20357520E+02    0.50907258E+01   -0.21392654E+01
    0.21643981E+02    0.50907258E+01   -0.21433172E+01
    0.23088348E+02    0.50907258E+01   -0.21469421E+01
    0.24835969E+02    0.50907258E+01   -0.21503252E+01
    0.62533779E+01    0.50907258E+01   -0.17491253E+01
    0.62681893E+01    0.50907258E+01   -0.17511922E+01
    0.63855350E+01    0.50907258E+01   -0.17670606E+01
    0.66144572E+01    0.50907258E+01   -0.17956115E+01
    0.69448422E+01    0.50907258E+01   -0.18319235E+01
    0.73643611E+01    0.50907258E+01   -0.18711414E+01
    0.78604431E+01    0.50907258E+01   -0.19096106E+01
    0.84216107E+01    0.50907258E+01   -0.19451391E+01
    0.90381371E+01    0.50907258E+01   -0.19767320E+01
    0.97022153E+01    0.50907258E+01   -0.20041794E+01
    0.10407862E+02    0.50907258E+01   -0.20277041E+01
    0.11150713E+02    0.50907258E+01   -0.20477237E+01
    0.11927815E+02    0.50907258E+01   -0.20647113E+01
    0.12737453E+02    0.50907258E+01   -0.20791243E+01
    0.13579033E+02    0.50907258E+01   -0.20913729E+01
    0.14453051E+02    0.50907258E+01   -0.21018110E+01
    0.15361139E+02    0.50907258E+01   -0.21107370E+01
    0.16306240E+02    0.50907258E+01   -0.21183996E+01
    0.17292950E+02    0.50907258E+01   -0.21250056E+01
    0.18328171E+02    0.50907258E+01   -0.21307267E+01
    0.19422322E+02    0.50907258E+01   -0.21357072E+01
    0.20591789E+02    0.50907258E+01   -0.21400705E+01
    0.21864470E+02    0.50907258E+01   -0.21439280E+01
    0.23295171E+02    0.50907258E+01   -0.21473944E+01
    0.25028354E+02    0.50907258E+01   -0.21506424E+01
    0.70816703E+01    0.50907258E+01   -0.18454876E+01
    0.70947527E+01    0.50907258E+01   -0.18467433E+01
    0.71986371E+01    0.50907258E+01   -0.18564714E+01
    0.74024566E+01    0.50907258E+01   -0.18743742E+01
    0.76991008E+01    0.50907258E+01   -0.18979177E+01
    0.80795504E+01    0.50907258E+01   -0.19243734E+01
    0.85341599E+01    0.50907258E+01   -0.19514268E+01
    0.90536648E+01    0.50907258E+01   -0.19774445E+01
    0.96298100E+01    0.50907258E+01   -0.20014637E+01
    0.10255647E+02    0.50907258E+01   -0.20230445E+01
    0.10925608E+02    0.50907258E+01   -0.20420954E+01
    0.11635451E+02    0.50907258E+01   -0.20587287E+01
    0.12382169E+02    0.50907258E+01   -0.20731583E+01
    0.13163891E+02    0.50907258E+01   -0.20856358E+01
    0.13979823E+02    0.50907258E+01   -0.20964142E+01
    0.14830239E+02    0.50907258E+01   -0.21057295E+01
    0.15716549E+02    0.50907258E+01   -0.21137925E+01
    0.16641477E+02    0.50907258E+01   -0.21207874E+01
    0.17609413E+02    0.50907258E+01   -0.21268731E+01
    0.18627055E+02    0.50907258E+01   -0.21321857E+01
    0.19704616E+02    0.50907258E+01   -0.21368428E+01
    0.20858262E+02    0.50907258E+01   -0.21409480E+01
    0.22115614E+02    0.50907258E+01   -0.21445970E+01
    0.23531050E+02    0.50907258E+01   -0.21478919E+01
    0.25248046E+02    0.50907258E+01   -0.21509927E+01
    0.79186163E+01    0.50907258E+01   -0.19136509E+01
    0.79303181E+01    0.50907258E+01   -0.19144528E+01
    0.80233912E+01    0.50907258E+01   -0.19207055E+01
    0.82067529E+01    0.50907258E+01   -0.19324022E+01
    0.84752924E+01    0.50907258E+01   -0.19481696E+01
    0.88223332E+01    0.50907258E+01   -0.19664323E+01
    0.92404716E+01    0.50907258E+01   -0.19857330E+01
    0.97223082E+01    0.50907258E+01   -0.20049221E+01
    0.10260978E+02    0.50907258E+01   -0.20232113E+01
    0.10850471E+02    0.50907258E+01   -0.20401366E+01
    0.11485788E+02    0.50907258E+01   -0.20554829E+01
    0.12162983E+02    0.50907258E+01   -0.20692051E+01
    0.12879151E+02    0.50907258E+01   -0.20813625E+01
    0.13632405E+02    0.50907258E+01   -0.20920712E+01
    0.14421854E+02    0.50907258E+01   -0.21014723E+01
    0.15247637E+02    0.50907258E+01   -0.21097129E+01
    0.16111001E+02    0.50907258E+01   -0.21169342E+01
    0.17014500E+02    0.50907258E+01   -0.21232671E+01
    0.17962346E+02    0.50907258E+01   -0.21288293E+01
    0.18961055E+02    0.50907258E+01   -0.21337256E+01
    0.20020648E+02    0.50907258E+01   -0.21380496E+01
    0.21157068E+02    0.50907258E+01   -0.21418860E+01
    0.22397652E+02    0.50907258E+01   -0.21453159E+01
    0.23796318E+02    0.50907258E+01   -0.21484291E+01
    0.25495456E+02    0.50907258E+01   -0.21513726E+01
    0.87656672E+01    0.50907258E+01   -0.19635994E+01
    0.87762397E+01    0.50907258E+01   -0.19641322E+01
    0.88604314E+01    0.50907258E+01   -0.19683061E+01
    0.90268062E+01    0.50907258E+01   -0.19762097E+01
    0.92716244E+01    0.50907258E+01   -0.19870660E+01
    0.95898906E+01    0.50907258E+01   -0.19999397E+01
    0.99759086E+01    0.50907258E+01   -0.20139078E+01
    0.10423805E+02    0.50907258E+01   -0.20281802E+01
    0.10927951E+02    0.50907258E+01   -0.20421558E+01
    0.11483256E+02    0.50907258E+01   -0.20554269E+01
    0.12085354E+02    0.50907258E+01   -0.20677515E+01
    0.12730695E+02    0.50907258E+01   -0.20790156E+01
    0.13416593E+02    0.50907258E+01   -0.20891940E+01
    0.14141248E+02    0.50907258E+01   -0.20983192E+01
    0.14903769E+02    0.50907258E+01   -0.21064570E+01
    0.15704231E+02    0.50907258E+01   -0.21136903E+01
    0.16543784E+02    0.50907258E+01   -0.21201078E+01
    0.17424857E+02    0.50907258E+01   -0.21257975E+01
    0.18351521E+02    0.50907258E+01   -0.21308436E+01
    0.19330133E+02    0.50907258E+01   -0.21353240E+01
    0.20370537E+02    0.50907258E+01   -0.21393110E+01
    0.21488461E+02    0.50907258E+01   -0.21428727E+01
    0.22710950E+02    0.50907258E+01   -0.21460764E+01
    0.24091434E+02    0.50907258E+01   -0.21490002E+01
    0.25771121E+02    0.50907258E+01   -0.21517783E+01
    0.96244865E+01    0.50907258E+01   -0.20012616E+01
    0.96341165E+01    0.50907258E+01   -0.20016270E+01
    0.97108734E+01    0.50907258E+01   -0.20045000E+01
    0.98629128E+01    0.50907258E+01   -0.20099910E+01
    0.10087459E+02    0.50907258E+01   -0.20176440E+01
    0.10380743E+02    0.50907258E+01   -0.20268892E+01
    0.10738369E+02    0.50907258E+01   -0.20371355E+01
    0.11155695E+02    0.50907258E+01   -0.20478444E+01
    0.11628152E+02    0.50907258E+01   -0.20585734E+01
    0.12151501E+02    0.50907258E+01   -0.20689919E+01
    0.12722012E+02    0.50907258E+01   -0.20788757E+01
    0.13336581E+02    0.50907258E+01   -0.20880901E+01
    0.13992812E+02    0.50907258E+01   -0.20965700E+01
    0.14689068E+02    0.50907258E+01   -0.21043001E+01
    0.15424531E+02    0.50907258E+01   -0.21112985E+01
    0.16199280E+02    0.50907258E+01   -0.21176039E+01
    0.17014423E+02    0.50907258E+01   -0.21232666E+01
    0.17872310E+02    0.50907258E+01   -0.21283424E+01
    0.18776904E+02    0.50907258E+01   -0.21328880E+01
    0.19734433E+02    0.50907258E+01   -0.21369595E+01
    0.20754580E+02    0.50907258E+01   -0.21406113E+01
    0.21852866E+02    0.50907258E+01   -0.21438964E+01
    0.23056042E+02    0.50907258E+01   -0.21468701E+01
    0.24417023E+02    0.50907258E+01   -0.21495993E+01
    0.26075746E+02    0.50907258E+01   -0.21522059E+01
    0.10497009E+02    0.50907258E+01   -0.20303377E+01
    0.10505839E+02    0.50907258E+01   -0.20305949E+01
    0.10576271E+02    0.50907258E+01   -0.20326226E+01
    0.10716039E+02    0.50907258E+01   -0.20365262E+01
    0.10923062E+02    0.50907258E+01   -0.20420297E+01
    0.11194475E+02    0.50907258E+01   -0.20487778E+01
    0.11526883E+02    0.50907258E+01   -0.20563871E+01
    0.11916626E+02    0.50907258E+01   -0.20644907E+01
    0.12360031E+02    0.50907258E+01   -0.20727688E+01
    0.12853616E+02    0.50907258E+01   -0.20809648E+01
    0.13394254E+02    0.50907258E+01   -0.20888879E+01
    0.13979301E+02    0.50907258E+01   -0.20964079E+01
    0.14606685E+02    0.50907258E+01   -0.21034457E+01
    0.15274985E+02    0.50907258E+01   -0.21099618E+01
    0.15983510E+02    0.50907258E+01   -0.21159460E+01
    0.16732398E+02    0.50907258E+01   -0.21214085E+01
    0.17522758E+02    0.50907258E+01   -0.21263727E+01
    0.18356903E+02    0.50907258E+01   -0.21308704E+01
    0.19238726E+02    0.50907258E+01   -0.21349378E+01
    0.20174348E+02    0.50907258E+01   -0.21386131E+01
    0.21173310E+02    0.50907258E+01   -0.21419357E+01
    0.22250938E+02    0.50907258E+01   -0.21449461E+01
    0.23433683E+02    0.50907258E+01   -0.21476888E+01
    0.24773927E+02    0.50907258E+01   -0.21502208E+01
    0.26410244E+02    0.50907258E+01   -0.21526517E+01
    0.11385522E+02    0.50907258E+01   -0.20532345E+01
    0.11393664E+02    0.50907258E+01   -0.20534194E+01
    0.11458640E+02    0.50907258E+01   -0.20548801E+01
    0.11587771E+02    0.50907258E+01   -0.20577086E+01
    0.11779483E+02    0.50907258E+01   -0.20617332E+01
    0.12031592E+02    0.50907258E+01   -0.20667278E+01
    0.12341473E+02    0.50907258E+01   -0.20724407E+01
    0.12706255E+02    0.50907258E+01   -0.20786210E+01
    0.13123007E+02    0.50907258E+01   -0.20850399E+01
    0.13588906E+02    0.50907258E+01   -0.20915027E+01
    0.14101382E+02    0.50907258E+01   -0.20978551E+01
    0.14658232E+02    0.50907258E+01   -0.21039821E+01
    0.15257725E+02    0.50907258E+01   -0.21098049E+01
    0.15898682E+02    0.50907258E+01   -0.21152743E+01
    0.16580577E+02    0.50907258E+01   -0.21203653E+01
    0.17303643E+02    0.50907258E+01   -0.21250705E+01
    0.18069033E+02    0.50907258E+01   -0.21293959E+01
    0.18879058E+02    0.50907258E+01   -0.21333561E+01
    0.19737566E+02    0.50907258E+01   -0.21369718E+01
    0.20650599E+02    0.50907258E+01   -0.21402676E+01
    0.21627574E+02    0.50907258E+01   -0.21432708E+01
    0.22683632E+02    0.50907258E+01   -0.21460116E+01
    0.23844925E+02    0.50907258E+01   -0.21485250E+01
    0.25163274E+02    0.50907258E+01   -0.21508590E+01
    0.26775808E+02    0.50907258E+01   -0.21531118E+01
    0.12292786E+02    0.50907258E+01   -0.20715725E+01
    0.12300327E+02    0.50907258E+01   -0.20717077E+01
    0.12360538E+02    0.50907258E+01   -0.20727778E+01
    0.12480340E+02    0.50907258E+01   -0.20748596E+01
    0.12658542E+02    0.50907258E+01   -0.20778439E+01
    0.12893473E+02    0.50907258E+01   -0.20815845E+01
    0.13183111E+02    0.50907258E+01   -0.20859139E+01
    0.13525212E+02    0.50907258E+01   -0.20906600E+01
    0.13917463E+02    0.50907258E+01   -0.20956596E+01
    0.14357605E+02    0.50907258E+01   -0.21007675E+01
    0.14843565E+02    0.50907258E+01   -0.21058622E+01
    0.15373556E+02    0.50907258E+01   -0.21108475E+01
    0.15946179E+02    0.50907258E+01   -0.21156518E+01
    0.16560512E+02    0.50907258E+01   -0.21202251E+01
    0.17216213E+02    0.50907258E+01   -0.21245357E+01
    0.17913641E+02    0.50907258E+01   -0.21285669E+01
    0.18654019E+02    0.50907258E+01   -0.21323134E+01
    0.19439683E+02    0.50907258E+01   -0.21357787E+01
    0.20274466E+02    0.50907258E+01   -0.21389722E+01
    0.21164349E+02    0.50907258E+01   -0.21419083E+01
    0.22118644E+02    0.50907258E+01   -0.21446049E+01
    0.23152313E+02    0.50907258E+01   -0.21470836E+01
    0.24291210E+02    0.50907258E+01   -0.21493715E+01
    0.25586575E+02    0.50907258E+01   -0.21515087E+01
    0.27174001E+02    0.50907258E+01   -0.21535825E+01
    0.13222196E+02    0.50907258E+01   -0.20864756E+01
    0.13229208E+02    0.50907258E+01   -0.20865758E+01
    0.13285210E+02    0.50907258E+01   -0.20873704E+01
    0.13396745E+02    0.50907258E+01   -0.20889221E+01
    0.13562912E+02    0.50907258E+01   -0.20911603E+01
    0.13782437E+02    0.50907258E+01   -0.20939888E+01
    0.14053765E+02    0.50907258E+01   -0.20972953E+01
    0.14375162E+02    0.50907258E+01   -0.21009611E+01
    0.14744818E+02    0.50907258E+01   -0.21048698E+01
    0.15160961E+02    0.50907258E+01   -0.21089143E+01
    0.15621950E+02    0.50907258E+01   -0.21130009E+01
    0.16126380E+02    0.50907258E+01   -0.21170517E+01
    0.16673168E+02    0.50907258E+01   -0.21210051E+01
    0.17261647E+02    0.50907258E+01   -0.21248147E+01
    0.17891671E+02    0.50907258E+01   -0.21284478E+01
    0.18563739E+02    0.50907258E+01   -0.21318832E+01
    0.19279168E+02    0.50907258E+01   -0.21351094E+01
    0.20040339E+02    0.50907258E+01   -0.21381226E+01
    0.20851088E+02    0.50907258E+01   -0.21409249E+01
    0.21717357E+02    0.50907258E+01   -0.21435229E+01
    0.22648363E+02    0.50907258E+01   -0.21459276E+01
    0.23658899E+02    0.50907258E+01   -0.21481537E+01
    0.24774519E+02    0.50907258E+01   -0.21502218E+01
    0.26045858E+02    0.50907258E+01   -0.21521649E+01
    0.27606888E+02    0.50907258E+01   -0.21540602E+01
    0.14178047E+02    0.50907258E+01   -0.20987439E+01
    0.14184586E+02    0.50907258E+01   -0.20988190E+01
    0.14236830E+02    0.50907258E+01   -0.20994152E+01
    0.14340966E+02    0.50907258E+01   -0.21005833E+01
    0.14496313E+02    0.50907258E+01   -0.21022769E+01
    0.14701908E+02    0.50907258E+01   -0.21044319E+01
    0.14956565E+02    0.50907258E+01   -0.21069724E+01
    0.15258958E+02    0.50907258E+01   -0.21098161E+01
    0.15607697E+02    0.50907258E+01   -0.21128803E+01
    0.16001414E+02    0.50907258E+01   -0.21160863E+01
    0.16438852E+02    0.50907258E+01   -0.21193631E+01
    0.16918944E+02    0.50907258E+01   -0.21226488E+01
    0.17440902E+02    0.50907258E+01   -0.21258925E+01
    0.18004304E+02    0.50907258E+01   -0.21290535E+01
    0.18609202E+02    0.50907258E+01   -0.21321007E+01
    0.19256244E+02    0.50907258E+01   -0.21350123E+01
    0.19946851E+02    0.50907258E+01   -0.21377737E+01
    0.20683465E+02    0.50907258E+01   -0.21403769E+01
    0.21469942E+02    0.50907258E+01   -0.21428190E+01
    0.22312197E+02    0.50907258E+01   -0.21451016E+01
    0.23219364E+02    0.50907258E+01   -0.21472304E+01
    0.24206074E+02    0.50907258E+01   -0.21492147E+01
    0.25297575E+02    0.50907258E+01   -0.21510700E+01
    0.26543874E+02    0.50907258E+01   -0.21528231E+01
    0.28077229E+02    0.50907258E+01   -0.21545415E+01
    0.15165926E+02    0.50907258E+01   -0.21089604E+01
    0.15172039E+02    0.50907258E+01   -0.21090172E+01
    0.15220894E+02    0.50907258E+01   -0.21094680E+01
    0.15318342E+02    0.50907258E+01   -0.21103537E+01
    0.15463874E+02    0.50907258E+01   -0.21116433E+01
    0.15656768E+02    0.50907258E+01   -0.21132940E+01
    0.15896136E+02    0.50907258E+01   -0.21152540E+01
    0.16180979E+02    0.50907258E+01   -0.21174660E+01
    0.16510254E+02    0.50907258E+01   -0.21198715E+01
    0.16882937E+02    0.50907258E+01   -0.21224129E+01
    0.17298097E+02    0.50907258E+01   -0.21250369E+01
    0.17754970E+02    0.50907258E+01   -0.21276954E+01
    0.18253037E+02    0.50907258E+01   -0.21303473E+01
    0.18792107E+02    0.50907258E+01   -0.21329582E+01
    0.19372421E+02    0.50907258E+01   -0.21355005E+01
    0.19994780E+02    0.50907258E+01   -0.21379533E+01
    0.20660715E+02    0.50907258E+01   -0.21403013E+01
    0.21372740E+02    0.50907258E+01   -0.21425343E+01
    0.22134739E+02    0.50907258E+01   -0.21446468E+01
    0.22952612E+02    0.50907258E+01   -0.21466369E+01
    0.23835418E+02    0.50907258E+01   -0.21485063E+01
    0.24797628E+02    0.50907258E+01   -0.21502608E+01
    0.25864176E+02    0.50907258E+01   -0.21519112E+01
    0.27084415E+02    0.50907258E+01   -0.21534793E+01
    0.28588793E+02    0.50907258E+01   -0.21550234E+01
    0.16193390E+02    0.50907258E+01   -0.21175596E+01
    0.16199116E+02    0.50907258E+01   -0.21176026E+01
    0.16244883E+02    0.50907258E+01   -0.21179452E+01
    0.16336224E+02    0.50907258E+01   -0.21186197E+01
    0.16472765E+02    0.50907258E+01   -0.21196054E+01
    0.16653978E+02    0.50907258E+01   -0.21208735E+01
    0.16879210E+02    0.50907258E+01   -0.21223884E+01
    0.17147731E+02    0.50907258E+01   -0.21241105E+01
    0.17458782E+02    0.50907258E+01   -0.21259981E+01
    0.17811629E+02    0.50907258E+01   -0.21280096E+01
    0.18205624E+02    0.50907258E+01   -0.21301052E+01
    0.18640267E+02    0.50907258E+01   -0.21322484E+01
    0.19115280E+02    0.50907258E+01   -0.21344063E+01
    0.19630687E+02    0.50907258E+01   -0.21365508E+01
    0.20186909E+02    0.50907258E+01   -0.21386585E+01
    0.20784894E+02    0.50907258E+01   -0.21407103E+01
    0.21426286E+02    0.50907258E+01   -0.21426917E+01
    0.22113675E+02    0.50907258E+01   -0.21445919E+01
    0.22850980E+02    0.50907258E+01   -0.21464039E+01
    0.23644090E+02    0.50907258E+01   -0.21481236E+01
    0.24501995E+02    0.50907258E+01   -0.21497505E+01
    0.25439004E+02    0.50907258E+01   -0.21512873E+01
    0.26479732E+02    0.50907258E+01   -0.21527413E+01
    0.27672841E+02    0.50907258E+01   -0.21541300E+01
    0.29146864E+02    0.50907258E+01   -0.21555031E+01
    0.17271166E+02    0.50907258E+01   -0.21248729E+01
    0.17276534E+02    0.50907258E+01   -0.21249056E+01
    0.17319454E+02    0.50907258E+01   -0.21251663E+01
    0.17405157E+02    0.50907258E+01   -0.21256805E+01
    0.17533376E+02    0.50907258E+01   -0.21264345E+01
    0.17703736E+02    0.50907258E+01   -0.21274085E+01
    0.17915775E+02    0.50907258E+01   -0.21285784E+01
    0.18168984E+02    0.50907258E+01   -0.21299167E+01
    0.18462837E+02    0.50907258E+01   -0.21313939E+01
    0.18796846E+02    0.50907258E+01   -0.21329800E+01
    0.19170603E+02    0.50907258E+01   -0.21346459E+01
    0.19583841E+02    0.50907258E+01   -0.21363638E+01
    0.20036497E+02    0.50907258E+01   -0.21381084E+01
    0.20528788E+02    0.50907258E+01   -0.21398571E+01
    0.21061305E+02    0.50907258E+01   -0.21415905E+01
    0.21635136E+02    0.50907258E+01   -0.21432922E+01
    0.22252034E+02    0.50907258E+01   -0.21449489E+01
    0.22914665E+02    0.50907258E+01   -0.21465503E+01
    0.23626988E+02    0.50907258E+01   -0.21480889E+01
    0.24394882E+02    0.50907258E+01   -0.21495596E+01
    0.25227268E+02    0.50907258E+01   -0.21509601E+01
    0.26138290E+02    0.50907258E+01   -0.21522912E+01
    0.27152228E+02    0.50907258E+01   -0.21535575E+01
    0.28317017E+02    0.50907258E+01   -0.21547726E+01
    0.29759149E+02    0.50907258E+01   -0.21559783E+01
    0.18415505E+02    0.50907258E+01   -0.21311612E+01
    0.18420540E+02    0.50907258E+01   -0.21311861E+01
    0.18460800E+02    0.50907258E+01   -0.21313839E+01
    0.18541228E+02    0.50907258E+01   -0.21317748E+01
    0.18661643E+02    0.50907258E+01   -0.21323495E+01
    0.18821793E+02    0.50907258E+01   -0.21330947E+01
    0.19021374E+02    0.50907258E+01   -0.21339941E+01
    0.19260052E+02    0.50907258E+01   -0.21350285E+01
    0.19537503E+02    0.50907258E+01   -0.21361773E+01
    0.19853440E+02    0.50907258E+01   -0.21374194E+01
    0.20207664E+02    0.50907258E+01   -0.21387333E+01
    0.20600109E+02    0.50907258E+01   -0.21400985E+01
    0.21030903E+02    0.50907258E+01   -0.21414957E+01
    0.21500437E+02    0.50907258E+01   -0.21429073E+01
    0.22009458E+02    0.50907258E+01   -0.21443176E+01
    0.22559184E+02    0.50907258E+01   -0.21457129E+01
    0.23151473E+02    0.50907258E+01   -0.21470817E+01
    0.23789063E+02    0.50907258E+01   -0.21484147E+01
    0.24475952E+02    0.50907258E+01   -0.21497044E+01
    0.25218008E+02    0.50907258E+01   -0.21509455E+01
    0.26024079E+02    0.50907258E+01   -0.21521349E+01
    0.26908137E+02    0.50907258E+01   -0.21532717E+01
    0.27894106E+02    0.50907258E+01   -0.21543586E+01
    0.29029142E+02    0.50907258E+01   -0.21554058E+01
    0.30437552E+02    0.50907258E+01   -0.21564474E+01
    0.19653490E+02    0.50907258E+01   -0.21366413E+01
    0.19658208E+02    0.50907258E+01   -0.21366600E+01
    0.19695938E+02    0.50907258E+01   -0.21368087E+01
    0.19771342E+02    0.50907258E+01   -0.21371032E+01
    0.19884310E+02    0.50907258E+01   -0.21375371E+01
    0.20034689E+02    0.50907258E+01   -0.21381017E+01
    0.20222302E+02    0.50907258E+01   -0.21387859E+01
    0.20446967E+02    0.50907258E+01   -0.21395766E+01
    0.20708521E+02    0.50907258E+01   -0.21404598E+01
    0.21006854E+02    0.50907258E+01   -0.21414204E+01
    0.21341943E+02    0.50907258E+01   -0.21424432E+01
    0.21713897E+02    0.50907258E+01   -0.21435133E+01
    0.22123013E+02    0.50907258E+01   -0.21446163E+01
    0.22569839E+02    0.50907258E+01   -0.21457387E+01
    0.23055261E+02    0.50907258E+01   -0.21468683E+01
    0.23580619E+02    0.50907258E+01   -0.21479940E+01
    0.24147868E+02    0.50907258E+01   -0.21491063E+01
    0.24759814E+02    0.50907258E+01   -0.21501969E+01
    0.25420485E+02    0.50907258E+01   -0.21512591E+01
    0.26135738E+02    0.50907258E+01   -0.21522877E+01
    0.26914337E+02    0.50907258E+01   -0.21532791E+01
    0.27770068E+02    0.50907258E+01   -0.21542315E+01
    0.28726468E+02    0.50907258E+01   -0.21551461E+01
    0.29829850E+02    0.50907258E+01   -0.21560299E+01
    0.31202138E+02    0.50907258E+01   -0.21569099E+01
    0.21037705E+02    0.50907258E+01   -0.21415170E+01
    0.21042112E+02    0.50907258E+01   -0.21415307E+01
    0.21077366E+02    0.50907258E+01   -0.21416404E+01
    0.21147845E+02    0.50907258E+01   -0.21418578E+01
    0.21253497E+02    0.50907258E+01   -0.21421788E+01
    0.21394254E+02    0.50907258E+01   -0.21425977E+01
    0.21570045E+02    0.50907258E+01   -0.21431073E+01
    0.21780813E+02    0.50907258E+01   -0.21436989E+01
    0.22026534E+02    0.50907258E+01   -0.21443629E+01
    0.22307247E+02    0.50907258E+01   -0.21450891E+01
    0.22623083E+02    0.50907258E+01   -0.21458671E+01
    0.22974305E+02    0.50907258E+01   -0.21466861E+01
    0.23361359E+02    0.50907258E+01   -0.21475359E+01
    0.23784932E+02    0.50907258E+01   -0.21484065E+01
    0.24246039E+02    0.50907258E+01   -0.21492886E+01
    0.24746130E+02    0.50907258E+01   -0.21501737E+01
    0.25287247E+02    0.50907258E+01   -0.21510539E+01
    0.25872258E+02    0.50907258E+01   -0.21519226E+01
    0.26505215E+02    0.50907258E+01   -0.21527739E+01
    0.27191950E+02    0.50907258E+01   -0.21536030E+01
    0.27941132E+02    0.50907258E+01   -0.21544061E+01
    0.28766336E+02    0.50907258E+01   -0.21551811E+01
    0.29690661E+02    0.50907258E+01   -0.21559277E+01
    0.30759475E+02    0.50907258E+01   -0.21566503E+01
    0.32092036E+02    0.50907258E+01   -0.21573684E+01
    0.22706005E+02    0.50907258E+01   -0.21460647E+01
    0.22710088E+02    0.50907258E+01   -0.21460744E+01
    0.22742756E+02    0.50907258E+01   -0.21461514E+01
    0.22808090E+02    0.50907258E+01   -0.21463044E+01
    0.22906085E+02    0.50907258E+01   -0.21465307E+01
    0.23036747E+02    0.50907258E+01   -0.21468269E+01
    0.23200097E+02    0.50907258E+01   -0.21471883E+01
    0.23396184E+02    0.50907258E+01   -0.21476098E+01
    0.23625110E+02    0.50907258E+01   -0.21480850E+01
    0.23887045E+02    0.50907258E+01   -0.21486076E+01
    0.24182256E+02    0.50907258E+01   -0.21491705E+01
    0.24511147E+02    0.50907258E+01   -0.21497667E+01
    0.24874298E+02    0.50907258E+01   -0.21503892E+01
    0.25272527E+02    0.50907258E+01   -0.21510310E+01
    0.25706965E+02    0.50907258E+01   -0.21516855E+01
    0.26179163E+02    0.50907258E+01   -0.21523464E+01
    0.26691244E+02    0.50907258E+01   -0.21530078E+01
    0.27246126E+02    0.50907258E+01   -0.21536645E+01
    0.27847873E+02    0.50907258E+01   -0.21543115E+01
    0.28502276E+02    0.50907258E+01   -0.21549448E+01
    0.29217880E+02    0.50907258E+01   -0.21555609E+01
    0.30007994E+02    0.50907258E+01   -0.21561571E+01
    0.30895193E+02    0.50907258E+01   -0.21567322E+01
    0.31923704E+02    0.50907258E+01   -0.21572878E+01
    0.33209583E+02    0.50907258E+01   -0.21578360E+01
