    0.26553930E-04    0.19378061E-05    0.10501559E+01
    0.39450396E+00    0.28767757E-01    0.10501559E+01
    0.11839263E+01    0.85813058E-01    0.10501559E+01
    0.19745974E+01    0.14138264E+00    0.10501559E+01
    0.27673691E+01    0.19447558E+00    0.10501559E+01
    0.35631227E+01    0.24406464E+00    0.10501559E+01
    0.43627827E+01    0.28908438E+00    0.10501559E+01
    0.51673320E+01    0.32841775E+00    0.10501559E+01
    0.59778305E+01    0.36088059E+00    0.10501559E+01
    0.67954366E+01    0.38534622E+00    0.10501559E+01
    0.76214342E+01    0.40302900E+00    0.10501559E+01
    0.84572680E+01    0.41633101E+00    0.10501559E+01
    0.93045876E+01    0.42671740E+00    0.10501559E+01
    0.10165307E+02    0.43509368E+00    0.10501559E+01
    0.11041689E+02    0.44204507E+00    0.10501559E+01
    0.11936455E+02    0.44796467E+00    0.10501559E+01
    0.12852958E+02    0.45312607E+00    0.10501559E+01
    0.13795430E+02    0.45772638E+00    0.10501559E+01
    0.14769379E+02    0.46191314E+00    0.10501559E+01
    0.15782253E+02    0.46580218E+00    0.10501559E+01
    0.16844617E+02    0.46949090E+00    0.10501559E+01
    0.17972483E+02    0.47307039E+00    0.10501559E+01
    0.19192529E+02    0.47664168E+00    0.10501559E+01
    0.20556551E+02    0.48035062E+00    0.10501559E+01
    0.22200340E+02    0.48451985E+00    0.10501559E+01
    0.64510121E+00    0.46982355E-01    0.10501559E+01
    0.75616727E+00    0.55029717E-01    0.10501559E+01
    0.13482718E+01    0.97527173E-01    0.10501559E+01
    0.20773036E+01    0.14843151E+00    0.10501559E+01
    0.28415642E+01    0.19927243E+00    0.10501559E+01
    0.36210494E+01    0.24750086E+00    0.10501559E+01
    0.44102186E+01    0.29158008E+00    0.10501559E+01
    0.52074443E+01    0.33020263E+00    0.10501559E+01
    0.60125380E+01    0.36209317E+00    0.10501559E+01
    0.68259881E+01    0.38610688E+00    0.10501559E+01
    0.76486872E+01    0.40352476E+00    0.10501559E+01
    0.84818358E+01    0.41667015E+00    0.10501559E+01
    0.93269237E+01    0.42695902E+00    0.10501559E+01
    0.10185756E+02    0.43527193E+00    0.10501559E+01
    0.11060518E+02    0.44218057E+00    0.10501559E+01
    0.11953875E+02    0.44807041E+00    0.10501559E+01
    0.12869137E+02    0.45321051E+00    0.10501559E+01
    0.13810505E+02    0.45779517E+00    0.10501559E+01
    0.14783461E+02    0.46197017E+00    0.10501559E+01
    0.15795431E+02    0.46585017E+00    0.10501559E+01
    0.16856965E+02    0.46953180E+00    0.10501559E+01
    0.17984057E+02    0.47310562E+00    0.10501559E+01
    0.19203368E+02    0.47667223E+00    0.10501559E+01
    0.20566671E+02    0.48037721E+00    0.10501559E+01
    0.22209710E+02    0.48454284E+00    0.10501559E+01
    0.14814122E+01    0.10696098E+00    0.10501559E+01
    0.15330412E+01    0.11060453E+00    0.10501559E+01
    0.18963817E+01    0.13598489E+00    0.10501559E+01
    0.24685252E+01    0.17483709E+00    0.10501559E+01
    0.31389351E+01    0.21815703E+00    0.10501559E+01
    0.38588114E+01    0.26133103E+00    0.10501559E+01
    0.46074347E+01    0.30172828E+00    0.10501559E+01
    0.53754909E+01    0.33748587E+00    0.10501559E+01
    0.61586557E+01    0.36702891E+00    0.10501559E+01
    0.69550370E+01    0.38921794E+00    0.10501559E+01
    0.77640738E+01    0.40557188E+00    0.10501559E+01
    0.85860331E+01    0.41808046E+00    0.10501559E+01
    0.94217797E+01    0.42796924E+00    0.10501559E+01
    0.10272685E+02    0.43602024E+00    0.10501559E+01
    0.11140623E+02    0.44275129E+00    0.10501559E+01
    0.12028032E+02    0.44851697E+00    0.10501559E+01
    0.12938049E+02    0.45356783E+00    0.10501559E+01
    0.13874742E+02    0.45808677E+00    0.10501559E+01
    0.14843488E+02    0.46221225E+00    0.10501559E+01
    0.15851627E+02    0.46605415E+00    0.10501559E+01
    0.16909634E+02    0.46970582E+00    0.10501559E+01
    0.18033434E+02    0.47325557E+00    0.10501559E+01
    0.19249617E+02    0.47680239E+00    0.10501559E+01
    0.20609861E+02    0.48049052E+00    0.10501559E+01
    0.22249711E+02    0.48464091E+00    0.10501559E+01
    0.23241848E+01    0.16518117E+00    0.10501559E+01
    0.23574283E+01    0.16741437E+00    0.10501559E+01
    0.26083551E+01    0.18408752E+00    0.10501559E+01
    0.30497327E+01    0.21255137E+00    0.10501559E+01
    0.36138853E+01    0.24707726E+00    0.10501559E+01
    0.42541366E+01    0.28329035E+00    0.10501559E+01
    0.49432487E+01    0.31812675E+00    0.10501559E+01
    0.56659646E+01    0.34931170E+00    0.10501559E+01
    0.64137581E+01    0.37497540E+00    0.10501559E+01
    0.71819073E+01    0.39431590E+00    0.10501559E+01
    0.79679417E+01    0.40899544E+00    0.10501559E+01
    0.87708163E+01    0.42047519E+00    0.10501559E+01
    0.95904737E+01    0.42970466E+00    0.10501559E+01
    0.10427623E+02    0.43731745E+00    0.10501559E+01
    0.11283649E+02    0.44374778E+00    0.10501559E+01
    0.12160625E+02    0.44930115E+00    0.10501559E+01
    0.13061408E+02    0.45419825E+00    0.10501559E+01
    0.13989844E+02    0.45860320E+00    0.10501559E+01
    0.14951134E+02    0.46264233E+00    0.10501559E+01
    0.15952471E+02    0.46641744E+00    0.10501559E+01
    0.17004204E+02    0.47001642E+00    0.10501559E+01
    0.18122141E+02    0.47352371E+00    0.10501559E+01
    0.19332744E+02    0.47703547E+00    0.10501559E+01
    0.20687523E+02    0.48069370E+00    0.10501559E+01
    0.22321669E+02    0.48481695E+00    0.10501559E+01
    0.31704965E+01    0.22012782E+00    0.10501559E+01
    0.31949462E+01    0.22164995E+00    0.10501559E+01
    0.33843359E+01    0.23330120E+00    0.10501559E+01
    0.37351148E+01    0.25419165E+00    0.10501559E+01
    0.42083702E+01    0.28081768E+00    0.10501559E+01
    0.47694750E+01    0.30978328E+00    0.10501559E+01
    0.53931364E+01    0.33823217E+00    0.10501559E+01
    0.60624556E+01    0.36381023E+00    0.10501559E+01
    0.67665727E+01    0.38461878E+00    0.10501559E+01
    0.74986669E+01    0.40073495E+00    0.10501559E+01
    0.82545931E+01    0.41343180E+00    0.10501559E+01
    0.90320225E+01    0.42364701E+00    0.10501559E+01
    0.98299236E+01    0.43204260E+00    0.10501559E+01
    0.10648264E+02    0.43908860E+00    0.10501559E+01
    0.11487861E+02    0.44512299E+00    0.10501559E+01
    0.12350345E+02    0.45039275E+00    0.10501559E+01
    0.13238225E+02    0.45508199E+00    0.10501559E+01
    0.14155068E+02    0.45933133E+00    0.10501559E+01
    0.15105847E+02    0.46325159E+00    0.10501559E+01
    0.16097563E+02    0.46693414E+00    0.10501559E+01
    0.17140396E+02    0.47045962E+00    0.10501559E+01
    0.18249992E+02    0.47390736E+00    0.10501559E+01
    0.19452640E+02    0.47736974E+00    0.10501559E+01
    0.20799611E+02    0.48098567E+00    0.10501559E+01
    0.22425591E+02    0.48507040E+00    0.10501559E+01
    0.40205859E+01    0.27047893E+00    0.10501559E+01
    0.40398941E+01    0.27155605E+00    0.10501559E+01
    0.41912758E+01    0.27988930E+00    0.10501559E+01
    0.44793020E+01    0.29517707E+00    0.10501559E+01
    0.48809264E+01    0.31517020E+00    0.10501559E+01
    0.53722393E+01    0.33734796E+00    0.10501559E+01
    0.59328732E+01    0.35928727E+00    0.10501559E+01
    0.65472461E+01    0.37879567E+00    0.10501559E+01
    0.72041356E+01    0.39479169E+00    0.10501559E+01
    0.78957627E+01    0.40781039E+00    0.10501559E+01
    0.86169235E+01    0.41849006E+00    0.10501559E+01
    0.93643203E+01    0.42736035E+00    0.10501559E+01
    0.10136097E+02    0.43483758E+00    0.10501559E+01
    0.10931541E+02    0.44124179E+00    0.10501559E+01
    0.11750915E+02    0.44681764E+00    0.10501559E+01
    0.12595399E+02    0.45175285E+00    0.10501559E+01
    0.13467132E+02    0.45619314E+00    0.10501559E+01
    0.14369377E+02    0.46025368E+00    0.10501559E+01
    0.15306850E+02    0.46402816E+00    0.10501559E+01
    0.16286332E+02    0.46759612E+00    0.10501559E+01
    0.17317801E+02    0.47102990E+00    0.10501559E+01
    0.18416712E+02    0.47440282E+00    0.10501559E+01
    0.19609138E+02    0.47780275E+00    0.10501559E+01
    0.20946047E+02    0.48136491E+00    0.10501559E+01
    0.22561476E+02    0.48540039E+00    0.10501559E+01
    0.48752134E+01    0.31489717E+00    0.10501559E+01
    0.48911491E+01    0.31565793E+00    0.10501559E+01
    0.50169101E+01    0.32156877E+00    0.10501559E+01
    0.52599183E+01    0.33251078E+00    0.10501559E+01
    0.56058931E+01    0.34694734E+00    0.10501559E+01
    0.60385056E+01    0.36299037E+00    0.10501559E+01
    0.65422915E+01    0.37865778E+00    0.10501559E+01
    0.71041556E+01    0.39261930E+00    0.10501559E+01
    0.77137646E+01    0.40468948E+00    0.10501559E+01
    0.83633524E+01    0.41501049E+00    0.10501559E+01
    0.90473182E+01    0.42382553E+00    0.10501559E+01
    0.97618179E+01    0.43139190E+00    0.10501559E+01
    0.10504430E+02    0.43794386E+00    0.10501559E+01
    0.11273916E+02    0.44368087E+00    0.10501559E+01
    0.12070071E+02    0.44876755E+00    0.10501559E+01
    0.12893668E+02    0.45333813E+00    0.10501559E+01
    0.13746499E+02    0.45750215E+00    0.10501559E+01
    0.14631527E+02    0.46134998E+00    0.10501559E+01
    0.15553208E+02    0.46495805E+00    0.10501559E+01
    0.16518087E+02    0.46839373E+00    0.10501559E+01
    0.17535930E+02    0.47172061E+00    0.10501559E+01
    0.18621973E+02    0.47500556E+00    0.10501559E+01
    0.19802042E+02    0.47833152E+00    0.10501559E+01
    0.21126748E+02    0.48182953E+00    0.10501559E+01
    0.22729337E+02    0.48580588E+00    0.10501559E+01
    0.57353314E+01    0.35198804E+00    0.10501559E+01
    0.57488834E+01    0.35250411E+00    0.10501559E+01
    0.58562537E+01    0.35651344E+00    0.10501559E+01
    0.60657284E+01    0.36392170E+00    0.10501559E+01
    0.63680733E+01    0.37361592E+00    0.10501559E+01
    0.67520271E+01    0.38424890E+00    0.10501559E+01
    0.72061015E+01    0.39483358E+00    0.10501559E+01
    0.77198023E+01    0.40479619E+00    0.10501559E+01
    0.82842311E+01    0.41386742E+00    0.10501559E+01
    0.88922429E+01    0.42197933E+00    0.10501559E+01
    0.95383587E+01    0.42917664E+00    0.10501559E+01
    0.10218582E+02    0.43555628E+00    0.10501559E+01
    0.10930205E+02    0.44123194E+00    0.10501559E+01
    0.11671654E+02    0.44631573E+00    0.10501559E+01
    0.12442384E+02    0.45090998E+00    0.10501559E+01
    0.13242847E+02    0.45510479E+00    0.10501559E+01
    0.14074536E+02    0.45897834E+00    0.10501559E+01
    0.14940144E+02    0.46259866E+00    0.10501559E+01
    0.15843882E+02    0.46602610E+00    0.10501559E+01
    0.16792067E+02    0.46931634E+00    0.10501559E+01
    0.17794245E+02    0.47252436E+00    0.10501559E+01
    0.18865423E+02    0.47571053E+00    0.10501559E+01
    0.20031156E+02    0.47895268E+00    0.10501559E+01
    0.21341645E+02    0.48237741E+00    0.10501559E+01
    0.22929219E+02    0.48628571E+00    0.10501559E+01
    0.66020220E+01    0.38030082E+00    0.10501559E+01
    0.66137983E+01    0.38061985E+00    0.10501559E+01
    0.67073375E+01    0.38309847E+00    0.10501559E+01
    0.68909890E+01    0.38769412E+00    0.10501559E+01
    0.71585632E+01    0.39381184E+00    0.10501559E+01
    0.75021689E+01    0.40080180E+00    0.10501559E+01
    0.79133158E+01    0.40810124E+00    0.10501559E+01
    0.83837948E+01    0.41530123E+00    0.10501559E+01
    0.89062424E+01    0.42214937E+00    0.10501559E+01
    0.94744210E+01    0.42851901E+00    0.10501559E+01
    0.10083301E+02    0.43437017E+00    0.10501559E+01
    0.10729030E+02    0.43971582E+00    0.10501559E+01
    0.11408858E+02    0.44459740E+00    0.10501559E+01
    0.12121063E+02    0.44906905E+00    0.10501559E+01
    0.12864898E+02    0.45318840E+00    0.10501559E+01
    0.13640589E+02    0.45701174E+00    0.10501559E+01
    0.14449403E+02    0.46059197E+00    0.10501559E+01
    0.15293809E+02    0.46397828E+00    0.10501559E+01
    0.16177801E+02    0.46721691E+00    0.10501559E+01
    0.17107489E+02    0.47035297E+00    0.10501559E+01
    0.18092203E+02    0.47343340E+00    0.10501559E+01
    0.19146719E+02    0.47651235E+00    0.10501559E+01
    0.20296302E+02    0.47966262E+00    0.10501559E+01
    0.21590703E+02    0.48300630E+00    0.10501559E+01
    0.23161213E+02    0.48683866E+00    0.10501559E+01
    0.74764942E+01    0.40030968E+00    0.10501559E+01
    0.74868951E+01    0.40050960E+00    0.10501559E+01
    0.75696530E+01    0.40207371E+00    0.10501559E+01
    0.77328520E+01    0.40502608E+00    0.10501559E+01
    0.79722203E+01    0.40906478E+00    0.10501559E+01
    0.82821379E+01    0.41383679E+00    0.10501559E+01
    0.86563178E+01    0.41900692E+00    0.10501559E+01
    0.90884149E+01    0.42430139E+00    0.10501559E+01
    0.95724826E+01    0.42952318E+00    0.10501559E+01
    0.10103263E+02    0.43454759E+00    0.10501559E+01
    0.10676339E+02    0.43930788E+00    0.10501559E+01
    0.11288195E+02    0.44377900E+00    0.10501559E+01
    0.11936219E+02    0.44796323E+00    0.10501559E+01
    0.12618694E+02    0.45187936E+00    0.10501559E+01
    0.13334799E+02    0.45555519E+00    0.10501559E+01
    0.14084635E+02    0.45902280E+00    0.10501559E+01
    0.14869314E+02    0.46231591E+00    0.10501559E+01
    0.15691139E+02    0.46546867E+00    0.10501559E+01
    0.16553928E+02    0.46851565E+00    0.10501559E+01
    0.17463604E+02    0.47149284E+00    0.10501559E+01
    0.18429300E+02    0.47444001E+00    0.10501559E+01
    0.19465562E+02    0.47740563E+00    0.10501559E+01
    0.20597357E+02    0.48045774E+00    0.10501559E+01
    0.21873951E+02    0.48371393E+00    0.10501559E+01
    0.23425478E+02    0.48746355E+00    0.10501559E+01
    0.83601023E+01    0.41496410E+00    0.10501559E+01
    0.83694052E+01    0.41509677E+00    0.10501559E+01
    0.84435177E+01    0.41614007E+00    0.10501559E+01
    0.85901307E+01    0.41813502E+00    0.10501559E+01
    0.88062275E+01    0.42091935E+00    0.10501559E+01
    0.90877475E+01    0.42429370E+00    0.10501559E+01
    0.94300150E+01    0.42805575E+00    0.10501559E+01
    0.98281550E+01    0.43202584E+00    0.10501559E+01
    0.10277440E+02    0.43606073E+00    0.10501559E+01
    0.10773545E+02    0.44005690E+00    0.10501559E+01
    0.11312717E+02    0.44394688E+00    0.10501559E+01
    0.11891875E+02    0.44769255E+00    0.10501559E+01
    0.12508663E+02    0.45127764E+00    0.10501559E+01
    0.13161489E+02    0.45470127E+00    0.10501559E+01
    0.13849556E+02    0.45797274E+00    0.10501559E+01
    0.14572930E+02    0.46110786E+00    0.10501559E+01
    0.15332640E+02    0.46412662E+00    0.10501559E+01
    0.16130877E+02    0.46705179E+00    0.10501559E+01
    0.16971325E+02    0.46990870E+00    0.10501559E+01
    0.17859754E+02    0.47272584E+00    0.10501559E+01
    0.18805117E+02    0.47553687E+00    0.10501559E+01
    0.19821742E+02    0.47838522E+00    0.10501559E+01
    0.20934290E+02    0.48133455E+00    0.10501559E+01
    0.22191509E+02    0.48449817E+00    0.10501559E+01
    0.23722276E+02    0.48815931E+00    0.10501559E+01
    0.92543788E+01    0.42616890E+00    0.10501559E+01
    0.92627836E+01    0.42626124E+00    0.10501559E+01
    0.93298022E+01    0.42699006E+00    0.10501559E+01
    0.94626932E+01    0.42839719E+00    0.10501559E+01
    0.96592887E+01    0.43039112E+00    0.10501559E+01
    0.99166209E+01    0.43285521E+00    0.10501559E+01
    0.10231197E+02    0.43566498E+00    0.10501559E+01
    0.10599285E+02    0.43870285E+00    0.10501559E+01
    0.11017168E+02    0.44186781E+00    0.10501559E+01
    0.11481354E+02    0.44508000E+00    0.10501559E+01
    0.11988736E+02    0.44828106E+00    0.10501559E+01
    0.12536703E+02    0.45143199E+00    0.10501559E+01
    0.13123219E+02    0.45450980E+00    0.10501559E+01
    0.13746891E+02    0.45750395E+00    0.10501559E+01
    0.14407027E+02    0.46041325E+00    0.10501559E+01
    0.15103725E+02    0.46324330E+00    0.10501559E+01
    0.15837994E+02    0.46600477E+00    0.10501559E+01
    0.16611966E+02    0.46871228E+00    0.10501559E+01
    0.17429231E+02    0.47138416E+00    0.10501559E+01
    0.18295437E+02    0.47404295E+00    0.10501559E+01
    0.19219382E+02    0.47671734E+00    0.10501559E+01
    0.20215184E+02    0.47944641E+00    0.10501559E+01
    0.21307198E+02    0.48228992E+00    0.10501559E+01
    0.22543631E+02    0.48535714E+00    0.10501559E+01
    0.24051998E+02    0.48892513E+00    0.10501559E+01
    0.10161080E+02    0.43505672E+00    0.10501559E+01
    0.10168735E+02    0.43512362E+00    0.10501559E+01
    0.10229820E+02    0.43565313E+00    0.10501559E+01
    0.10351163E+02    0.43668302E+00    0.10501559E+01
    0.10531186E+02    0.43815956E+00    0.10501559E+01
    0.10767701E+02    0.44001231E+00    0.10501559E+01
    0.11058093E+02    0.44216314E+00    0.10501559E+01
    0.11399511E+02    0.44453469E+00    0.10501559E+01
    0.11789063E+02    0.44705662E+00    0.10501559E+01
    0.12223972E+02    0.44966953E+00    0.10501559E+01
    0.12701724E+02    0.45232648E+00    0.10501559E+01
    0.13220171E+02    0.45499280E+00    0.10501559E+01
    0.13777623E+02    0.45764495E+00    0.10501559E+01
    0.14372927E+02    0.46026876E+00    0.10501559E+01
    0.15005547E+02    0.46285778E+00    0.10501559E+01
    0.15675666E+02    0.46541173E+00    0.10501559E+01
    0.16384324E+02    0.46793536E+00    0.10501559E+01
    0.17133634E+02    0.47043773E+00    0.10501559E+01
    0.17927133E+02    0.47293211E+00    0.10501559E+01
    0.18770377E+02    0.47543655E+00    0.10501559E+01
    0.19672028E+02    0.47797574E+00    0.10501559E+01
    0.20646009E+02    0.48058518E+00    0.10501559E+01
    0.21716370E+02    0.48332122E+00    0.10501559E+01
    0.22930751E+02    0.48628937E+00    0.10501559E+01
    0.24415213E+02    0.48976052E+00    0.10501559E+01
    0.11082248E+02    0.44233630E+00    0.10501559E+01
    0.11089267E+02    0.44238646E+00    0.10501559E+01
    0.11145308E+02    0.44278439E+00    0.10501559E+01
    0.11256787E+02    0.44356278E+00    0.10501559E+01
    0.11422545E+02    0.44468903E+00    0.10501559E+01
    0.11640965E+02    0.44611941E+00    0.10501559E+01
    0.11910083E+02    0.44780395E+00    0.10501559E+01
    0.12227736E+02    0.44969130E+00    0.10501559E+01
    0.12591691E+02    0.45173267E+00    0.10501559E+01
    0.12999776E+02    0.45388474E+00    0.10501559E+01
    0.13449999E+02    0.45611121E+00    0.10501559E+01
    0.13940645E+02    0.45838340E+00    0.10501559E+01
    0.14470368E+02    0.46068007E+00    0.10501559E+01
    0.15038274E+02    0.46298675E+00    0.10501559E+01
    0.15644012E+02    0.46529499E+00    0.10501559E+01
    0.16287885E+02    0.46760152E+00    0.10501559E+01
    0.16970997E+02    0.46990763E+00    0.10501559E+01
    0.17695482E+02    0.47221883E+00    0.10501559E+01
    0.18464852E+02    0.47454489E+00    0.10501559E+01
    0.19284598E+02    0.47690060E+00    0.10501559E+01
    0.20163267E+02    0.47930758E+00    0.10501559E+01
    0.21114601E+02    0.48179841E+00    0.10501559E+01
    0.22162342E+02    0.48442653E+00    0.10501559E+01
    0.23353543E+02    0.48729396E+00    0.10501559E+01
    0.24812724E+02    0.49066548E+00    0.10501559E+01
    0.12020298E+02    0.44847067E+00    0.10501559E+01
    0.12026770E+02    0.44850942E+00    0.10501559E+01
    0.12078462E+02    0.44881735E+00    0.10501559E+01
    0.12181404E+02    0.44942243E+00    0.10501559E+01
    0.12334744E+02    0.45030429E+00    0.10501559E+01
    0.12537281E+02    0.45143517E+00    0.10501559E+01
    0.12787550E+02    0.45278255E+00    0.10501559E+01
    0.13083917E+02    0.45431203E+00    0.10501559E+01
    0.13424680E+02    0.45598978E+00    0.10501559E+01
    0.13808169E+02    0.45778452E+00    0.10501559E+01
    0.14232844E+02    0.45966888E+00    0.10501559E+01
    0.14697379E+02    0.46162011E+00    0.10501559E+01
    0.15200754E+02    0.46362033E+00    0.10501559E+01
    0.15742333E+02    0.46565642E+00    0.10501559E+01
    0.16321963E+02    0.46771981E+00    0.10501559E+01
    0.16940087E+02    0.46980610E+00    0.10501559E+01
    0.17597901E+02    0.47191481E+00    0.10501559E+01
    0.18297581E+02    0.47404934E+00    0.10501559E+01
    0.19042640E+02    0.47621722E+00    0.10501559E+01
    0.19838525E+02    0.47843093E+00    0.10501559E+01
    0.20693687E+02    0.48070979E+00    0.10501559E+01
    0.21621696E+02    0.48308411E+00    0.10501559E+01
    0.22645987E+02    0.48560483E+00    0.10501559E+01
    0.23813008E+02    0.48837078E+00    0.10501559E+01
    0.25245646E+02    0.49164068E+00    0.10501559E+01
    0.12978144E+02    0.45377402E+00    0.10501559E+01
    0.12984139E+02    0.45380474E+00    0.10501559E+01
    0.13032034E+02    0.45404919E+00    0.10501559E+01
    0.13127500E+02    0.45453127E+00    0.10501559E+01
    0.13269912E+02    0.45523798E+00    0.10501559E+01
    0.13458383E+02    0.45615133E+00    0.10501559E+01
    0.13691826E+02    0.45724986E+00    0.10501559E+01
    0.13969021E+02    0.45851034E+00    0.10501559E+01
    0.14288691E+02    0.45990927E+00    0.10501559E+01
    0.14649580E+02    0.46142424E+00    0.10501559E+01
    0.15050531E+02    0.46303493E+00    0.10501559E+01
    0.15490565E+02    0.46472382E+00    0.10501559E+01
    0.15968957E+02    0.46647651E+00    0.10501559E+01
    0.16485318E+02    0.46828193E+00    0.10501559E+01
    0.17039693E+02    0.47013237E+00    0.10501559E+01
    0.17632674E+02    0.47202339E+00    0.10501559E+01
    0.18265562E+02    0.47395387E+00    0.10501559E+01
    0.18940594E+02    0.47592610E+00    0.10501559E+01
    0.19661302E+02    0.47794628E+00    0.10501559E+01
    0.20433104E+02    0.48002534E+00    0.10501559E+01
    0.21264368E+02    0.48218097E+00    0.10501559E+01
    0.22168500E+02    0.48444166E+00    0.10501559E+01
    0.23168630E+02    0.48685627E+00    0.10501559E+01
    0.24310574E+02    0.48952071E+00    0.10501559E+01
    0.25715507E+02    0.49268767E+00    0.10501559E+01
    0.13959373E+02    0.45846723E+00    0.10501559E+01
    0.13964946E+02    0.45849214E+00    0.10501559E+01
    0.14009488E+02    0.45869058E+00    0.10501559E+01
    0.14098337E+02    0.45908304E+00    0.10501559E+01
    0.14231037E+02    0.45966108E+00    0.10501559E+01
    0.14406940E+02    0.46041288E+00    0.10501559E+01
    0.14625251E+02    0.46132412E+00    0.10501559E+01
    0.14885073E+02    0.46237901E+00    0.10501559E+01
    0.15185471E+02    0.46356120E+00    0.10501559E+01
    0.15525529E+02    0.46485474E+00    0.10501559E+01
    0.15904413E+02    0.46624475E+00    0.10501559E+01
    0.16321442E+02    0.46771801E+00    0.10501559E+01
    0.16776157E+02    0.46926335E+00    0.10501559E+01
    0.17268398E+02    0.47087187E+00    0.10501559E+01
    0.17798398E+02    0.47253716E+00    0.10501559E+01
    0.18366901E+02    0.47425536E+00    0.10501559E+01
    0.18975316E+02    0.47602535E+00    0.10501559E+01
    0.19625951E+02    0.47784906E+00    0.10501559E+01
    0.20322368E+02    0.47973192E+00    0.10501559E+01
    0.21069969E+02    0.48168393E+00    0.10501559E+01
    0.21877047E+02    0.48372163E+00    0.10501559E+01
    0.22756850E+02    0.48587212E+00    0.10501559E+01
    0.23732199E+02    0.48818247E+00    0.10501559E+01
    0.24848257E+02    0.49074592E+00    0.10501559E+01
    0.26224400E+02    0.49380918E+00    0.10501559E+01
    0.14968514E+02    0.46271129E+00    0.10501559E+01
    0.14973712E+02    0.46273188E+00    0.10501559E+01
    0.15015262E+02    0.46289611E+00    0.10501559E+01
    0.15098194E+02    0.46322169E+00    0.10501559E+01
    0.15222180E+02    0.46370305E+00    0.10501559E+01
    0.15386756E+02    0.46433235E+00    0.10501559E+01
    0.15591353E+02    0.46509997E+00    0.10501559E+01
    0.15835332E+02    0.46599511E+00    0.10501559E+01
    0.16118030E+02    0.46700646E+00    0.10501559E+01
    0.16438807E+02    0.46812271E+00    0.10501559E+01
    0.16797103E+02    0.46933311E+00    0.10501559E+01
    0.17192493E+02    0.47062790E+00    0.10501559E+01
    0.17624749E+02    0.47199867E+00    0.10501559E+01
    0.18093919E+02    0.47343858E+00    0.10501559E+01
    0.18600412E+02    0.47494262E+00    0.10501559E+01
    0.19145114E+02    0.47650781E+00    0.10501559E+01
    0.19729545E+02    0.47813344E+00    0.10501559E+01
    0.20356088E+02    0.47982143E+00    0.10501559E+01
    0.21028337E+02    0.48157695E+00    0.10501559E+01
    0.21751688E+02    0.48340945E+00    0.10501559E+01
    0.22534364E+02    0.48533467E+00    0.10501559E+01
    0.23389454E+02    0.48737867E+00    0.10501559E+01
    0.24339466E+02    0.48958699E+00    0.10501559E+01
    0.25428885E+02    0.49205036E+00    0.10501559E+01
    0.26775203E+02    0.49500956E+00    0.10501559E+01
    0.16011470E+02    0.46662839E+00    0.10501559E+01
    0.16016330E+02    0.46664572E+00    0.10501559E+01
    0.16055182E+02    0.46678393E+00    0.10501559E+01
    0.16132768E+02    0.46705846E+00    0.10501559E+01
    0.16248862E+02    0.46746562E+00    0.10501559E+01
    0.16403141E+02    0.46800016E+00    0.10501559E+01
    0.16595212E+02    0.46865562E+00    0.10501559E+01
    0.16824640E+02    0.46942463E+00    0.10501559E+01
    0.17090981E+02    0.47029937E+00    0.10501559E+01
    0.17393825E+02    0.47127192E+00    0.10501559E+01
    0.17732835E+02    0.47233463E+00    0.10501559E+01
    0.18107804E+02    0.47348048E+00    0.10501559E+01
    0.18518708E+02    0.47470331E+00    0.10501559E+01
    0.18965776E+02    0.47599811E+00    0.10501559E+01
    0.19449578E+02    0.47736123E+00    0.10501559E+01
    0.19971133E+02    0.47879065E+00    0.10501559E+01
    0.20532066E+02    0.48028625E+00    0.10501559E+01
    0.21134831E+02    0.48185023E+00    0.10501559E+01
    0.21783061E+02    0.48348772E+00    0.10501559E+01
    0.22482141E+02    0.48520792E+00    0.10501559E+01
    0.23240230E+02    0.48702605E+00    0.10501559E+01
    0.24070258E+02    0.48896733E+00    0.10501559E+01
    0.24994406E+02    0.49107601E+00    0.10501559E+01
    0.26056457E+02    0.49344044E+00    0.10501559E+01
    0.27371925E+02    0.49629544E+00    0.10501559E+01
    0.17096219E+02    0.47031638E+00    0.10501559E+01
    0.17100770E+02    0.47033116E+00    0.10501559E+01
    0.17137164E+02    0.47044916E+00    0.10501559E+01
    0.17209874E+02    0.47068389E+00    0.10501559E+01
    0.17318748E+02    0.47103292E+00    0.10501559E+01
    0.17463578E+02    0.47149275E+00    0.10501559E+01
    0.17644109E+02    0.47205904E+00    0.10501559E+01
    0.17860068E+02    0.47272680E+00    0.10501559E+01
    0.18111189E+02    0.47349069E+00    0.10501559E+01
    0.18397246E+02    0.47434525E+00    0.10501559E+01
    0.18718092E+02    0.47528516E+00    0.10501559E+01
    0.19073702E+02    0.47630548E+00    0.10501559E+01
    0.19464225E+02    0.47740192E+00    0.10501559E+01
    0.19890053E+02    0.47857100E+00    0.10501559E+01
    0.20351895E+02    0.47981031E+00    0.10501559E+01
    0.20850892E+02    0.48111876E+00    0.10501559E+01
    0.21388765E+02    0.48249689E+00    0.10501559E+01
    0.21968036E+02    0.48394727E+00    0.10501559E+01
    0.22592372E+02    0.48547520E+00    0.10501559E+01
    0.23267149E+02    0.48708978E+00    0.10501559E+01
    0.24000455E+02    0.48880590E+00    0.10501559E+01
    0.24805057E+02    0.49064811E+00    0.10501559E+01
    0.25702799E+02    0.49265951E+00    0.10501559E+01
    0.26736726E+02    0.49492614E+00    0.10501559E+01
    0.28020275E+02    0.49767685E+00    0.10501559E+01
    0.18234084E+02    0.47385981E+00    0.10501559E+01
    0.18238351E+02    0.47387257E+00    0.10501559E+01
    0.18272479E+02    0.47397451E+00    0.10501559E+01
    0.18340689E+02    0.47417756E+00    0.10501559E+01
    0.18442889E+02    0.47448013E+00    0.10501559E+01
    0.18578958E+02    0.47487990E+00    0.10501559E+01
    0.18748752E+02    0.47537399E+00    0.10501559E+01
    0.18952128E+02    0.47595909E+00    0.10501559E+01
    0.19188962E+02    0.47663163E+00    0.10501559E+01
    0.19459182E+02    0.47738791E+00    0.10501559E+01
    0.19762795E+02    0.47822438E+00    0.10501559E+01
    0.20099930E+02    0.47913772E+00    0.10501559E+01
    0.20470886E+02    0.48012510E+00    0.10501559E+01
    0.20876190E+02    0.48118430E+00    0.10501559E+01
    0.21316677E+02    0.48231401E+00    0.10501559E+01
    0.21793595E+02    0.48351398E+00    0.10501559E+01
    0.22308751E+02    0.48478538E+00    0.10501559E+01
    0.22864726E+02    0.48613124E+00    0.10501559E+01
    0.23465216E+02    0.48755707E+00    0.10501559E+01
    0.24115582E+02    0.48907198E+00    0.10501559E+01
    0.24823838E+02    0.49069065E+00    0.10501559E+01
    0.25602578E+02    0.49243707E+00    0.10501559E+01
    0.26473288E+02    0.49435326E+00    0.10501559E+01
    0.27478239E+02    0.49652305E+00    0.10501559E+01
    0.28728677E+02    0.49916917E+00    0.10501559E+01
    0.19442223E+02    0.47734078E+00    0.10501559E+01
    0.19446225E+02    0.47735191E+00    0.10501559E+01
    0.19478237E+02    0.47744082E+00    0.10501559E+01
    0.19542238E+02    0.47761810E+00    0.10501559E+01
    0.19638187E+02    0.47788273E+00    0.10501559E+01
    0.19766029E+02    0.47823322E+00    0.10501559E+01
    0.19925710E+02    0.47866771E+00    0.10501559E+01
    0.20117191E+02    0.47918406E+00    0.10501559E+01
    0.20340465E+02    0.47977998E+00    0.10501559E+01
    0.20595582E+02    0.48045308E+00    0.10501559E+01
    0.20882680E+02    0.48120111E+00    0.10501559E+01
    0.21202015E+02    0.48202199E+00    0.10501559E+01
    0.21554011E+02    0.48291405E+00    0.10501559E+01
    0.21939315E+02    0.48387613E+00    0.10501559E+01
    0.22358867E+02    0.48490778E+00    0.10501559E+01
    0.22814009E+02    0.48600953E+00    0.10501559E+01
    0.23306621E+02    0.48718314E+00    0.10501559E+01
    0.23839336E+02    0.48843204E+00    0.10501559E+01
    0.24415868E+02    0.48976202E+00    0.10501559E+01
    0.25041556E+02    0.49118225E+00    0.10501559E+01
    0.25724330E+02    0.49270723E+00    0.10501559E+01
    0.26476597E+02    0.49436048E+00    0.10501559E+01
    0.27319466E+02    0.49618297E+00    0.10501559E+01
    0.28294378E+02    0.49825630E+00    0.10501559E+01
    0.29510255E+02    0.50079696E+00    0.10501559E+01
    0.20749230E+02    0.48085462E+00    0.10501559E+01
    0.20752980E+02    0.48086438E+00    0.10501559E+01
    0.20782979E+02    0.48094244E+00    0.10501559E+01
    0.20842974E+02    0.48109823E+00    0.10501559E+01
    0.20932961E+02    0.48133112E+00    0.10501559E+01
    0.21052942E+02    0.48164020E+00    0.10501559E+01
    0.21202934E+02    0.48202434E+00    0.10501559E+01
    0.21382980E+02    0.48248223E+00    0.10501559E+01
    0.21593170E+02    0.48301250E+00    0.10501559E+01
    0.21833655E+02    0.48361374E+00    0.10501559E+01
    0.22104678E+02    0.48428466E+00    0.10501559E+01
    0.22406604E+02    0.48502417E+00    0.10501559E+01
    0.22739962E+02    0.48583146E+00    0.10501559E+01
    0.23105497E+02    0.48670624E+00    0.10501559E+01
    0.23504243E+02    0.48764880E+00    0.10501559E+01
    0.23937617E+02    0.48866029E+00    0.10501559E+01
    0.24407562E+02    0.48974301E+00    0.10501559E+01
    0.24916750E+02    0.49090077E+00    0.10501559E+01
    0.25468904E+02    0.49213960E+00    0.10501559E+01
    0.26069331E+02    0.49346875E+00    0.10501559E+01
    0.26725861E+02    0.49490257E+00    0.10501559E+01
    0.27450696E+02    0.49646412E+00    0.10501559E+01
    0.28264531E+02    0.49819333E+00    0.10501559E+01
    0.29207915E+02    0.50016948E+00    0.10501559E+01
    0.30387261E+02    0.50260256E+00    0.10501559E+01
    0.22210618E+02    0.48454507E+00    0.10501559E+01
    0.22214122E+02    0.48455366E+00    0.10501559E+01
    0.22242150E+02    0.48462238E+00    0.10501559E+01
    0.22298220E+02    0.48475964E+00    0.10501559E+01
    0.22382357E+02    0.48496508E+00    0.10501559E+01
    0.22494609E+02    0.48523820E+00    0.10501559E+01
    0.22635049E+02    0.48557840E+00    0.10501559E+01
    0.22803791E+02    0.48598499E+00    0.10501559E+01
    0.23001001E+02    0.48645724E+00    0.10501559E+01
    0.23226914E+02    0.48699450E+00    0.10501559E+01
    0.23481862E+02    0.48759621E+00    0.10501559E+01
    0.23766299E+02    0.48826199E+00    0.10501559E+01
    0.24080841E+02    0.48899178E+00    0.10501559E+01
    0.24426319E+02    0.48978593E+00    0.10501559E+01
    0.24803840E+02    0.49064535E+00    0.10501559E+01
    0.25214887E+02    0.49157174E+00    0.10501559E+01
    0.25661452E+02    0.49256780E+00    0.10501559E+01
    0.26146232E+02    0.49363772E+00    0.10501559E+01
    0.26672948E+02    0.49478772E+00    0.10501559E+01
    0.27246854E+02    0.49602712E+00    0.10501559E+01
    0.27875665E+02    0.49737008E+00    0.10501559E+01
    0.28571345E+02    0.49883919E+00    0.10501559E+01
    0.29354126E+02    0.50047327E+00    0.10501559E+01
    0.30263565E+02    0.50234914E+00    0.10501559E+01
    0.31403290E+02    0.50466979E+00    0.10501559E+01
    0.23971931E+02    0.48873984E+00    0.10501559E+01
    0.23975177E+02    0.48874736E+00    0.10501559E+01
    0.24001149E+02    0.48880750E+00    0.10501559E+01
    0.24053118E+02    0.48892772E+00    0.10501559E+01
    0.24131138E+02    0.48910787E+00    0.10501559E+01
    0.24235291E+02    0.48934775E+00    0.10501559E+01
    0.24365700E+02    0.48964713E+00    0.10501559E+01
    0.24522536E+02    0.49000578E+00    0.10501559E+01
    0.24706030E+02    0.49042350E+00    0.10501559E+01
    0.24916489E+02    0.49090018E+00    0.10501559E+01
    0.25154318E+02    0.49143582E+00    0.10501559E+01
    0.25420048E+02    0.49203065E+00    0.10501559E+01
    0.25714370E+02    0.49268515E+00    0.10501559E+01
    0.26038183E+02    0.49340024E+00    0.10501559E+01
    0.26392658E+02    0.49417731E+00    0.10501559E+01
    0.26779329E+02    0.49501850E+00    0.10501559E+01
    0.27200221E+02    0.49592692E+00    0.10501559E+01
    0.27658043E+02    0.49690700E+00    0.10501559E+01
    0.28156492E+02    0.49796514E+00    0.10501559E+01
    0.28700749E+02    0.49911066E+00    0.10501559E+01
    0.29298372E+02    0.50035750E+00    0.10501559E+01
    0.29961035E+02    0.50172765E+00    0.10501559E+01
    0.30708413E+02    0.50325869E+00    0.10501559E+01
    0.31578874E+02    0.50502459E+00    0.10501559E+01
    0.32672749E+02    0.50722025E+00    0.10501559E+01
