    0.27250841E-04   -0.55158523E-03    0.13102033E+01
    0.37712350E+00    0.26729485E-01    0.13093101E+01
    0.11317666E+01    0.79721445E-01    0.13030001E+01
    0.18876036E+01    0.13132849E+00    0.12905944E+01
    0.26454486E+01    0.18067130E+00    0.12724607E+01
    0.34061441E+01    0.22693701E+00    0.12491719E+01
    0.41705738E+01    0.26939985E+00    0.12214433E+01
    0.49396776E+01    0.30743144E+00    0.11901308E+01
    0.57144684E+01    0.34051507E+00    0.11561971E+01
    0.64960535E+01    0.36823994E+00    0.11206747E+01
    0.72856607E+01    0.39029682E+00    0.10846548E+01
    0.80846706E+01    0.40645796E+00    0.10492500E+01
    0.88946602E+01    0.41679578E+00    0.10154584E+01
    0.97174598E+01    0.42268797E+00    0.98353983E+00
    0.10555231E+02    0.42548812E+00    0.95341464E+00
    0.11410577E+02    0.42609371E+00    0.92491827E+00
    0.12286702E+02    0.42510917E+00    0.89788849E+00
    0.13187652E+02    0.42295156E+00    0.87213533E+00
    0.14118692E+02    0.41990453E+00    0.84747108E+00
    0.15086942E+02    0.41616247E+00    0.82368634E+00
    0.16102503E+02    0.41184668E+00    0.80055805E+00
    0.17180679E+02    0.40701658E+00    0.77781121E+00
    0.18346974E+02    0.40166081E+00    0.75505113E+00
    0.19650901E+02    0.39564906E+00    0.73160164E+00
    0.21222271E+02    0.38850615E+00    0.70577267E+00
    0.66203199E+00    0.46847497E-01    0.13076608E+01
    0.76191108E+00    0.53873611E-01    0.13068685E+01
    0.13111758E+01    0.92140238E-01    0.13005942E+01
    0.20003334E+01    0.13884242E+00    0.12882429E+01
    0.27270285E+01    0.18580331E+00    0.12701935E+01
    0.34698853E+01    0.23064144E+00    0.12470155E+01
    0.42227920E+01    0.27213640E+00    0.12194151E+01
    0.49838440E+01    0.30946204E+00    0.11882543E+01
    0.57526894E+01    0.34200505E+00    0.11544818E+01
    0.65297012E+01    0.36930296E+00    0.11191358E+01
    0.73156775E+01    0.39101593E+00    0.10832971E+01
    0.81117313E+01    0.40689688E+00    0.10480838E+01
    0.89192638E+01    0.41703003E+00    0.10144714E+01
    0.97399852E+01    0.42279975E+00    0.98269858E+00
    0.10575972E+02    0.42552625E+00    0.95269757E+00
    0.11429766E+02    0.42608729E+00    0.92430443E+00
    0.12304525E+02    0.42507629E+00    0.89735907E+00
    0.13204259E+02    0.42290355E+00    0.87167922E+00
    0.14134205E+02    0.41984853E+00    0.84707609E+00
    0.15101460E+02    0.41610307E+00    0.82334326E+00
    0.16116106E+02    0.41178703E+00    0.80026008E+00
    0.17193429E+02    0.40695853E+00    0.77755209E+00
    0.18358914E+02    0.40160573E+00    0.75482717E+00
    0.19662050E+02    0.39559783E+00    0.73140935E+00
    0.21232594E+02    0.38845983E+00    0.70561091E+00
    0.15202920E+01    0.10649259E+00    0.12973622E+01
    0.15663684E+01    0.10963613E+00    0.12965868E+01
    0.18953057E+01    0.13184341E+00    0.12904348E+01
    0.24237028E+01    0.16653414E+00    0.12783207E+01
    0.30511778E+01    0.20580409E+00    0.12606279E+01
    0.37300275E+01    0.24546015E+00    0.12379030E+01
    0.44390285E+01    0.28323590E+00    0.12108485E+01
    0.51683365E+01    0.31775866E+00    0.11803165E+01
    0.59132425E+01    0.34811360E+00    0.11472393E+01
    0.66715815E+01    0.37366444E+00    0.11126383E+01
    0.74425895E+01    0.39396002E+00    0.10775856E+01
    0.82263714E+01    0.40867901E+00    0.10431722E+01
    0.90236505E+01    0.41798015E+00    0.10102938E+01
    0.98356653E+01    0.42324977E+00    0.97914661E+00
    0.10664155E+02    0.42567379E+00    0.94965789E+00
    0.11511410E+02    0.42605148E+00    0.92170098E+00
    0.12380401E+02    0.42493125E+00    0.89511797E+00
    0.13274993E+02    0.42269599E+00    0.86974365E+00
    0.14200308E+02    0.41960840E+00    0.84539431E+00
    0.15163347E+02    0.41584901E+00    0.82188445E+00
    0.16174111E+02    0.41153221E+00    0.79899260E+00
    0.17247812E+02    0.40671074E+00    0.77644964E+00
    0.18409854E+02    0.40137074E+00    0.75387374E+00
    0.19709622E+02    0.39537932E+00    0.73059040E+00
    0.21276655E+02    0.38826226E+00    0.70492165E+00
    0.23851834E+01    0.16405102E+00    0.12792952E+01
    0.24148130E+01    0.16596169E+00    0.12785468E+01
    0.26400749E+01    0.18033186E+00    0.12726095E+01
    0.30417342E+01    0.20523042E+00    0.12609178E+01
    0.35619514E+01    0.23594114E+00    0.12438434E+01
    0.41582348E+01    0.26874968E+00    0.12219230E+01
    0.48044548E+01    0.30110807E+00    0.11958372E+01
    0.54853910E+01    0.33130187E+00    0.11664136E+01
    0.61922733E+01    0.35815255E+00    0.11345622E+01
    0.69201020E+01    0.38083586E+00    0.11012728E+01
    0.76661562E+01    0.39876562E+00    0.10675963E+01
    0.84291754E+01    0.41152987E+00    0.10345915E+01
    0.92089130E+01    0.41949724E+00    0.10029827E+01
    0.10005904E+02    0.42395487E+00    0.97290681E+00
    0.10821368E+02    0.42588140E+00    0.94431426E+00
    0.11657203E+02    0.42595445E+00    0.91709870E+00
    0.12516076E+02    0.42465249E+00    0.89114693E+00
    0.13401614E+02    0.42231269E+00    0.86630445E+00
    0.14318749E+02    0.41917152E+00    0.84240288E+00
    0.15274322E+02    0.41539028E+00    0.81928337E+00
    0.16278197E+02    0.41107282E+00    0.79672787E+00
    0.17345456E+02    0.40626508E+00    0.77448283E+00
    0.18501366E+02    0.40094835E+00    0.75216962E+00
    0.19795126E+02    0.39498705E+00    0.72912534E+00
    0.21355886E+02    0.38790744E+00    0.70368671E+00
    0.32537066E+01    0.21796502E+00    0.12542108E+01
    0.32754891E+01    0.21925662E+00    0.12535047E+01
    0.34449242E+01    0.22919400E+00    0.12478651E+01
    0.37616026E+01    0.24722500E+00    0.12367613E+01
    0.41934478E+01    0.27060165E+00    0.12205535E+01
    0.47104590E+01    0.29661901E+00    0.11997609E+01
    0.52896401E+01    0.32304742E+00    0.11750335E+01
    0.59149828E+01    0.34817849E+00    0.11471607E+01
    0.65758464E+01    0.37074279E+00    0.11170215E+01
    0.72653505E+01    0.38980534E+00    0.10855742E+01
    0.79791891E+01    0.40467929E+00    0.10538305E+01
    0.87148439E+01    0.41495554E+00    0.10227519E+01
    0.94710922E+01    0.42130763E+00    0.99284806E+00
    0.10247713E+02    0.42476039E+00    0.96420692E+00
    0.11045339E+02    0.42606085E+00    0.93682151E+00
    0.11865407E+02    0.42574758E+00    0.91062502E+00
    0.12710219E+02    0.42421359E+00    0.88554116E+00
    0.13583106E+02    0.42173997E+00    0.86142704E+00
    0.14488757E+02    0.41852939E+00    0.83816744E+00
    0.15433808E+02    0.41472337E+00    0.81558542E+00
    0.16427939E+02    0.41040861E+00    0.79350254E+00
    0.17486061E+02    0.40562206E+00    0.77167273E+00
    0.18633251E+02    0.40033909E+00    0.74973207E+00
    0.19918447E+02    0.39442225E+00    0.72702736E+00
    0.21470244E+02    0.38739599E+00    0.70191401E+00
    0.41261068E+01    0.26705162E+00    0.12231614E+01
    0.41433054E+01    0.26796159E+00    0.12225000E+01
    0.42785106E+01    0.27503313E+00    0.12172299E+01
    0.45373786E+01    0.28815690E+00    0.12068781E+01
    0.49013422E+01    0.30565505E+00    0.11917567E+01
    0.53503808E+01    0.32564638E+00    0.11723710E+01
    0.58667234E+01    0.34636868E+00    0.11493393E+01
    0.64362390E+01    0.36632374E+00    0.11234083E+01
    0.70483974E+01    0.38430392E+00    0.10954217E+01
    0.76956786E+01    0.39936381E+00    0.10662858E+01
    0.83729092E+01    0.41077576E+00    0.10369535E+01
    0.90767095E+01    0.41843565E+00    0.10081919E+01
    0.98050873E+01    0.42311017E+00    0.98027811E+00
    0.10557167E+02    0.42549173E+00    0.95334766E+00
    0.11333034E+02    0.42611140E+00    0.92741074E+00
    0.12133673E+02    0.42537305E+00    0.90246111E+00
    0.12961011E+02    0.42358036E+00    0.87843218E+00
    0.13818065E+02    0.42095975E+00    0.85523041E+00
    0.14709256E+02    0.41767636E+00    0.83275339E+00
    0.15640990E+02    0.41384515E+00    0.81084684E+00
    0.16622736E+02    0.40953864E+00    0.78936343E+00
    0.17669196E+02    0.40478242E+00    0.76805172E+00
    0.18805217E+02    0.39954502E+00    0.74658357E+00
    0.20079410E+02    0.39368537E+00    0.72431021E+00
    0.21619656E+02    0.38672938E+00    0.69961594E+00
    0.50031641E+01    0.31034487E+00    0.11874285E+01
    0.50173572E+01    0.31099138E+00    0.11868186E+01
    0.51295757E+01    0.31604040E+00    0.11819906E+01
    0.53474011E+01    0.32551962E+00    0.11725016E+01
    0.56595096E+01    0.33834880E+00    0.11586585E+01
    0.60525588E+01    0.35321850E+00    0.11409243E+01
    0.65134735E+01    0.36879164E+00    0.11198783E+01
    0.70307941E+01    0.38383748E+00    0.10962231E+01
    0.75951827E+01    0.39729261E+00    0.10707558E+01
    0.81994123E+01    0.40827151E+00    0.10443226E+01
    0.88381278E+01    0.41624195E+00    0.10177388E+01
    0.95075522E+01    0.42153072E+00    0.99145978E+00
    0.10205226E+02    0.42463490E+00    0.96571960E+00
    0.10929807E+02    0.42598439E+00    0.94066232E+00
    0.11680948E+02    0.42593482E+00    0.91635619E+00
    0.12459251E+02    0.42477214E+00    0.89280601E+00
    0.13266300E+02    0.42272178E+00    0.86998097E+00
    0.14104815E+02    0.41995451E+00    0.84782450E+00
    0.14978956E+02    0.41660158E+00    0.82624896E+00
    0.15894888E+02    0.41275249E+00    0.80514724E+00
    0.16861858E+02    0.40846205E+00    0.78435740E+00
    0.17894339E+02    0.40374738E+00    0.76367219E+00
    0.19016916E+02    0.39856772E+00    0.74275684E+00
    0.20277810E+02    0.39277948E+00    0.72099936E+00
    0.21804046E+02    0.38591055E+00    0.69680857E+00
    0.58858560E+01    0.34708881E+00    0.11484758E+01
    0.58979254E+01    0.34754129E+00    0.11479311E+01
    0.59936798E+01    0.35108358E+00    0.11435935E+01
    0.61811284E+01    0.35776593E+00    0.11350694E+01
    0.64530380E+01    0.36686531E+00    0.11226402E+01
    0.68003764E+01    0.37745514E+00    0.11067425E+01
    0.72136667E+01    0.38853641E+00    0.10879159E+01
    0.76839909E+01    0.39912798E+00    0.10668042E+01
    0.82035632E+01    0.40833472E+00    0.10441453E+01
    0.87659576E+01    0.41550215E+00    0.10206660E+01
    0.93661173E+01    0.42062752E+00    0.99687692E+00
    0.10000260E+02    0.42393340E+00    0.97311242E+00
    0.10665753E+02    0.42567626E+00    0.94960302E+00
    0.11361000E+02    0.42610656E+00    0.92650933E+00
    0.12085372E+02    0.42544874E+00    0.90391611E+00
    0.12839181E+02    0.42389670E+00    0.88186391E+00
    0.13623742E+02    0.42160796E+00    0.86034749E+00
    0.14441519E+02    0.41870933E+00    0.83934016E+00
    0.15296430E+02    0.41529837E+00    0.81876781E+00
    0.16194416E+02    0.41144281E+00    0.79854983E+00
    0.17144500E+02    0.40718124E+00    0.77854755E+00
    0.18160920E+02    0.40251921E+00    0.75855953E+00
    0.19267972E+02    0.39741035E+00    0.73828482E+00
    0.20513440E+02    0.39170714E+00    0.71711945E+00
    0.22023353E+02    0.38494024E+00    0.69350642E+00
    0.67752931E+01    0.37672931E+00    0.11078913E+01
    0.67857806E+01    0.37703349E+00    0.11074111E+01
    0.68691697E+01    0.37941478E+00    0.11035961E+01
    0.70333238E+01    0.38390469E+00    0.10961079E+01
    0.72734445E+01    0.39000167E+00    0.10852078E+01
    0.75832983E+01    0.39704110E+00    0.10712855E+01
    0.79560218E+01    0.40427410E+00    0.10548393E+01
    0.83848083E+01    0.41093751E+00    0.10364539E+01
    0.88633935E+01    0.41649219E+00    0.10167175E+01
    0.93863362E+01    0.42076315E+00    0.99609713E+00
    0.99491431E+01    0.42373319E+00    0.97497834E+00
    0.10548293E+02    0.42547507E+00    0.95365474E+00
    0.11181215E+02    0.42610854E+00    0.93235110E+00
    0.11846249E+02    0.42576976E+00    0.91121594E+00
    0.12542627E+02    0.42459520E+00    0.89037458E+00
    0.13270489E+02    0.42270936E+00    0.86986660E+00
    0.14030953E+02    0.42021862E+00    0.84971154E+00
    0.14826286E+02    0.41721374E+00    0.82991076E+00
    0.15660206E+02    0.41376297E+00    0.81041139E+00
    0.16538453E+02    0.40991599E+00    0.79114801E+00
    0.17469836E+02    0.40569632E+00    0.77199582E+00
    0.18468360E+02    0.40110073E+00    0.75278299E+00
    0.19558017E+02    0.39607608E+00    0.73320866E+00
    0.20786114E+02    0.39047132E+00    0.71269683E+00
    0.22277553E+02    0.38382144E+00    0.68973163E+00
    0.76727159E+01    0.39889925E+00    0.10673048E+01
    0.76819783E+01    0.39908724E+00    0.10668935E+01
    0.77557375E+01    0.40055496E+00    0.10636304E+01
    0.79014945E+01    0.40329971E+00    0.10572161E+01
    0.81159699E+01    0.40696500E+00    0.10479014E+01
    0.83947833E+01    0.41107215E+00    0.10360353E+01
    0.87329408E+01    0.41515123E+00    0.10220118E+01
    0.91252936E+01    0.41883787E+00    0.10062733E+01
    0.95669074E+01    0.42187957E+00    0.98920880E+00
    0.10053322E+02    0.42413049E+00    0.97118346E+00
    0.10580710E+02    0.42553478E+00    0.95253391E+00
    0.11145962E+02    0.42610046E+00    0.93350360E+00
    0.11746725E+02    0.42587508E+00    0.91430592E+00
    0.12381421E+02    0.42492924E+00    0.89508799E+00
    0.13049271E+02    0.42334128E+00    0.87596523E+00
    0.13750340E+02    0.42118881E+00    0.85700471E+00
    0.14485635E+02    0.41854131E+00    0.83824491E+00
    0.15257284E+02    0.41546098E+00    0.81968134E+00
    0.16068853E+02    0.41199410E+00    0.80129655E+00
    0.16925909E+02    0.40817290E+00    0.78303030E+00
    0.17837073E+02    0.40401077E+00    0.76477803E+00
    0.18816118E+02    0.39949470E+00    0.74638516E+00
    0.19886730E+02    0.39456747E+00    0.72756550E+00
    0.21095699E+02    0.38907478E+00    0.70776385E+00
    0.22566687E+02    0.38255624E+00    0.68550176E+00
    0.85795144E+01    0.41341344E+00    0.10283218E+01
    0.85877989E+01    0.41351189E+00    0.10279794E+01
    0.86538410E+01    0.41427778E+00    0.10252564E+01
    0.87847092E+01    0.41569796E+00    0.10199041E+01
    0.89781104E+01    0.41757434E+00    0.10121140E+01
    0.92309201E+01    0.41966369E+00    0.10021225E+01
    0.95394839E+01    0.42172065E+00    0.99024764E+00
    0.98999234E+01    0.42353021E+00    0.97678107E+00
    0.10308405E+02    0.42492902E+00    0.96205026E+00
    0.10761356E+02    0.42581058E+00    0.94634321E+00
    0.11255617E+02    0.42611618E+00    0.92992297E+00
    0.11788552E+02    0.42583293E+00    0.91300461E+00
    0.12358117E+02    0.42497469E+00    0.89577400E+00
    0.12962912E+02    0.42357529E+00    0.87837888E+00
    0.13602241E+02    0.42167798E+00    0.86091805E+00
    0.14276181E+02    0.41932957E+00    0.84347360E+00
    0.14985697E+02    0.41657432E+00    0.82608839E+00
    0.15732839E+02    0.41345151E+00    0.80877215E+00
    0.16521063E+02    0.40999366E+00    0.79151728E+00
    0.17355803E+02    0.40621780E+00    0.77427525E+00
    0.18245511E+02    0.40212884E+00    0.75696011E+00
    0.19203744E+02    0.39770640E+00    0.73942205E+00
    0.20253876E+02    0.39288867E+00    0.72139657E+00
    0.21442155E+02    0.38752155E+00    0.70234839E+00
    0.22890890E+02    0.38114929E+00    0.68084100E+00
    0.94972614E+01    0.42146842E+00    0.99185112E+00
    0.95047460E+01    0.42151379E+00    0.99156646E+00
    0.95644586E+01    0.42186553E+00    0.98930149E+00
    0.96830275E+01    0.42251243E+00    0.98482995E+00
    0.98588220E+01    0.42335285E+00    0.97829223E+00
    0.10089588E+02    0.42425902E+00    0.96987054E+00
    0.10372640E+02    0.42509410E+00    0.95978401E+00
    0.10705064E+02    0.42573462E+00    0.94825745E+00
    0.11083913E+02    0.42607897E+00    0.93554468E+00
    0.11506376E+02    0.42605407E+00    0.92186116E+00
    0.11969913E+02    0.42561561E+00    0.90742316E+00
    0.12472364E+02    0.42474489E+00    0.89242251E+00
    0.13012031E+02    0.42344309E+00    0.87700414E+00
    0.13587752E+02    0.42172495E+00    0.86130335E+00
    0.14198975E+02    0.41961327E+00    0.84542819E+00
    0.14845849E+02    0.41713584E+00    0.82943834E+00
    0.15529360E+02    0.41432017E+00    0.81339052E+00
    0.16251527E+02    0.41119077E+00    0.79730680E+00
    0.17015741E+02    0.40776632E+00    0.78117966E+00
    0.17827333E+02    0.40405557E+00    0.76496659E+00
    0.18694613E+02    0.40005562E+00    0.74860480E+00
    0.19630937E+02    0.39574082E+00    0.73194630E+00
    0.20659366E+02    0.39104549E+00    0.71474380E+00
    0.21825579E+02    0.38581513E+00    0.69648252E+00
    0.23250435E+02    0.37960116E+00    0.67576819E+00
    0.10427759E+02    0.42522461E+00    0.95785410E+00
    0.10434576E+02    0.42524002E+00    0.95761566E+00
    0.10488997E+02    0.42535756E+00    0.95571448E+00
    0.10597226E+02    0.42556396E+00    0.95196356E+00
    0.10758092E+02    0.42580642E+00    0.94645384E+00
    0.10969958E+02    0.42601477E+00    0.93932234E+00
    0.11230843E+02    0.42611501E+00    0.93073102E+00
    0.11538569E+02    0.42603661E+00    0.92083792E+00
    0.11890892E+02    0.42571716E+00    0.90984138E+00
    0.12285637E+02    0.42511113E+00    0.89792018E+00
    0.12720810E+02    0.42418831E+00    0.88523773E+00
    0.13194698E+02    0.42293122E+00    0.87194172E+00
    0.13705952E+02    0.42133707E+00    0.85817422E+00
    0.14253672E+02    0.41941267E+00    0.84404179E+00
    0.14837488E+02    0.41716915E+00    0.82964011E+00
    0.15457666E+02    0.41462295E+00    0.81503600E+00
    0.16115248E+02    0.41179079E+00    0.80027888E+00
    0.16812267E+02    0.40868576E+00    0.78538845E+00
    0.17552083E+02    0.40531967E+00    0.77036170E+00
    0.18339956E+02    0.40169318E+00    0.75518284E+00
    0.19184075E+02    0.39779709E+00    0.73977128E+00
    0.20097609E+02    0.39360215E+00    0.72400469E+00
    0.21103308E+02    0.38904056E+00    0.70764373E+00
    0.22246260E+02    0.38395880E+00    0.69019344E+00
    0.23645780E+02    0.37791599E+00    0.67030477E+00
    0.11373103E+02    0.42610393E+00    0.92612015E+00
    0.11379354E+02    0.42610244E+00    0.92591935E+00
    0.11429277E+02    0.42608746E+00    0.92432008E+00
    0.11528682E+02    0.42604220E+00    0.92115186E+00
    0.11676723E+02    0.42593838E+00    0.91648819E+00
    0.11872206E+02    0.42573957E+00    0.91041568E+00
    0.12113676E+02    0.42540484E+00    0.90306262E+00
    0.12399511E+02    0.42489344E+00    0.89455654E+00
    0.12728025E+02    0.42417101E+00    0.88503115E+00
    0.13097564E+02    0.42320732E+00    0.87462281E+00
    0.13506603E+02    0.42198475E+00    0.86347436E+00
    0.13953830E+02    0.42049057E+00    0.85170223E+00
    0.14438229E+02    0.41872182E+00    0.83942189E+00
    0.14959161E+02    0.41668153E+00    0.82672093E+00
    0.15516455E+02    0.41437480E+00    0.81368607E+00
    0.16110516E+02    0.41181154E+00    0.80038248E+00
    0.16742477E+02    0.40900033E+00    0.78684522E+00
    0.17414409E+02    0.40594989E+00    0.77310197E+00
    0.18129670E+02    0.40266340E+00    0.75915331E+00
    0.18893472E+02    0.39913754E+00    0.74498158E+00
    0.19713905E+02    0.39535965E+00    0.73051681E+00
    0.20603961E+02    0.39129662E+00    0.71564345E+00
    0.21586081E+02    0.38687893E+00    0.70013043E+00
    0.22704744E+02    0.38195559E+00    0.68350687E+00
    0.24077629E+02    0.37609496E+00    0.66446688E+00
    0.12335773E+02    0.42501755E+00    0.89643349E+00
    0.12341536E+02    0.42500656E+00    0.89626320E+00
    0.12387582E+02    0.42491710E+00    0.89490690E+00
    0.12479357E+02    0.42473027E+00    0.89221817E+00
    0.12616247E+02    0.42443183E+00    0.88824339E+00
    0.12797387E+02    0.42400150E+00    0.88305088E+00
    0.13021712E+02    0.42341675E+00    0.87673377E+00
    0.13288029E+02    0.42265720E+00    0.86938810E+00
    0.13595089E+02    0.42170119E+00    0.86110816E+00
    0.13941664E+02    0.42053310E+00    0.85201777E+00
    0.14326624E+02    0.41914216E+00    0.84220535E+00
    0.14749006E+02    0.41751996E+00    0.83178595E+00
    0.15208099E+02    0.41566451E+00    0.82083314E+00
    0.15703513E+02    0.41357742E+00    0.80943277E+00
    0.16235276E+02    0.41126257E+00    0.79766009E+00
    0.16803945E+02    0.40872329E+00    0.78556178E+00
    0.17410754E+02    0.40596661E+00    0.77317503E+00
    0.18057836E+02    0.40299463E+00    0.76052621E+00
    0.18748567E+02    0.39980651E+00    0.74761705E+00
    0.19488128E+02    0.39639749E+00    0.73442361E+00
    0.20284523E+02    0.39274886E+00    0.72088805E+00
    0.21150580E+02    0.38882808E+00    0.70689870E+00
    0.22108431E+02    0.38456492E+00    0.69223690E+00
    0.23201923E+02    0.37980920E+00    0.67644677E+00
    0.24547017E+02    0.37414030E+00    0.65827163E+00
    0.13318758E+02    0.42256510E+00    0.86855131E+00
    0.13324096E+02    0.42254901E+00    0.86840614E+00
    0.13366757E+02    0.42241956E+00    0.86724804E+00
    0.13451853E+02    0.42215690E+00    0.86494811E+00
    0.13578943E+02    0.42175342E+00    0.86153793E+00
    0.13747404E+02    0.42119866E+00    0.85708192E+00
    0.13956468E+02    0.42048133E+00    0.85163385E+00
    0.14205271E+02    0.41959028E+00    0.84526826E+00
    0.14492911E+02    0.41851352E+00    0.83806438E+00
    0.14818503E+02    0.41724470E+00    0.83009902E+00
    0.15181244E+02    0.41577530E+00    0.82146368E+00
    0.15580475E+02    0.41410321E+00    0.81222286E+00
    0.16015751E+02    0.41222639E+00    0.80246669E+00
    0.16486914E+02    0.41014602E+00    0.79224371E+00
    0.16994182E+02    0.40786404E+00    0.78162256E+00
    0.17538260E+02    0.40538301E+00    0.77063567E+00
    0.18120496E+02    0.40270572E+00    0.75932802E+00
    0.18743091E+02    0.39983179E+00    0.74771715E+00
    0.19409451E+02    0.39675926E+00    0.73579726E+00
    0.20124739E+02    0.39347816E+00    0.72354995E+00
    0.20896887E+02    0.38997030E+00    0.71092090E+00
    0.21738561E+02    0.38620096E+00    0.69780237E+00
    0.22671585E+02    0.38209961E+00    0.68398457E+00
    0.23739150E+02    0.37752007E+00    0.66903059E+00
    0.25055420E+02    0.37205186E+00    0.65173028E+00
    0.14325738E+02    0.41914546E+00    0.84222755E+00
    0.14330701E+02    0.41912693E+00    0.84210314E+00
    0.14370375E+02    0.41897827E+00    0.84111094E+00
    0.14449561E+02    0.41867876E+00    0.83914041E+00
    0.14567950E+02    0.41822564E+00    0.83620738E+00
    0.14725101E+02    0.41761412E+00    0.83236770E+00
    0.14920471E+02    0.41683728E+00    0.82764556E+00
    0.15153455E+02    0.41588971E+00    0.82211725E+00
    0.15423421E+02    0.41476704E+00    0.81582488E+00
    0.15729764E+02    0.41346472E+00    0.80884134E+00
    0.16071952E+02    0.41198053E+00    0.80122845E+00
    0.16449580E+02    0.41031233E+00    0.79303994E+00
    0.16862436E+02    0.40845944E+00    0.78434539E+00
    0.17310569E+02    0.40642441E+00    0.77518377E+00
    0.17794372E+02    0.40420714E+00    0.76560601E+00
    0.18314695E+02    0.40180969E+00    0.75565737E+00
    0.18872992E+02    0.39923212E+00    0.74535244E+00
    0.19471542E+02    0.39647376E+00    0.73471266E+00
    0.20113783E+02    0.39352822E+00    0.72373349E+00
    0.20804870E+02    0.39038641E+00    0.71239527E+00
    0.21552665E+02    0.38702793E+00    0.70064362E+00
    0.22369678E+02    0.38341748E+00    0.68837645E+00
    0.23277419E+02    0.37948557E+00    0.67539153E+00
    0.24318403E+02    0.37508927E+00    0.66127037E+00
    0.25604913E+02    0.36982845E+00    0.64484836E+00
    0.15361365E+02    0.41502735E+00    0.81725926E+00
    0.15365994E+02    0.41500798E+00    0.81715204E+00
    0.15403001E+02    0.41485282E+00    0.81629617E+00
    0.15476905E+02    0.41454186E+00    0.81459360E+00
    0.15587493E+02    0.41407334E+00    0.81206293E+00
    0.15734464E+02    0.41344453E+00    0.80873560E+00
    0.15917450E+02    0.41265464E+00    0.80464543E+00
    0.16136045E+02    0.41169952E+00    0.79982388E+00
    0.16389835E+02    0.41057794E+00    0.79431913E+00
    0.16678437E+02    0.40928851E+00    0.78818910E+00
    0.17001541E+02    0.40783070E+00    0.78147129E+00
    0.17358958E+02    0.40620338E+00    0.77421198E+00
    0.17750677E+02    0.40440804E+00    0.76645676E+00
    0.18176924E+02    0.40244536E+00    0.75825615E+00
    0.18638252E+02    0.40031598E+00    0.74964005E+00
    0.19135642E+02    0.39802038E+00    0.74063311E+00
    0.19670653E+02    0.39555830E+00    0.73126106E+00
    0.20245634E+02    0.39292627E+00    0.72153349E+00
    0.20864060E+02    0.39011863E+00    0.71144589E+00
    0.21531079E+02    0.38712425E+00    0.70097572E+00
    0.22254486E+02    0.38392268E+00    0.69007198E+00
    0.23046632E+02    0.38047700E+00    0.67863090E+00
    0.23928706E+02    0.37672048E+00    0.66646403E+00
    0.24942523E+02    0.37251308E+00    0.65316780E+00
    0.26198403E+02    0.36746819E+00    0.63762644E+00
    0.16431694E+02    0.41039191E+00    0.79342223E+00
    0.16436021E+02    0.41037267E+00    0.79332969E+00
    0.16470624E+02    0.41021862E+00    0.79259085E+00
    0.16539758E+02    0.40991015E+00    0.79112030E+00
    0.16643286E+02    0.40944642E+00    0.78892965E+00
    0.16781012E+02    0.40882669E+00    0.78603993E+00
    0.16952706E+02    0.40805177E+00    0.78247684E+00
    0.17158117E+02    0.40711928E+00    0.77827023E+00
    0.17397003E+02    0.40602948E+00    0.77345004E+00
    0.17669162E+02    0.40478258E+00    0.76805240E+00
    0.17974466E+02    0.40337865E+00    0.76212917E+00
    0.18312904E+02    0.40181795E+00    0.75569103E+00
    0.18684634E+02    0.40010171E+00    0.74878785E+00
    0.19090039E+02    0.39823058E+00    0.74144700E+00
    0.19529810E+02    0.39620580E+00    0.73369842E+00
    0.20005045E+02    0.39402570E+00    0.72556244E+00
    0.20517398E+02    0.39168918E+00    0.71705476E+00
    0.21069284E+02    0.38919357E+00    0.70818120E+00
    0.21664211E+02    0.38653118E+00    0.69893490E+00
    0.22307317E+02    0.38369087E+00    0.68929309E+00
    0.23006328E+02    0.38065076E+00    0.67920094E+00
    0.23773437E+02    0.37737502E+00    0.66856430E+00
    0.24629495E+02    0.37379931E+00    0.65719850E+00
    0.25615591E+02    0.36978564E+00    0.64471654E+00
    0.26839995E+02    0.36496254E+00    0.63005200E+00
    0.17544912E+02    0.40535253E+00    0.77050380E+00
    0.17548965E+02    0.40533396E+00    0.77042348E+00
    0.17581378E+02    0.40518538E+00    0.76978199E+00
    0.17646161E+02    0.40488818E+00    0.76850448E+00
    0.17743234E+02    0.40444225E+00    0.76660200E+00
    0.17872486E+02    0.40384790E+00    0.76409370E+00
    0.18033791E+02    0.40310543E+00    0.76098787E+00
    0.18227023E+02    0.40221415E+00    0.75730892E+00
    0.18452075E+02    0.40117590E+00    0.75308613E+00
    0.18708892E+02    0.39998968E+00    0.74834308E+00
    0.18997494E+02    0.39865731E+00    0.74310572E+00
    0.19318018E+02    0.39717986E+00    0.73740214E+00
    0.19670763E+02    0.39555780E+00    0.73125917E+00
    0.20056245E+02    0.39379134E+00    0.72469964E+00
    0.20475274E+02    0.39188040E+00    0.71774412E+00
    0.20929052E+02    0.38982510E+00    0.71040755E+00
    0.21419314E+02    0.38762369E+00    0.70270211E+00
    0.21948533E+02    0.38527090E+00    0.69462821E+00
    0.22520244E+02    0.38275887E+00    0.68617645E+00
    0.23139571E+02    0.38007700E+00    0.67732148E+00
    0.23814167E+02    0.37720298E+00    0.66801157E+00
    0.24556052E+02    0.37410291E+00    0.65815386E+00
    0.25385732E+02    0.37071119E+00    0.64757080E+00
    0.26343536E+02    0.36689671E+00    0.63589188E+00
    0.27535590E+02    0.36230124E+00    0.62209872E+00
    0.18712640E+02    0.39997238E+00    0.74827441E+00
    0.18716440E+02    0.39995483E+00    0.74820482E+00
    0.18746834E+02    0.39981451E+00    0.74764872E+00
    0.18807604E+02    0.39953400E+00    0.74654012E+00
    0.18898712E+02    0.39911334E+00    0.74488678E+00
    0.19020114E+02    0.39855297E+00    0.74269944E+00
    0.19171766E+02    0.39785384E+00    0.73999007E+00
    0.19353638E+02    0.39701595E+00    0.73677576E+00
    0.19565737E+02    0.39604058E+00    0.73307477E+00
    0.19808120E+02    0.39492750E+00    0.72890351E+00
    0.20080930E+02    0.39367841E+00    0.72428467E+00
    0.20384426E+02    0.39229349E+00    0.71923688E+00
    0.20719022E+02    0.39077519E+00    0.71377840E+00
    0.21085349E+02    0.38912132E+00    0.70792730E+00
    0.21484315E+02    0.38733311E+00    0.70169667E+00
    0.21917212E+02    0.38540944E+00    0.69509931E+00
    0.22385843E+02    0.38334667E+00    0.68813936E+00
    0.22892730E+02    0.38114133E+00    0.68081478E+00
    0.23441424E+02    0.37878506E+00    0.67311432E+00
    0.24037028E+02    0.37626530E+00    0.66500974E+00
    0.24687112E+02    0.37356160E+00    0.65645157E+00
    0.25403516E+02    0.37063931E+00    0.64734874E+00
    0.26206380E+02    0.36743673E+00    0.63753079E+00
    0.27135232E+02    0.36382634E+00    0.62664399E+00
    0.28293951E+02    0.35946417E+00    0.61372062E+00
    0.19952487E+02    0.39426637E+00    0.72645076E+00
    0.19956051E+02    0.39425005E+00    0.72639045E+00
    0.19984560E+02    0.39411950E+00    0.72590837E+00
    0.20041577E+02    0.39385846E+00    0.72494655E+00
    0.20127100E+02    0.39346737E+00    0.72351042E+00
    0.20241136E+02    0.39294680E+00    0.72160825E+00
    0.20383705E+02    0.39229677E+00    0.71924875E+00
    0.20554858E+02    0.39151926E+00    0.71644316E+00
    0.20754684E+02    0.39061365E+00    0.71320295E+00
    0.20983338E+02    0.38958039E+00    0.70954348E+00
    0.21241059E+02    0.38842185E+00    0.70547835E+00
    0.21528206E+02    0.38713708E+00    0.70101995E+00
    0.21845291E+02    0.38572781E+00    0.69618437E+00
    0.22193034E+02    0.38419261E+00    0.69098070E+00
    0.22572431E+02    0.38253119E+00    0.68541843E+00
    0.22984843E+02    0.38074345E+00    0.67950537E+00
    0.23432132E+02    0.37882466E+00    0.67324277E+00
    0.23916854E+02    0.37677034E+00    0.66662369E+00
    0.24442570E+02    0.37457321E+00    0.65963724E+00
    0.25014347E+02    0.37221950E+00    0.65225230E+00
    0.25639663E+02    0.36968919E+00    0.64441962E+00
    0.26330163E+02    0.36694927E+00    0.63605119E+00
    0.27105593E+02    0.36393994E+00    0.62698391E+00
    0.28004637E+02    0.36053803E+00    0.61688118E+00
    0.29128792E+02    0.35641742E+00    0.60482738E+00
    0.21293796E+02    0.38818545E+00    0.70465400E+00
    0.21297135E+02    0.38817049E+00    0.70460189E+00
    0.21323852E+02    0.38805084E+00    0.70418534E+00
    0.21377296E+02    0.38781163E+00    0.70335396E+00
    0.21457496E+02    0.38745297E+00    0.70211105E+00
    0.21564498E+02    0.38697515E+00    0.70046177E+00
    0.21698374E+02    0.38637937E+00    0.69841392E+00
    0.21859235E+02    0.38566605E+00    0.69597365E+00
    0.22047243E+02    0.38483477E+00    0.69314930E+00
    0.22262625E+02    0.38388696E+00    0.68995184E+00
    0.22505702E+02    0.38282238E+00    0.68638810E+00
    0.22776911E+02    0.38164261E+00    0.68247026E+00
    0.23076844E+02    0.38034687E+00    0.67820449E+00
    0.23406298E+02    0.37893480E+00    0.67360025E+00
    0.23766335E+02    0.37740504E+00    0.66866081E+00
    0.24158374E+02    0.37575682E+00    0.66339063E+00
    0.24584320E+02    0.37398598E+00    0.65778570E+00
    0.25046755E+02    0.37208721E+00    0.65184033E+00
    0.25549231E+02    0.37005196E+00    0.64553696E+00
    0.26096773E+02    0.36786940E+00    0.63884825E+00
    0.26696748E+02    0.36551758E+00    0.63172255E+00
    0.27360583E+02    0.36296530E+00    0.62407488E+00
    0.28107600E+02    0.36015470E+00    0.61575100E+00
    0.28975570E+02    0.35697059E+00    0.60643410E+00
    0.30063442E+02    0.35309995E+00    0.59525665E+00
    0.22793539E+02    0.38157057E+00    0.68223197E+00
    0.22796659E+02    0.38155706E+00    0.68218729E+00
    0.22821620E+02    0.38144898E+00    0.68183004E+00
    0.22871565E+02    0.38123286E+00    0.68111657E+00
    0.22946543E+02    0.38090879E+00    0.68004900E+00
    0.23046632E+02    0.38047700E+00    0.67863091E+00
    0.23171947E+02    0.37993789E+00    0.67686692E+00
    0.23322647E+02    0.37929204E+00    0.67476142E+00
    0.23498949E+02    0.37854012E+00    0.67232054E+00
    0.23701142E+02    0.37768109E+00    0.66954851E+00
    0.23929611E+02    0.37671667E+00    0.66645184E+00
    0.24184858E+02    0.37564611E+00    0.66303856E+00
    0.24467538E+02    0.37446962E+00    0.65931012E+00
    0.24778508E+02    0.37318546E+00    0.65527140E+00
    0.25118884E+02    0.37179324E+00    0.65092583E+00
    0.25490130E+02    0.37028980E+00    0.64627014E+00
    0.25894179E+02    0.36867271E+00    0.64130201E+00
    0.26333621E+02    0.36693567E+00    0.63600998E+00
    0.26811992E+02    0.36507086E+00    0.63037773E+00
    0.27334251E+02    0.36306563E+00    0.62437369E+00
    0.27907634E+02    0.36090053E+00    0.61795123E+00
    0.28543321E+02    0.35854602E+00    0.61102805E+00
    0.29260159E+02    0.35594529E+00    0.60345878E+00
    0.30094906E+02    0.35298997E+00    0.59494124E+00
    0.31143703E+02    0.34938527E+00    0.58466757E+00
    0.24601078E+02    0.37391670E+00    0.65756772E+00
    0.24603968E+02    0.37390476E+00    0.65753014E+00
    0.24627097E+02    0.37380921E+00    0.65722962E+00
    0.24673388E+02    0.37361818E+00    0.65662927E+00
    0.24742907E+02    0.37333184E+00    0.65573043E+00
    0.24835757E+02    0.37295043E+00    0.65453507E+00
    0.24952088E+02    0.37247396E+00    0.65304568E+00
    0.25092099E+02    0.37190232E+00    0.65126503E+00
    0.25256052E+02    0.37123612E+00    0.64919579E+00
    0.25444287E+02    0.37047467E+00    0.64684042E+00
    0.25657238E+02    0.36961882E+00    0.64420309E+00
    0.25895462E+02    0.36866761E+00    0.64128639E+00
    0.26159664E+02    0.36762105E+00    0.63809148E+00
    0.26450748E+02    0.36647635E+00    0.63461848E+00
    0.26769870E+02    0.36523396E+00    0.63086845E+00
    0.27118523E+02    0.36389037E+00    0.62683556E+00
    0.27498656E+02    0.36244097E+00    0.62251436E+00
    0.27912850E+02    0.36088100E+00    0.61789357E+00
    0.28364599E+02    0.35920339E+00    0.61295507E+00
    0.28858774E+02    0.35739400E+00    0.60766695E+00
    0.29402442E+02    0.35543635E+00    0.60198428E+00
    0.30006479E+02    0.35329931E+00    0.59582876E+00
    0.30689159E+02    0.35093287E+00    0.58906326E+00
    0.31486044E+02    0.34823426E+00    0.58141194E+00
    0.32489965E+02    0.34492904E+00    0.57212643E+00
