    0.27250841E-04   -0.11244545E-07    0.19367042E-09
    0.37712350E+00    0.12371119E-07   -0.10710620E-09
    0.11317666E+01    0.10859953E-06   -0.27511042E-08
    0.18876036E+01    0.30085000E-06   -0.12609850E-07
    0.26454486E+01    0.58738174E-06   -0.34085001E-07
    0.34061441E+01    0.96621037E-06   -0.70990890E-07
    0.41705738E+01    0.14350815E-05   -0.12633243E-06
    0.49396776E+01    0.19918115E-05   -0.20209929E-06
    0.57144684E+01    0.26346393E-05   -0.29906410E-06
    0.64960535E+01    0.33626957E-05   -0.41658847E-06
    0.72856607E+01    0.41764771E-05   -0.55239174E-06
    0.80846706E+01    0.50783700E-05   -0.70227831E-06
    0.88946602E+01    0.60729918E-05   -0.86111700E-06
    0.97174598E+01    0.71657983E-05   -0.10297718E-05
    0.10555231E+02    0.83630766E-05   -0.12109717E-05
    0.11410577E+02    0.96725132E-05   -0.14068437E-05
    0.12286702E+02    0.11104171E-04   -0.16194902E-05
    0.13187652E+02    0.12670674E-04   -0.18511453E-05
    0.14118692E+02    0.14388752E-04   -0.21044833E-05
    0.15086942E+02    0.16281479E-04   -0.23830633E-05
    0.16102503E+02    0.18381685E-04   -0.26917884E-05
    0.17180679E+02    0.20738712E-04   -0.30379731E-05
    0.18346974E+02    0.23434494E-04   -0.34336969E-05
    0.19650901E+02    0.26626162E-04   -0.39020047E-05
    0.21222271E+02    0.30718936E-04   -0.45023406E-05
    0.66203199E+00    0.37211127E-07   -0.55322553E-09
    0.76191108E+00    0.49303611E-07   -0.84306302E-09
    0.13111758E+01    0.14564055E-06   -0.42677384E-08
    0.20003334E+01    0.33759537E-06   -0.14971894E-07
    0.27270285E+01    0.62369859E-06   -0.37249810E-07
    0.34698853E+01    0.10019839E-05   -0.74875818E-07
    0.42227920E+01    0.14702296E-05   -0.13082816E-06
    0.49838440E+01    0.20262830E-05   -0.20707453E-06
    0.57526894E+01    0.26684108E-05   -0.30436803E-06
    0.65297012E+01    0.33957881E-05   -0.42205367E-06
    0.73156775E+01    0.42089390E-05   -0.55783344E-06
    0.81117313E+01    0.51102917E-05   -0.70749532E-06
    0.89192638E+01    0.61044673E-05   -0.86604145E-06
    0.97399852E+01    0.71968771E-05   -0.10345124E-05
    0.10575972E+02    0.83938012E-05   -0.12155895E-05
    0.11429766E+02    0.97028985E-05   -0.14113712E-05
    0.12304525E+02    0.11134228E-04   -0.16239429E-05
    0.13204259E+02    0.12700434E-04   -0.18555394E-05
    0.14134205E+02    0.14418242E-04   -0.21088266E-05
    0.15101460E+02    0.16310686E-04   -0.23873584E-05
    0.16116106E+02    0.18410613E-04   -0.26960386E-05
    0.17193429E+02    0.20767372E-04   -0.30421813E-05
    0.18358914E+02    0.23462883E-04   -0.34378626E-05
    0.19662050E+02    0.26654244E-04   -0.39061242E-05
    0.21232594E+02    0.30746698E-04   -0.45064123E-05
    0.15202920E+01    0.19559288E-06   -0.66318962E-08
    0.15663684E+01    0.20757561E-06   -0.72478913E-08
    0.18953057E+01    0.30329448E-06   -0.12762869E-07
    0.24237028E+01    0.49399584E-06   -0.26368899E-07
    0.30511778E+01    0.77829351E-06   -0.51656731E-07
    0.37300275E+01    0.11543144E-05   -0.92082650E-07
    0.44390285E+01    0.16199356E-05   -0.15044560E-06
    0.51683365E+01    0.21731484E-05   -0.22858699E-06
    0.59132425E+01    0.28123497E-05   -0.32716352E-06
    0.66715815E+01    0.35368858E-05   -0.44543680E-06
    0.74425895E+01    0.43474153E-05   -0.58103238E-06
    0.82263714E+01    0.52465266E-05   -0.72966372E-06
    0.90236505E+01    0.62388378E-05   -0.88700939E-06
    0.98356653E+01    0.73295788E-05   -0.10547284E-05
    0.10664155E+02    0.85249971E-05   -0.12352919E-05
    0.11511410E+02    0.98326823E-05   -0.14307015E-05
    0.12380401E+02    0.11262631E-04   -0.16429597E-05
    0.13274993E+02    0.12827537E-04   -0.18743019E-05
    0.14200308E+02    0.14544212E-04   -0.21273792E-05
    0.15163347E+02    0.16435476E-04   -0.24057077E-05
    0.16174111E+02    0.18534205E-04   -0.27141970E-05
    0.17247812E+02    0.20889821E-04   -0.30601602E-05
    0.18409854E+02    0.23584185E-04   -0.34556607E-05
    0.19709622E+02    0.26774229E-04   -0.39237256E-05
    0.21276655E+02    0.30865311E-04   -0.45238089E-05
    0.23851834E+01    0.47857303E-06   -0.25156288E-07
    0.24148130E+01    0.49041538E-06   -0.26085769E-07
    0.26400749E+01    0.58502640E-06   -0.33882815E-07
    0.30417342E+01    0.77355853E-06   -0.51194264E-07
    0.35619514E+01    0.10547358E-05   -0.80715370E-07
    0.41582348E+01    0.14268333E-05   -0.12528374E-06
    0.48044548E+01    0.18879364E-05   -0.18728806E-06
    0.54853910E+01    0.24362436E-05   -0.26828199E-06
    0.61922733E+01    0.30704296E-05   -0.36870891E-06
    0.69201020E+01    0.37900894E-05   -0.48765364E-06
    0.76661562E+01    0.45961666E-05   -0.62258932E-06
    0.84291754E+01    0.54915066E-05   -0.76913066E-06
    0.92089130E+01    0.64806058E-05   -0.92453417E-06
    0.10005904E+02    0.75684487E-05   -0.10910235E-05
    0.10821368E+02    0.87611302E-05   -0.12707026E-05
    0.11657203E+02    0.10066417E-04   -0.14654785E-05
    0.12516076E+02    0.11493992E-04   -0.16772103E-05
    0.13401614E+02    0.13056516E-04   -0.19080907E-05
    0.14318749E+02    0.14771142E-04   -0.21607993E-05
    0.15274322E+02    0.16660341E-04   -0.24387720E-05
    0.16278197E+02    0.18756947E-04   -0.27469236E-05
    0.17345456E+02    0.21110522E-04   -0.30925626E-05
    0.18501366E+02    0.23802799E-04   -0.34877365E-05
    0.19795126E+02    0.26990549E-04   -0.39554594E-05
    0.21355886E+02    0.31079125E-04   -0.45551702E-05
    0.32537066E+01    0.88315166E-06   -0.62216109E-07
    0.32754891E+01    0.89480417E-06   -0.63425885E-07
    0.34449242E+01    0.98790191E-06   -0.73339167E-07
    0.37616026E+01    0.11734895E-05   -0.94321313E-07
    0.41934478E+01    0.14504298E-05   -0.12829027E-06
    0.47104590E+01    0.18172206E-05   -0.17736743E-06
    0.52896401E+01    0.22722173E-05   -0.24336982E-06
    0.59149828E+01    0.28139282E-05   -0.32741512E-06
    0.65758464E+01    0.34414030E-05   -0.42959931E-06
    0.72653505E+01    0.41545758E-05   -0.54871992E-06
    0.79791891E+01    0.49548029E-05   -0.68200506E-06
    0.87148439E+01    0.58452132E-05   -0.82532321E-06
    0.94710922E+01    0.68299132E-05   -0.97836962E-06
    0.10247713E+02    0.79137107E-05   -0.11432644E-05
    0.11045339E+02    0.91027257E-05   -0.13218229E-05
    0.11865407E+02    0.10404439E-04   -0.15157053E-05
    0.12710219E+02    0.11828777E-04   -0.17267472E-05
    0.13583106E+02    0.13388117E-04   -0.19570027E-05
    0.14488757E+02    0.15099536E-04   -0.22091515E-05
    0.15433808E+02    0.16985825E-04   -0.24866341E-05
    0.16427939E+02    0.19079484E-04   -0.27943126E-05
    0.17486061E+02    0.21430125E-04   -0.31394831E-05
    0.18633251E+02    0.24119284E-04   -0.35341781E-05
    0.19918447E+02    0.27304053E-04   -0.40014502E-05
    0.21470244E+02    0.31389012E-04   -0.46006249E-05
    0.41261068E+01    0.14054594E-05   -0.12257758E-06
    0.41433054E+01    0.14168827E-05   -0.12402184E-06
    0.42785106E+01    0.15081651E-05   -0.13572852E-06
    0.45373786E+01    0.16902266E-05   -0.15990456E-06
    0.49013422E+01    0.19621076E-05   -0.19783579E-06
    0.53503808E+01    0.23225664E-05   -0.25096097E-06
    0.58667234E+01    0.27703000E-05   -0.32047367E-06
    0.64362390E+01    0.33042210E-05   -0.40695103E-06
    0.70483974E+01    0.39238121E-05   -0.51003601E-06
    0.76956786E+01    0.46294746E-05   -0.62813638E-06
    0.83729092E+01    0.54230289E-05   -0.75814843E-06
    0.90767095E+01    0.63076504E-05   -0.89771483E-06
    0.98050873E+01    0.72870478E-05   -0.10482535E-05
    0.10557167E+02    0.83659426E-05   -0.12114026E-05
    0.11333034E+02    0.95501945E-05   -0.13886116E-05
    0.12133673E+02    0.10847623E-04   -0.15814677E-05
    0.12961011E+02    0.12267634E-04   -0.17916092E-05
    0.13818065E+02    0.13823108E-04   -0.20211322E-05
    0.14709256E+02    0.15530501E-04   -0.22725754E-05
    0.15640990E+02    0.17412802E-04   -0.25494073E-05
    0.16622736E+02    0.19502674E-04   -0.28564730E-05
    0.17669196E+02    0.21849476E-04   -0.32010516E-05
    0.18805217E+02    0.24534871E-04   -0.35951631E-05
    0.20079410E+02    0.27715804E-04   -0.40618506E-05
    0.21619656E+02    0.31796141E-04   -0.46603372E-05
    0.50031641E+01    0.20414460E-05   -0.20927216E-06
    0.50173572E+01    0.20526176E-05   -0.21089484E-06
    0.51295757E+01    0.21419101E-05   -0.22396988E-06
    0.53474011E+01    0.23200849E-05   -0.25058565E-06
    0.56595096E+01    0.25864133E-05   -0.29152111E-06
    0.60525588E+01    0.29399548E-05   -0.34760621E-06
    0.65134735E+01    0.33798104E-05   -0.41941399E-06
    0.70307941E+01    0.39053436E-05   -0.50694241E-06
    0.75951827E+01    0.45165317E-05   -0.60930810E-06
    0.81994123E+01    0.52143436E-05   -0.72444111E-06
    0.88381278E+01    0.60009521E-05   -0.84982676E-06
    0.95075522E+01    0.68791543E-05   -0.98592617E-06
    0.10205226E+02    0.78525388E-05   -0.11340261E-05
    0.10929807E+02    0.89257349E-05   -0.12953517E-05
    0.11680948E+02    0.10104720E-04   -0.14711735E-05
    0.12459251E+02    0.11396820E-04   -0.16628270E-05
    0.13266300E+02    0.12811884E-04   -0.18719916E-05
    0.14104815E+02    0.14362398E-04   -0.21006016E-05
    0.14978956E+02    0.16065079E-04   -0.23512338E-05
    0.15894888E+02    0.17942927E-04   -0.26273184E-05
    0.16861858E+02    0.20028203E-04   -0.29336542E-05
    0.17894339E+02    0.22370411E-04   -0.32775177E-05
    0.19016916E+02    0.25051201E-04   -0.36709251E-05
    0.20277810E+02    0.28226866E-04   -0.41368222E-05
    0.21804046E+02    0.32301812E-04   -0.47344932E-05
    0.58858560E+01    0.27875605E-05   -0.32321678E-06
    0.58979254E+01    0.27984732E-05   -0.32495319E-06
    0.59936798E+01    0.28857196E-05   -0.33889250E-06
    0.61811284E+01    0.30599303E-05   -0.36700385E-06
    0.64530380E+01    0.33205980E-05   -0.40964757E-06
    0.68003764E+01    0.36671445E-05   -0.46712158E-06
    0.72136667E+01    0.40990731E-05   -0.53941389E-06
    0.76839909E+01    0.46162753E-05   -0.62593880E-06
    0.82035632E+01    0.52192930E-05   -0.72524488E-06
    0.87659576E+01    0.59095565E-05   -0.83546299E-06
    0.93661173E+01    0.66890462E-05   -0.95670849E-06
    0.10000260E+02    0.75604724E-05   -0.10898135E-05
    0.10665753E+02    0.85273833E-05   -0.12356501E-05
    0.11361000E+02    0.95942219E-05   -0.13951751E-05
    0.12085372E+02    0.10767193E-04   -0.15695403E-05
    0.12839181E+02    0.12053527E-04   -0.17599740E-05
    0.13623742E+02    0.13462907E-04   -0.19680307E-05
    0.14441519E+02    0.15007974E-04   -0.21956719E-05
    0.15296430E+02    0.16705298E-04   -0.24453829E-05
    0.16194416E+02    0.18577561E-04   -0.27205671E-05
    0.17144500E+02    0.20657495E-04   -0.30260479E-05
    0.18160920E+02    0.22994462E-04   -0.33691123E-05
    0.19267972E+02    0.25669548E-04   -0.37616543E-05
    0.20513440E+02    0.28839584E-04   -0.42266979E-05
    0.22023353E+02    0.32907730E-04   -0.48233614E-05
    0.67752931E+01    0.36416137E-05   -0.46286510E-06
    0.67857806E+01    0.36522788E-05   -0.46464284E-06
    0.68691697E+01    0.37375690E-05   -0.47887614E-06
    0.70333238E+01    0.39079953E-05   -0.50738654E-06
    0.72734445E+01    0.41632977E-05   -0.55018221E-06
    0.75832983E+01    0.45032577E-05   -0.60709192E-06
    0.79560218E+01    0.49278471E-05   -0.67756685E-06
    0.83848083E+01    0.54374778E-05   -0.76046879E-06
    0.88633935E+01    0.60330998E-05   -0.85486841E-06
    0.93863362E+01    0.67160737E-05   -0.96086958E-06
    0.99491431E+01    0.74884133E-05   -0.10788757E-05
    0.10548293E+02    0.83528111E-05   -0.12094286E-05
    0.11181215E+02    0.93128716E-05   -0.13532106E-05
    0.11846249E+02    0.10373127E-04   -0.15110554E-05
    0.12542627E+02    0.11539525E-04   -0.16839493E-05
    0.13270489E+02    0.12819425E-04   -0.18731047E-05
    0.14030953E+02    0.14222514E-04   -0.20799962E-05
    0.14826286E+02    0.15761541E-04   -0.23065701E-05
    0.15660206E+02    0.17452666E-04   -0.25552668E-05
    0.16538453E+02    0.19319053E-04   -0.28295039E-05
    0.17469836E+02    0.21393143E-04   -0.31340536E-05
    0.18468360E+02    0.23723854E-04   -0.34761533E-05
    0.19558017E+02    0.26392710E-04   -0.38677574E-05
    0.20786114E+02    0.29555955E-04   -0.43317731E-05
    0.22277553E+02    0.33616793E-04   -0.49273385E-05
    0.76727159E+01    0.46035581E-05   -0.62382072E-06
    0.76819783E+01    0.46140042E-05   -0.62556059E-06
    0.77557375E+01    0.46975662E-05   -0.63946009E-06
    0.79014945E+01    0.48646642E-05   -0.66714391E-06
    0.81159699E+01    0.51152999E-05   -0.70831304E-06
    0.83947833E+01    0.54496037E-05   -0.76241482E-06
    0.87329408E+01    0.58679574E-05   -0.82891009E-06
    0.91252936E+01    0.63709620E-05   -0.90754632E-06
    0.95669074E+01    0.69596635E-05   -0.99826481E-06
    0.10053322E+02    0.76356048E-05   -0.11012055E-05
    0.10580710E+02    0.84008263E-05   -0.12166451E-05
    0.11145962E+02    0.92581512E-05   -0.13450417E-05
    0.11746725E+02    0.10211153E-04   -0.14869932E-05
    0.12381421E+02    0.11264361E-04   -0.16432160E-05
    0.13049271E+02    0.12423876E-04   -0.18146926E-05
    0.13750340E+02    0.13697112E-04   -0.20025586E-05
    0.14485635E+02    0.15093477E-04   -0.22082596E-05
    0.15257284E+02    0.16625730E-04   -0.24336826E-05
    0.16068853E+02    0.18310225E-04   -0.26812891E-05
    0.16925909E+02    0.20170033E-04   -0.29544790E-05
    0.17837073E+02    0.22237340E-04   -0.32579867E-05
    0.18816118E+02    0.24561334E-04   -0.35990462E-05
    0.19886730E+02    0.27223254E-04   -0.39895971E-05
    0.21095699E+02    0.30379382E-04   -0.44525447E-05
    0.22566687E+02    0.34431467E-04   -0.50468174E-05
    0.85795144E+01    0.56764000E-05   -0.79860676E-06
    0.85877989E+01    0.56866698E-05   -0.80023703E-06
    0.86538410E+01    0.57688393E-05   -0.81325719E-06
    0.87847092E+01    0.59332418E-05   -0.83918975E-06
    0.89781104E+01    0.61800522E-05   -0.87784679E-06
    0.92309201E+01    0.65096040E-05   -0.92901936E-06
    0.95394839E+01    0.69224129E-05   -0.99255834E-06
    0.98999234E+01    0.74193276E-05   -0.10683790E-05
    0.10308405E+02    0.80014747E-05   -0.11565096E-05
    0.10761356E+02    0.86706536E-05   -0.12571416E-05
    0.11255617E+02    0.94288287E-05   -0.13705127E-05
    0.11788552E+02    0.10279087E-04   -0.14970870E-05
    0.12358117E+02    0.11224844E-04   -0.16373641E-05
    0.12962912E+02    0.12270989E-04   -0.17921049E-05
    0.13602241E+02    0.13423311E-04   -0.19621923E-05
    0.14276181E+02    0.14689405E-04   -0.21487622E-05
    0.14985697E+02    0.16078544E-04   -0.23532148E-05
    0.15732839E+02    0.17603746E-04   -0.25774724E-05
    0.16521063E+02    0.19281269E-04   -0.28239542E-05
    0.17355803E+02    0.21133972E-04   -0.30960051E-05
    0.18245511E+02    0.23193998E-04   -0.33984020E-05
    0.19203744E+02    0.25510740E-04   -0.37383526E-05
    0.20253876E+02    0.28165003E-04   -0.41277468E-05
    0.21442155E+02    0.31312754E-04   -0.45894393E-05
    0.22890890E+02    0.35355730E-04   -0.51823539E-05
    0.94972614E+01    0.68652396E-05   -0.98379159E-06
    0.95047460E+01    0.68753585E-05   -0.98534394E-06
    0.95644586E+01    0.69563335E-05   -0.99775485E-06
    0.96830275E+01    0.71184104E-05   -0.10225389E-05
    0.98588220E+01    0.73618635E-05   -0.10596407E-05
    0.10089588E+02    0.76871483E-05   -0.11090133E-05
    0.10372640E+02    0.80948580E-05   -0.11705927E-05
    0.10705064E+02    0.85861680E-05   -0.12444708E-05
    0.11083913E+02    0.91621736E-05   -0.13307066E-05
    0.11506376E+02    0.98246564E-05   -0.14295065E-05
    0.11969913E+02    0.10576043E-04   -0.15411804E-05
    0.12472364E+02    0.11419211E-04   -0.16661415E-05
    0.13012031E+02    0.12357837E-04   -0.18049360E-05
    0.13587752E+02    0.13396657E-04   -0.19582621E-05
    0.14198975E+02    0.14541665E-04   -0.21270041E-05
    0.14845849E+02    0.15800297E-04   -0.23122730E-05
    0.15529360E+02    0.17182130E-04   -0.25154969E-05
    0.16251527E+02    0.18699758E-04   -0.27385210E-05
    0.17015741E+02    0.20369694E-04   -0.29837924E-05
    0.17827333E+02    0.22214745E-04   -0.32546703E-05
    0.18694613E+02    0.24267168E-04   -0.35558799E-05
    0.19630937E+02    0.26575908E-04   -0.38946327E-05
    0.20659366E+02    0.29222000E-04   -0.42827880E-05
    0.21825579E+02    0.32361076E-04   -0.47431851E-05
    0.23250435E+02    0.36393736E-04   -0.53345625E-05
    0.10427759E+02    0.81753944E-05   -0.11827292E-05
    0.10434576E+02    0.81853813E-05   -0.11842335E-05
    0.10488997E+02    0.82653092E-05   -0.11962672E-05
    0.10597226E+02    0.84253384E-05   -0.12203278E-05
    0.10758092E+02    0.86657456E-05   -0.12564057E-05
    0.10969958E+02    0.89870588E-05   -0.13045273E-05
    0.11230843E+02    0.93901454E-05   -0.13647419E-05
    0.11538569E+02    0.98760332E-05   -0.14371551E-05
    0.11890892E+02    0.10446162E-04   -0.15219004E-05
    0.12285637E+02    0.11102375E-04   -0.16192241E-05
    0.12720810E+02    0.11847164E-04   -0.17294666E-05
    0.13194698E+02    0.12683297E-04   -0.18530091E-05
    0.13705952E+02    0.13614794E-04   -0.19904236E-05
    0.14253672E+02    0.14646266E-04   -0.21424090E-05
    0.14837488E+02    0.15783728E-04   -0.23098350E-05
    0.15457666E+02    0.17034746E-04   -0.24938273E-05
    0.16115248E+02    0.18408787E-04   -0.26957703E-05
    0.16812267E+02    0.19918686E-04   -0.29175717E-05
    0.17552083E+02    0.21580885E-04   -0.31616176E-05
    0.18339956E+02    0.23417816E-04   -0.34312497E-05
    0.19184075E+02    0.25462197E-04   -0.37312299E-05
    0.20097609E+02    0.27762527E-04   -0.40687044E-05
    0.21103308E+02    0.30399752E-04   -0.44555318E-05
    0.22246260E+02    0.33529167E-04   -0.49144887E-05
    0.23645780E+02    0.37550773E-04   -0.55042385E-05
    0.11373103E+02    0.96133058E-05   -0.13980197E-05
    0.11379354E+02    0.96231696E-05   -0.13994899E-05
    0.11429277E+02    0.97021224E-05   -0.14112555E-05
    0.11528682E+02    0.98602422E-05   -0.14348045E-05
    0.11676723E+02    0.10097900E-04   -0.14701596E-05
    0.11872206E+02    0.10415564E-04   -0.15173572E-05
    0.12113676E+02    0.10814293E-04   -0.15765254E-05
    0.12399511E+02    0.11295083E-04   -0.16477649E-05
    0.12728025E+02    0.11859697E-04   -0.17313201E-05
    0.13097564E+02    0.12509759E-04   -0.18273799E-05
    0.13506603E+02    0.13247852E-04   -0.19363165E-05
    0.13953830E+02    0.14077188E-04   -0.20585829E-05
    0.14438229E+02    0.15001606E-04   -0.21947344E-05
    0.14959161E+02    0.16025572E-04   -0.23454213E-05
    0.15516455E+02    0.17155558E-04   -0.25115902E-05
    0.16110516E+02    0.18398724E-04   -0.26942918E-05
    0.16742477E+02    0.19765010E-04   -0.28950026E-05
    0.17414409E+02    0.21267001E-04   -0.31155348E-05
    0.18129670E+02    0.22920944E-04   -0.33583205E-05
    0.18893472E+02    0.24749517E-04   -0.36266590E-05
    0.19713905E+02    0.26785043E-04   -0.39253120E-05
    0.20603961E+02    0.29076561E-04   -0.42614558E-05
    0.21586081E+02    0.31704439E-04   -0.46468887E-05
    0.22704744E+02    0.34823785E-04   -0.51043462E-05
    0.24077629E+02    0.38833562E-04   -0.56923329E-05
    0.12335773E+02    0.11187021E-04   -0.16317624E-05
    0.12341536E+02    0.11196771E-04   -0.16332065E-05
    0.12387582E+02    0.11274819E-04   -0.16447645E-05
    0.12479357E+02    0.11431158E-04   -0.16679099E-05
    0.12616247E+02    0.11666196E-04   -0.17026949E-05
    0.12797387E+02    0.11980481E-04   -0.17491782E-05
    0.13021712E+02    0.12374988E-04   -0.18074700E-05
    0.13288029E+02    0.12851022E-04   -0.18777681E-05
    0.13595089E+02    0.13410151E-04   -0.19602518E-05
    0.13941664E+02    0.14054333E-04   -0.20552146E-05
    0.14326624E+02    0.14786285E-04   -0.21630293E-05
    0.14749006E+02    0.15608815E-04   -0.22840981E-05
    0.15208099E+02    0.16525991E-04   -0.24190167E-05
    0.15703513E+02    0.17542670E-04   -0.25684959E-05
    0.16235276E+02    0.18664950E-04   -0.27334067E-05
    0.16803945E+02    0.19900333E-04   -0.29148765E-05
    0.17410754E+02    0.21258695E-04   -0.31143154E-05
    0.18057836E+02    0.22752310E-04   -0.33335679E-05
    0.18748567E+02    0.24397571E-04   -0.35750158E-05
    0.19488128E+02    0.26217616E-04   -0.38420695E-05
    0.20284523E+02    0.28244230E-04   -0.41393694E-05
    0.21150580E+02    0.30526425E-04   -0.44741078E-05
    0.22108431E+02    0.33144317E-04   -0.48580552E-05
    0.23201923E+02    0.36252882E-04   -0.53139092E-05
    0.24547017E+02    0.40250041E-04   -0.59000379E-05
    0.13318758E+02    0.12906463E-04   -0.18859500E-05
    0.13324096E+02    0.12916106E-04   -0.18873729E-05
    0.13366757E+02    0.12993289E-04   -0.18987620E-05
    0.13451853E+02    0.13147906E-04   -0.19215735E-05
    0.13578943E+02    0.13380467E-04   -0.19558746E-05
    0.13747404E+02    0.13691661E-04   -0.20017552E-05
    0.13956468E+02    0.14082146E-04   -0.20593136E-05
    0.14205271E+02    0.14553689E-04   -0.21287749E-05
    0.14492911E+02    0.15107599E-04   -0.22103385E-05
    0.14818503E+02    0.15746132E-04   -0.23043028E-05
    0.15181244E+02    0.16471645E-04   -0.24110259E-05
    0.15580475E+02    0.17287567E-04   -0.25309976E-05
    0.16015751E+02    0.18197735E-04   -0.26647607E-05
    0.16486914E+02    0.19207166E-04   -0.28130693E-05
    0.16994182E+02    0.20321695E-04   -0.29767454E-05
    0.17538260E+02    0.21549284E-04   -0.31569778E-05
    0.18120496E+02    0.22899379E-04   -0.33551550E-05
    0.18743091E+02    0.24384320E-04   -0.35730713E-05
    0.19409451E+02    0.26021106E-04   -0.38132374E-05
    0.20124739E+02    0.27832236E-04   -0.40789303E-05
    0.20896887E+02    0.29849345E-04   -0.43748099E-05
    0.21738561E+02    0.32121849E-04   -0.47081007E-05
    0.22671585E+02    0.34729371E-04   -0.50905024E-05
    0.23739150E+02    0.37826543E-04   -0.55446782E-05
    0.25055420E+02    0.41810458E-04   -0.61288344E-05
    0.14325738E+02    0.14784582E-04   -0.21627785E-05
    0.14330701E+02    0.14794128E-04   -0.21641843E-05
    0.14370375E+02    0.14870536E-04   -0.21754357E-05
    0.14449561E+02    0.15023545E-04   -0.21979645E-05
    0.14567950E+02    0.15253622E-04   -0.22318321E-05
    0.14725101E+02    0.15561696E-04   -0.22771653E-05
    0.14920471E+02    0.15948492E-04   -0.23340798E-05
    0.15153455E+02    0.16415497E-04   -0.24027701E-05
    0.15423421E+02    0.16964546E-04   -0.24835052E-05
    0.15729764E+02    0.17597337E-04   -0.25765306E-05
    0.16071952E+02    0.18316800E-04   -0.26822551E-05
    0.16449580E+02    0.19126294E-04   -0.28011893E-05
    0.16862436E+02    0.20029483E-04   -0.29338421E-05
    0.17310569E+02    0.21031547E-04   -0.30809682E-05
    0.17794372E+02    0.22138365E-04   -0.32434592E-05
    0.18314695E+02    0.23357839E-04   -0.34224484E-05
    0.18872992E+02    0.24699628E-04   -0.36193386E-05
    0.19471542E+02    0.26176136E-04   -0.38359835E-05
    0.20113783E+02    0.27804076E-04   -0.40747993E-05
    0.20804870E+02    0.29605531E-04   -0.43390453E-05
    0.21552665E+02    0.31613291E-04   -0.46335208E-05
    0.22369678E+02    0.33875343E-04   -0.49652549E-05
    0.23277419E+02    0.36472171E-04   -0.53460642E-05
    0.24318403E+02    0.39557318E-04   -0.57984629E-05
    0.25604913E+02    0.43527413E-04   -0.63805754E-05
    0.15361365E+02    0.16837647E-04   -0.24648450E-05
    0.15365994E+02    0.16847098E-04   -0.24662348E-05
    0.15403001E+02    0.16922744E-04   -0.24773583E-05
    0.15476905E+02    0.17074241E-04   -0.24996344E-05
    0.15587493E+02    0.17302067E-04   -0.25331293E-05
    0.15734464E+02    0.17607132E-04   -0.25779702E-05
    0.15917450E+02    0.17990369E-04   -0.26342901E-05
    0.16136045E+02    0.18453053E-04   -0.27022740E-05
    0.16389835E+02    0.18997181E-04   -0.27822209E-05
    0.16678437E+02    0.19624491E-04   -0.28743644E-05
    0.17001541E+02    0.20338073E-04   -0.29791499E-05
    0.17358958E+02    0.21141125E-04   -0.30970553E-05
    0.17750677E+02    0.22037307E-04   -0.32286252E-05
    0.18176924E+02    0.23032151E-04   -0.33746447E-05
    0.18638252E+02    0.24131320E-04   -0.35359444E-05
    0.19135642E+02    0.25342835E-04   -0.37137160E-05
    0.19670653E+02    0.26675923E-04   -0.39093045E-05
    0.20245634E+02    0.28143713E-04   -0.41246236E-05
    0.20864060E+02    0.29762252E-04   -0.43620347E-05
    0.21531079E+02    0.31554478E-04   -0.46248948E-05
    0.22254486E+02    0.33552191E-04   -0.49178649E-05
    0.23046632E+02    0.35803537E-04   -0.52480270E-05
    0.23928706E+02    0.38389033E-04   -0.56271548E-05
    0.24942523E+02    0.41461733E-04   -0.60777007E-05
    0.26198403E+02    0.45416834E-04   -0.66576146E-05
    0.16431694E+02    0.19087602E-04   -0.27955051E-05
    0.16436021E+02    0.19096959E-04   -0.27968798E-05
    0.16470624E+02    0.19171861E-04   -0.28078832E-05
    0.16539758E+02    0.19321891E-04   -0.28299208E-05
    0.16643286E+02    0.19547572E-04   -0.28630672E-05
    0.16781012E+02    0.19849798E-04   -0.29074549E-05
    0.16952706E+02    0.20229500E-04   -0.29632098E-05
    0.17158117E+02    0.20688045E-04   -0.30305336E-05
    0.17397003E+02    0.21227454E-04   -0.31097290E-05
    0.17669162E+02    0.21849397E-04   -0.32010400E-05
    0.17974466E+02    0.22557220E-04   -0.33049348E-05
    0.18312904E+02    0.23353590E-04   -0.34218248E-05
    0.18684634E+02    0.24243087E-04   -0.35523461E-05
    0.19090039E+02    0.25230654E-04   -0.36972559E-05
    0.19529810E+02    0.26321985E-04   -0.38573816E-05
    0.20005045E+02    0.27525234E-04   -0.40338958E-05
    0.20517398E+02    0.28849929E-04   -0.42282152E-05
    0.21069284E+02    0.30308716E-04   -0.44421819E-05
    0.21664211E+02    0.31918019E-04   -0.46782101E-05
    0.22307317E+02    0.33700227E-04   -0.49395738E-05
    0.23006328E+02    0.35687367E-04   -0.52309922E-05
    0.23773437E+02    0.37928030E-04   -0.55595602E-05
    0.24629495E+02    0.40501412E-04   -0.59368965E-05
    0.25615591E+02    0.43561079E-04   -0.63855108E-05
    0.26839995E+02    0.47500676E-04   -0.69631398E-05
    0.17544912E+02    0.21564488E-04   -0.31592101E-05
    0.17548965E+02    0.21573754E-04   -0.31605706E-05
    0.17581378E+02    0.21647925E-04   -0.31714605E-05
    0.17646161E+02    0.21796521E-04   -0.31932771E-05
    0.17743234E+02    0.22020115E-04   -0.32261017E-05
    0.17872486E+02    0.22319585E-04   -0.32700582E-05
    0.18033791E+02    0.22695972E-04   -0.33252991E-05
    0.18227023E+02    0.23150317E-04   -0.33919904E-05
    0.18452075E+02    0.23684943E-04   -0.34704441E-05
    0.18708892E+02    0.24301645E-04   -0.35609393E-05
    0.18997494E+02    0.25003629E-04   -0.36639449E-05
    0.19318018E+02    0.25793626E-04   -0.37798601E-05
    0.19670763E+02    0.26676200E-04   -0.39093451E-05
    0.20056245E+02    0.27656382E-04   -0.40531339E-05
    0.20475274E+02    0.28739905E-04   -0.42120778E-05
    0.20929052E+02    0.29934800E-04   -0.43873444E-05
    0.21419314E+02    0.31250811E-04   -0.45803535E-05
    0.21948533E+02    0.32700389E-04   -0.47929527E-05
    0.22520244E+02    0.34299966E-04   -0.50275317E-05
    0.23139571E+02    0.36072158E-04   -0.52874121E-05
    0.23814167E+02    0.38048736E-04   -0.55772599E-05
    0.24556052E+02    0.40277538E-04   -0.59040699E-05
    0.25385732E+02    0.42838927E-04   -0.62796332E-05
    0.26343536E+02    0.45884641E-04   -0.67261998E-05
    0.27535590E+02    0.49807813E-04   -0.73013989E-05
    0.18712640E+02    0.24310699E-04   -0.35622679E-05
    0.18716440E+02    0.24319879E-04   -0.35636151E-05
    0.18746834E+02    0.24393378E-04   -0.35744005E-05
    0.18807604E+02    0.24540663E-04   -0.35960130E-05
    0.18898712E+02    0.24762288E-04   -0.36285329E-05
    0.19020114E+02    0.25059038E-04   -0.36720749E-05
    0.19171766E+02    0.25431837E-04   -0.37267753E-05
    0.19353638E+02    0.25882127E-04   -0.37928455E-05
    0.19565737E+02    0.26412078E-04   -0.38705988E-05
    0.19808120E+02    0.27023498E-04   -0.39602930E-05
    0.20080930E+02    0.27719707E-04   -0.40624231E-05
    0.20384426E+02    0.28503279E-04   -0.41773699E-05
    0.20719022E+02    0.29378956E-04   -0.43058101E-05
    0.21085349E+02    0.30351686E-04   -0.44484831E-05
    0.21484315E+02    0.31427247E-04   -0.46062333E-05
    0.21917212E+02    0.32613795E-04   -0.47802519E-05
    0.22385843E+02    0.33920804E-04   -0.49719221E-05
    0.22892730E+02    0.35361004E-04   -0.51831274E-05
    0.23441424E+02    0.36950494E-04   -0.54162104E-05
    0.24037028E+02    0.38712116E-04   -0.56745252E-05
    0.24687112E+02    0.40677449E-04   -0.59627076E-05
    0.25403516E+02    0.42894618E-04   -0.62877996E-05
    0.26206380E+02    0.45442489E-04   -0.66613758E-05
    0.27135232E+02    0.48473673E-04   -0.71057889E-05
    0.28293951E+02    0.52379338E-04   -0.76784167E-05
    0.19952487E+02    0.27390897E-04   -0.40141896E-05
    0.19956051E+02    0.27399996E-04   -0.40155244E-05
    0.19984560E+02    0.27472839E-04   -0.40262100E-05
    0.20041577E+02    0.27618782E-04   -0.40476183E-05
    0.20127100E+02    0.27838305E-04   -0.40798206E-05
    0.20241136E+02    0.28132096E-04   -0.41229194E-05
    0.20383705E+02    0.28501407E-04   -0.41770953E-05
    0.20554858E+02    0.28947917E-04   -0.42425873E-05
    0.20754684E+02    0.29472972E-04   -0.43196006E-05
    0.20983338E+02    0.30079292E-04   -0.44085368E-05
    0.21241059E+02    0.30769471E-04   -0.45097523E-05
    0.21528206E+02    0.31546654E-04   -0.46237473E-05
    0.21845291E+02    0.32415366E-04   -0.47511478E-05
    0.22193034E+02    0.33380339E-04   -0.48926646E-05
    0.22572431E+02    0.34447750E-04   -0.50492055E-05
    0.22984843E+02    0.35625525E-04   -0.52219230E-05
    0.23432132E+02    0.36923312E-04   -0.54122241E-05
    0.23916854E+02    0.38353760E-04   -0.56219833E-05
    0.24442570E+02    0.39932814E-04   -0.58535220E-05
    0.25014347E+02    0.41683426E-04   -0.61102080E-05
    0.25639663E+02    0.43637023E-04   -0.63966444E-05
    0.26330163E+02    0.45841446E-04   -0.67198671E-05
    0.27105593E+02    0.48375589E-04   -0.70914088E-05
    0.28004637E+02    0.51391394E-04   -0.75335624E-05
    0.29128792E+02    0.55278143E-04   -0.81034239E-05
    0.21293796E+02    0.30911509E-04   -0.45305849E-05
    0.21297135E+02    0.30920513E-04   -0.45319055E-05
    0.21323852E+02    0.30992592E-04   -0.45424778E-05
    0.21377296E+02    0.31137025E-04   -0.45636631E-05
    0.21457496E+02    0.31354393E-04   -0.45955470E-05
    0.21564498E+02    0.31645553E-04   -0.46382525E-05
    0.21698374E+02    0.32011610E-04   -0.46919346E-05
    0.21859235E+02    0.32453796E-04   -0.47567843E-05
    0.22047243E+02    0.32974079E-04   -0.48330913E-05
    0.22262625E+02    0.33574980E-04   -0.49212068E-05
    0.22505702E+02    0.34258839E-04   -0.50214998E-05
    0.22776911E+02    0.35029637E-04   -0.51345307E-05
    0.23076844E+02    0.35890750E-04   -0.52608146E-05
    0.23406298E+02    0.36847797E-04   -0.54011497E-05
    0.23766335E+02    0.37906999E-04   -0.55564762E-05
    0.24158374E+02    0.39075634E-04   -0.57278300E-05
    0.24584320E+02    0.40363639E-04   -0.59166950E-05
    0.25046755E+02    0.41783641E-04   -0.61249023E-05
    0.25549231E+02    0.43352057E-04   -0.63548684E-05
    0.26096773E+02    0.45090635E-04   -0.66097882E-05
    0.26696748E+02    0.47031693E-04   -0.68943770E-05
    0.27360583E+02    0.49222625E-04   -0.72155984E-05
    0.28107600E+02    0.51741902E-04   -0.75849406E-05
    0.28975570E+02    0.54740989E-04   -0.80246459E-05
    0.30063442E+02    0.58607724E-04   -0.85915894E-05
    0.22793539E+02    0.35077139E-04   -0.51414964E-05
    0.22796659E+02    0.35086053E-04   -0.51428036E-05
    0.22821620E+02    0.35157409E-04   -0.51532678E-05
    0.22871565E+02    0.35300356E-04   -0.51742324E-05
    0.22946543E+02    0.35515421E-04   -0.52057752E-05
    0.23046632E+02    0.35803537E-04   -0.52480270E-05
    0.23171947E+02    0.36165951E-04   -0.53011636E-05
    0.23322647E+02    0.36603794E-04   -0.53653663E-05
    0.23498949E+02    0.37118988E-04   -0.54409197E-05
    0.23701142E+02    0.37714179E-04   -0.55282010E-05
    0.23929611E+02    0.38391726E-04   -0.56275498E-05
    0.24184858E+02    0.39155182E-04   -0.57394950E-05
    0.24467538E+02    0.40008531E-04   -0.58646245E-05
    0.24778508E+02    0.40957384E-04   -0.60037507E-05
    0.25118884E+02    0.42007136E-04   -0.61576710E-05
    0.25490130E+02    0.43166275E-04   -0.63276319E-05
    0.25894179E+02    0.44443848E-04   -0.65149524E-05
    0.26333621E+02    0.45852615E-04   -0.67215045E-05
    0.26811992E+02    0.47408819E-04   -0.69496720E-05
    0.27334251E+02    0.49134831E-04   -0.72027259E-05
    0.27907634E+02    0.51062076E-04   -0.74852901E-05
    0.28543321E+02    0.53238001E-04   -0.78043308E-05
    0.29260159E+02    0.55740746E-04   -0.81712579E-05
    0.30094906E+02    0.58721377E-04   -0.86082409E-05
    0.31143703E+02    0.62565386E-04   -0.91717920E-05
    0.24601078E+02    0.40414720E-04   -0.59241851E-05
    0.24603968E+02    0.40423534E-04   -0.59254774E-05
    0.24627097E+02    0.40494095E-04   -0.59358237E-05
    0.24673388E+02    0.40635487E-04   -0.59565552E-05
    0.24742907E+02    0.40848243E-04   -0.59877489E-05
    0.24835757E+02    0.41133144E-04   -0.60295202E-05
    0.24952088E+02    0.41491226E-04   -0.60820253E-05
    0.25092099E+02    0.41924070E-04   -0.61454923E-05
    0.25256052E+02    0.42433782E-04   -0.62202243E-05
    0.25444287E+02    0.43022404E-04   -0.63065373E-05
    0.25657238E+02    0.43692509E-04   -0.64047790E-05
    0.25895462E+02    0.44447930E-04   -0.65155511E-05
    0.26159664E+02    0.45292353E-04   -0.66393636E-05
    0.26450748E+02    0.46231571E-04   -0.67770619E-05
    0.26769870E+02    0.47270803E-04   -0.69294363E-05
    0.27118523E+02    0.48418365E-04   -0.70976802E-05
    0.27498656E+02    0.49684082E-04   -0.72832577E-05
    0.27912850E+02    0.51079764E-04   -0.74878832E-05
    0.28364599E+02    0.52621995E-04   -0.77140051E-05
    0.28858774E+02    0.54332926E-04   -0.79648287E-05
    0.29402442E+02    0.56243944E-04   -0.82450328E-05
    0.30006479E+02    0.58402210E-04   -0.85614730E-05
    0.30689159E+02    0.60885749E-04   -0.89255367E-05
    0.31486044E+02    0.63843791E-04   -0.93591864E-05
    0.32489965E+02    0.67660606E-04   -0.99187546E-05
