    0.19036667E-04    0.36530222E-01   -0.18819815E-07
    0.30362140E+00    0.36530222E-01   -0.29971256E-03
    0.91118311E+00    0.36530222E-01   -0.88863562E-03
    0.15197060E+01    0.36530222E-01   -0.14459426E-02
    0.21298455E+01    0.36530222E-01   -0.19501862E-02
    0.27422799E+01    0.36530222E-01   -0.23793497E-02
    0.33577208E+01    0.36530222E-01   -0.27105894E-02
    0.39769248E+01    0.36530222E-01   -0.29273647E-02
    0.46007073E+01    0.36530222E-01   -0.30635598E-02
    0.52299600E+01    0.36530222E-01   -0.31545995E-02
    0.58656712E+01    0.36530222E-01   -0.32184555E-02
    0.65089525E+01    0.36530222E-01   -0.32649752E-02
    0.71610736E+01    0.36530222E-01   -0.32999220E-02
    0.78235079E+01    0.36530222E-01   -0.33268513E-02
    0.84979960E+01    0.36530222E-01   -0.33480536E-02
    0.91866335E+01    0.36530222E-01   -0.33650592E-02
    0.98920001E+01    0.36530222E-01   -0.33789228E-02
    0.10617353E+02    0.36530222E-01   -0.33903911E-02
    0.11366932E+02    0.36530222E-01   -0.34000070E-02
    0.12146468E+02    0.36530222E-01   -0.34081742E-02
    0.12964093E+02    0.36530222E-01   -0.34152019E-02
    0.13832131E+02    0.36530222E-01   -0.34213360E-02
    0.14771113E+02    0.36530222E-01   -0.34267860E-02
    0.15820902E+02    0.36530222E-01   -0.34317606E-02
    0.17086009E+02    0.36530222E-01   -0.34365713E-02
    0.46247683E+00    0.36530222E-01   -0.45561762E-03
    0.55323663E+00    0.36530222E-01   -0.54421102E-03
    0.10218314E+01    0.36530222E-01   -0.99303065E-03
    0.15885185E+01    0.36530222E-01   -0.15059504E-02
    0.21794785E+01    0.36530222E-01   -0.19881348E-02
    0.27810041E+01    0.36530222E-01   -0.24033817E-02
    0.33894209E+01    0.36530222E-01   -0.27245197E-02
    0.40037252E+01    0.36530222E-01   -0.29345538E-02
    0.46238937E+01    0.36530222E-01   -0.30675869E-02
    0.52503682E+01    0.36530222E-01   -0.31570163E-02
    0.58838749E+01    0.36530222E-01   -0.32199852E-02
    0.65253619E+01    0.36530222E-01   -0.32659851E-02
    0.71759919E+01    0.36530222E-01   -0.33006118E-02
    0.78371654E+01    0.36530222E-01   -0.33273357E-02
    0.85105711E+01    0.36530222E-01   -0.33484017E-02
    0.91982672E+01    0.36530222E-01   -0.33653141E-02
    0.99028052E+01    0.36530222E-01   -0.33791123E-02
    0.10627420E+02    0.36530222E-01   -0.33905340E-02
    0.11376336E+02    0.36530222E-01   -0.34001156E-02
    0.12155269E+02    0.36530222E-01   -0.34082575E-02
    0.12972340E+02    0.36530222E-01   -0.34152660E-02
    0.13839860E+02    0.36530222E-01   -0.34213854E-02
    0.14778351E+02    0.36530222E-01   -0.34268240E-02
    0.15827661E+02    0.36530222E-01   -0.34317894E-02
    0.17092267E+02    0.36530222E-01   -0.34365925E-02
    0.10620330E+01    0.36530222E-01   -0.10306681E-02
    0.11045814E+01    0.36530222E-01   -0.10703221E-02
    0.13993459E+01    0.36530222E-01   -0.13393323E-02
    0.18540282E+01    0.36530222E-01   -0.17304025E-02
    0.23799487E+01    0.36530222E-01   -0.21360164E-02
    0.29407505E+01    0.36530222E-01   -0.24982034E-02
    0.35216762E+01    0.36530222E-01   -0.27790572E-02
    0.41162902E+01    0.36530222E-01   -0.29632308E-02
    0.47216970E+01    0.36530222E-01   -0.30839262E-02
    0.53367027E+01    0.36530222E-01   -0.31669355E-02
    0.59610412E+01    0.36530222E-01   -0.32263148E-02
    0.65950267E+01    0.36530222E-01   -0.32701889E-02
    0.72393984E+01    0.36530222E-01   -0.33034960E-02
    0.78952638E+01    0.36530222E-01   -0.33293682E-02
    0.85641024E+01    0.36530222E-01   -0.33498662E-02
    0.92478186E+01    0.36530222E-01   -0.33663889E-02
    0.99488481E+01    0.36530222E-01   -0.33799133E-02
    0.10670337E+02    0.36530222E-01   -0.33911382E-02
    0.11416438E+02    0.36530222E-01   -0.34005760E-02
    0.12192809E+02    0.36530222E-01   -0.34086108E-02
    0.13007522E+02    0.36530222E-01   -0.34155384E-02
    0.13872843E+02    0.36530222E-01   -0.34215956E-02
    0.14809243E+02    0.36530222E-01   -0.34269855E-02
    0.15856509E+02    0.36530222E-01   -0.34319120E-02
    0.17118984E+02    0.36530222E-01   -0.34366825E-02
    0.16662217E+01    0.36530222E-01   -0.15728369E-02
    0.16936589E+01    0.36530222E-01   -0.15962252E-02
    0.18990917E+01    0.36530222E-01   -0.17672951E-02
    0.22551720E+01    0.36530222E-01   -0.20450071E-02
    0.27041702E+01    0.36530222E-01   -0.23553114E-02
    0.32087994E+01    0.36530222E-01   -0.26408397E-02
    0.37484108E+01    0.36530222E-01   -0.28596685E-02
    0.43118703E+01    0.36530222E-01   -0.30078192E-02
    0.48931383E+01    0.36530222E-01   -0.31102386E-02
    0.54889686E+01    0.36530222E-01   -0.31833022E-02
    0.60977367E+01    0.36530222E-01   -0.32369428E-02
    0.67188360E+01    0.36530222E-01   -0.32773395E-02
    0.73523649E+01    0.36530222E-01   -0.33084507E-02
    0.79989731E+01    0.36530222E-01   -0.33328869E-02
    0.86598054E+01    0.36530222E-01   -0.33524170E-02
    0.93365159E+01    0.36530222E-01   -0.33682702E-02
    0.10031349E+02    0.36530222E-01   -0.33813208E-02
    0.10747301E+02    0.36530222E-01   -0.33922038E-02
    0.11488404E+02    0.36530222E-01   -0.34013902E-02
    0.12260219E+02    0.36530222E-01   -0.34092371E-02
    0.13070731E+02    0.36530222E-01   -0.34160221E-02
    0.13932126E+02    0.36530222E-01   -0.34219695E-02
    0.14864793E+02    0.36530222E-01   -0.34272734E-02
    0.15908402E+02    0.36530222E-01   -0.34321310E-02
    0.17167061E+02    0.36530222E-01   -0.34368435E-02
    0.22729475E+01    0.36530222E-01   -0.20581834E-02
    0.22931367E+01    0.36530222E-01   -0.20730650E-02
    0.24487844E+01    0.36530222E-01   -0.21847050E-02
    0.27341903E+01    0.36530222E-01   -0.23742789E-02
    0.31148887E+01    0.36530222E-01   -0.25933041E-02
    0.35617958E+01    0.36530222E-01   -0.27944494E-02
    0.40546984E+01    0.36530222E-01   -0.29478358E-02
    0.45806354E+01    0.36530222E-01   -0.30600240E-02
    0.51315493E+01    0.36530222E-01   -0.31425374E-02
    0.57025233E+01    0.36530222E-01   -0.32040848E-02
    0.62906588E+01    0.36530222E-01   -0.32507794E-02
    0.68944001E+01    0.36530222E-01   -0.32868260E-02
    0.75131395E+01    0.36530222E-01   -0.33151204E-02
    0.81469974E+01    0.36530222E-01   -0.33376780E-02
    0.87967168E+01    0.36530222E-01   -0.33559222E-02
    0.94636423E+01    0.36530222E-01   -0.33708748E-02
    0.10149776E+02    0.36530222E-01   -0.33832815E-02
    0.10857922E+02    0.36530222E-01   -0.33936957E-02
    0.11591955E+02    0.36530222E-01   -0.34025350E-02
    0.12357304E+02    0.36530222E-01   -0.34101210E-02
    0.13161839E+02    0.36530222E-01   -0.34167071E-02
    0.14017637E+02    0.36530222E-01   -0.34225006E-02
    0.14944968E+02    0.36530222E-01   -0.34276833E-02
    0.15983343E+02    0.36530222E-01   -0.34324434E-02
    0.17236531E+02    0.36530222E-01   -0.34370736E-02
    0.28823816E+01    0.36530222E-01   -0.24643759E-02
    0.28983287E+01    0.36530222E-01   -0.24737129E-02
    0.30229750E+01    0.36530222E-01   -0.25442116E-02
    0.32584704E+01    0.36530222E-01   -0.26648830E-02
    0.35839036E+01    0.36530222E-01   -0.28027112E-02
    0.39784699E+01    0.36530222E-01   -0.29277831E-02
    0.44252020E+01    0.36530222E-01   -0.30309942E-02
    0.49116244E+01    0.36530222E-01   -0.31129124E-02
    0.54290544E+01    0.36530222E-01   -0.31770264E-02
    0.59716501E+01    0.36530222E-01   -0.32271658E-02
    0.65356118E+01    0.36530222E-01   -0.32666121E-02
    0.71186084E+01    0.36530222E-01   -0.32979348E-02
    0.77193975E+01    0.36530222E-01   -0.33230737E-02
    0.83375896E+01    0.36530222E-01   -0.33434746E-02
    0.89735199E+01    0.36530222E-01   -0.33602132E-02
    0.96282064E+01    0.36530222E-01   -0.33740941E-02
    0.10303387E+02    0.36530222E-01   -0.33857245E-02
    0.11001650E+02    0.36530222E-01   -0.33955671E-02
    0.11726690E+02    0.36530222E-01   -0.34039793E-02
    0.12483781E+02    0.36530222E-01   -0.34112417E-02
    0.13280657E+02    0.36530222E-01   -0.34175793E-02
    0.14129259E+02    0.36530222E-01   -0.34231792E-02
    0.15049714E+02    0.36530222E-01   -0.34282089E-02
    0.16081327E+02    0.36530222E-01   -0.34328452E-02
    0.17327430E+02    0.36530222E-01   -0.34373706E-02
    0.34950690E+01    0.36530222E-01   -0.27685555E-02
    0.35082322E+01    0.36530222E-01   -0.27737808E-02
    0.36118917E+01    0.36530222E-01   -0.28129536E-02
    0.38111696E+01    0.36530222E-01   -0.28794786E-02
    0.40928901E+01    0.36530222E-01   -0.29574637E-02
    0.44424775E+01    0.36530222E-01   -0.30343719E-02
    0.48466273E+01    0.36530222E-01   -0.31033755E-02
    0.52944724E+01    0.36530222E-01   -0.31621442E-02
    0.57777171E+01    0.36530222E-01   -0.32108595E-02
    0.62903092E+01    0.36530222E-01   -0.32507554E-02
    0.68280016E+01    0.36530222E-01   -0.32833242E-02
    0.73879612E+01    0.36530222E-01   -0.33099651E-02
    0.79684680E+01    0.36530222E-01   -0.33318662E-02
    0.85687096E+01    0.36530222E-01   -0.33499909E-02
    0.91886584E+01    0.36530222E-01   -0.33651037E-02
    0.98290255E+01    0.36530222E-01   -0.33778053E-02
    0.10491290E+02    0.36530222E-01   -0.33885678E-02
    0.11177821E+02    0.36530222E-01   -0.33977629E-02
    0.11892125E+02    0.36530222E-01   -0.34056858E-02
    0.12639311E+02    0.36530222E-01   -0.34125738E-02
    0.13426959E+02    0.36530222E-01   -0.34186214E-02
    0.14266862E+02    0.36530222E-01   -0.34239939E-02
    0.15178975E+02    0.36530222E-01   -0.34288425E-02
    0.16202360E+02    0.36530222E-01   -0.34333314E-02
    0.17439817E+02    0.36530222E-01   -0.34377313E-02
    0.41116926E+01    0.36530222E-01   -0.29621055E-02
    0.41228876E+01    0.36530222E-01   -0.29648391E-02
    0.42114452E+01    0.36530222E-01   -0.29857004E-02
    0.43835513E+01    0.36530222E-01   -0.30226859E-02
    0.46305786E+01    0.36530222E-01   -0.30687368E-02
    0.49422784E+01    0.36530222E-01   -0.31172801E-02
    0.53085125E+01    0.36530222E-01   -0.31637498E-02
    0.57203100E+01    0.36530222E-01   -0.32057115E-02
    0.61702937E+01    0.36530222E-01   -0.32422992E-02
    0.66527061E+01    0.36530222E-01   -0.32735699E-02
    0.71632475E+01    0.36530222E-01   -0.33000228E-02
    0.76988622E+01    0.36530222E-01   -0.33223105E-02
    0.82575415E+01    0.36530222E-01   -0.33410889E-02
    0.88381725E+01    0.36530222E-01   -0.33569515E-02
    0.94404424E+01    0.36530222E-01   -0.33704073E-02
    0.10064803E+02    0.36530222E-01   -0.33818817E-02
    0.10712501E+02    0.36530222E-01   -0.33917248E-02
    0.11385701E+02    0.36530222E-01   -0.34002236E-02
    0.12087727E+02    0.36530222E-01   -0.34076134E-02
    0.12823521E+02    0.36530222E-01   -0.34140890E-02
    0.13600505E+02    0.36530222E-01   -0.34198140E-02
    0.14430311E+02    0.36530222E-01   -0.34249312E-02
    0.15332703E+02    0.36530222E-01   -0.34295750E-02
    0.16346467E+02    0.36530222E-01   -0.34338962E-02
    0.17573779E+02    0.36530222E-01   -0.34381521E-02
    0.47330282E+01    0.36530222E-01   -0.30857540E-02
    0.47427568E+01    0.36530222E-01   -0.30873128E-02
    0.48199388E+01    0.36530222E-01   -0.30993473E-02
    0.49710222E+01    0.36530222E-01   -0.31213025E-02
    0.51901635E+01    0.36530222E-01   -0.31498043E-02
    0.54700690E+01    0.36530222E-01   -0.31813448E-02
    0.58030893E+01    0.36530222E-01   -0.32130862E-02
    0.61820293E+01    0.36530222E-01   -0.32431479E-02
    0.66006109E+01    0.36530222E-01   -0.32705201E-02
    0.70536542E+01    0.36530222E-01   -0.32948253E-02
    0.75370853E+01    0.36530222E-01   -0.33160774E-02
    0.80478580E+01    0.36530222E-01   -0.33344984E-02
    0.85838529E+01    0.36530222E-01   -0.33503996E-02
    0.91437865E+01    0.36530222E-01   -0.33641121E-02
    0.97271523E+01    0.36530222E-01   -0.33759515E-02
    0.10334205E+02    0.36530222E-01   -0.33862015E-02
    0.10966003E+02    0.36530222E-01   -0.33951098E-02
    0.11624532E+02    0.36530222E-01   -0.34028888E-02
    0.12312948E+02    0.36530222E-01   -0.34097198E-02
    0.13036036E+02    0.36530222E-01   -0.34157575E-02
    0.13801061E+02    0.36530222E-01   -0.34211363E-02
    0.14619487E+02    0.36530222E-01   -0.34259769E-02
    0.15510878E+02    0.36530222E-01   -0.34303968E-02
    0.16513707E+02    0.36530222E-01   -0.34345330E-02
    0.17729446E+02    0.36530222E-01   -0.34386291E-02
    0.53599424E+01    0.36530222E-01   -0.31695240E-02
    0.53685350E+01    0.36530222E-01   -0.31704726E-02
    0.54368407E+01    0.36530222E-01   -0.31778537E-02
    0.55712197E+01    0.36530222E-01   -0.31915901E-02
    0.57676012E+01    0.36530222E-01   -0.32099635E-02
    0.60207210E+01    0.36530222E-01   -0.32310440E-02
    0.63248140E+01    0.36530222E-01   -0.32530979E-02
    0.66741975E+01    0.36530222E-01   -0.32748073E-02
    0.70636740E+01    0.36530222E-01   -0.32953106E-02
    0.74887558E+01    0.36530222E-01   -0.33141365E-02
    0.79457587E+01    0.36530222E-01   -0.33310987E-02
    0.84318115E+01    0.36530222E-01   -0.33461960E-02
    0.89448285E+01    0.36530222E-01   -0.33595341E-02
    0.94834729E+01    0.36530222E-01   -0.33712717E-02
    0.10047135E+02    0.36530222E-01   -0.33815862E-02
    0.10635940E+02    0.36530222E-01   -0.33906545E-02
    0.11250807E+02    0.36530222E-01   -0.33986424E-02
    0.11893577E+02    0.36530222E-01   -0.34057005E-02
    0.12567264E+02    0.36530222E-01   -0.34119629E-02
    0.13276508E+02    0.36530222E-01   -0.34175492E-02
    0.14028425E+02    0.36530222E-01   -0.34225669E-02
    0.14834313E+02    0.36530222E-01   -0.34271158E-02
    0.15713521E+02    0.36530222E-01   -0.34312974E-02
    0.16704189E+02    0.36530222E-01   -0.34352350E-02
    0.17907001E+02    0.36530222E-01   -0.34391578E-02
    0.59934062E+01    0.36530222E-01   -0.32288970E-02
    0.60010919E+01    0.36530222E-01   -0.32295041E-02
    0.60622746E+01    0.36530222E-01   -0.32342546E-02
    0.61830756E+01    0.36530222E-01   -0.32432233E-02
    0.63605943E+01    0.36530222E-01   -0.32554869E-02
    0.65909800E+01    0.36530222E-01   -0.32699483E-02
    0.68698768E+01    0.36530222E-01   -0.32855445E-02
    0.71928331E+01    0.36530222E-01   -0.33013853E-02
    0.75556221E+01    0.36530222E-01   -0.33168120E-02
    0.79544579E+01    0.36530222E-01   -0.33313934E-02
    0.83861205E+01    0.36530222E-01   -0.33448878E-02
    0.88480156E+01    0.36530222E-01   -0.33571938E-02
    0.93381954E+01    0.36530222E-01   -0.33683053E-02
    0.98553637E+01    0.36530222E-01   -0.33782753E-02
    0.10398887E+02    0.36530222E-01   -0.33871889E-02
    0.10968826E+02    0.36530222E-01   -0.33951462E-02
    0.11566010E+02    0.36530222E-01   -0.34022511E-02
    0.12192174E+02    0.36530222E-01   -0.34086048E-02
    0.12850216E+02    0.36530222E-01   -0.34143031E-02
    0.13544652E+02    0.36530222E-01   -0.34194352E-02
    0.14282459E+02    0.36530222E-01   -0.34240847E-02
    0.15074773E+02    0.36530222E-01   -0.34283330E-02
    0.15940724E+02    0.36530222E-01   -0.34322663E-02
    0.16918093E+02    0.36530222E-01   -0.34359949E-02
    0.18106701E+02    0.36530222E-01   -0.34397337E-02
    0.66345183E+01    0.36530222E-01   -0.32725133E-02
    0.66414621E+01    0.36530222E-01   -0.32729177E-02
    0.66967968E+01    0.36530222E-01   -0.32760956E-02
    0.68063455E+01    0.36530222E-01   -0.32821599E-02
    0.69680036E+01    0.36530222E-01   -0.32905913E-02
    0.71789228E+01    0.36530222E-01   -0.33007468E-02
    0.74358000E+01    0.36530222E-01   -0.33119661E-02
    0.77351641E+01    0.36530222E-01   -0.33236556E-02
    0.80736200E+01    0.36530222E-01   -0.33353359E-02
    0.84480361E+01    0.36530222E-01   -0.33466554E-02
    0.88556723E+01    0.36530222E-01   -0.33573816E-02
    0.92942614E+01    0.36530222E-01   -0.33673807E-02
    0.97620596E+01    0.36530222E-01   -0.33765933E-02
    0.10257880E+02    0.36530222E-01   -0.33850122E-02
    0.10781130E+02    0.36530222E-01   -0.33926649E-02
    0.11331861E+02    0.36530222E-01   -0.33995993E-02
    0.11910856E+02    0.36530222E-01   -0.34058745E-02
    0.12519785E+02    0.36530222E-01   -0.34115545E-02
    0.13161458E+02    0.36530222E-01   -0.34167043E-02
    0.13840286E+02    0.36530222E-01   -0.34213881E-02
    0.14563123E+02    0.36530222E-01   -0.34256696E-02
    0.15340948E+02    0.36530222E-01   -0.34296137E-02
    0.16192671E+02    0.36530222E-01   -0.34332929E-02
    0.17155693E+02    0.36530222E-01   -0.34368055E-02
    0.18328899E+02    0.36530222E-01   -0.34403523E-02
    0.72845375E+01    0.36530222E-01   -0.33055035E-02
    0.72908622E+01    0.36530222E-01   -0.33057818E-02
    0.73413037E+01    0.36530222E-01   -0.33079757E-02
    0.74413703E+01    0.36530222E-01   -0.33121965E-02
    0.75895143E+01    0.36530222E-01   -0.33181412E-02
    0.77836100E+01    0.36530222E-01   -0.33254215E-02
    0.80211455E+01    0.36530222E-01   -0.33336215E-02
    0.82994227E+01    0.36530222E-01   -0.33423457E-02
    0.86157411E+01    0.36530222E-01   -0.33512531E-02
    0.89675508E+01    0.36530222E-01   -0.33600724E-02
    0.93525710E+01    0.36530222E-01   -0.33686051E-02
    0.97688765E+01    0.36530222E-01   -0.33767178E-02
    0.10214963E+02    0.36530222E-01   -0.33843317E-02
    0.10689797E+02    0.36530222E-01   -0.33914098E-02
    0.11192874E+02    0.36530222E-01   -0.33979457E-02
    0.11724279E+02    0.36530222E-01   -0.34039539E-02
    0.12284793E+02    0.36530222E-01   -0.34094628E-02
    0.12876050E+02    0.36530222E-01   -0.34145091E-02
    0.13500801E+02    0.36530222E-01   -0.34191345E-02
    0.14163374E+02    0.36530222E-01   -0.34233834E-02
    0.14870515E+02    0.36530222E-01   -0.34273029E-02
    0.15633053E+02    0.36530222E-01   -0.34309440E-02
    0.16469677E+02    0.36530222E-01   -0.34343673E-02
    0.17417389E+02    0.36530222E-01   -0.34376599E-02
    0.18574073E+02    0.36530222E-01   -0.34410089E-02
    0.79449281E+01    0.36530222E-01   -0.33310705E-02
    0.79507275E+01    0.36530222E-01   -0.33312672E-02
    0.79970080E+01    0.36530222E-01   -0.33328215E-02
    0.80889671E+01    0.36530222E-01   -0.33358311E-02
    0.82254559E+01    0.36530222E-01   -0.33401131E-02
    0.84048785E+01    0.36530222E-01   -0.33454274E-02
    0.86253215E+01    0.36530222E-01   -0.33515077E-02
    0.88846954E+01    0.36530222E-01   -0.33580895E-02
    0.91808709E+01    0.36530222E-01   -0.33649326E-02
    0.95118013E+01    0.36530222E-01   -0.33718343E-02
    0.98756256E+01    0.36530222E-01   -0.33786343E-02
    0.10270752E+02    0.36530222E-01   -0.33852146E-02
    0.10695927E+02    0.36530222E-01   -0.33914951E-02
    0.11150299E+02    0.36530222E-01   -0.33974267E-02
    0.11633478E+02    0.36530222E-01   -0.34029855E-02
    0.12145621E+02    0.36530222E-01   -0.34081661E-02
    0.12687535E+02    0.36530222E-01   -0.34129769E-02
    0.13260847E+02    0.36530222E-01   -0.34174355E-02
    0.13868274E+02    0.36530222E-01   -0.34215665E-02
    0.14514081E+02    0.36530222E-01   -0.34253993E-02
    0.15204920E+02    0.36530222E-01   -0.34289677E-02
    0.15951481E+02    0.36530222E-01   -0.34323111E-02
    0.16772229E+02    0.36530222E-01   -0.34354799E-02
    0.17703752E+02    0.36530222E-01   -0.34385512E-02
    0.18842865E+02    0.36530222E-01   -0.34416991E-02
    0.86174222E+01    0.36530222E-01   -0.33512978E-02
    0.86227694E+01    0.36530222E-01   -0.33514399E-02
    0.86654613E+01    0.36530222E-01   -0.33525651E-02
    0.87503984E+01    0.36530222E-01   -0.33547548E-02
    0.88767228E+01    0.36530222E-01   -0.33578957E-02
    0.90432331E+01    0.36530222E-01   -0.33618362E-02
    0.92484731E+01    0.36530222E-01   -0.33664030E-02
    0.94908322E+01    0.36530222E-01   -0.33714183E-02
    0.97686475E+01    0.36530222E-01   -0.33767136E-02
    0.10080300E+02    0.36530222E-01   -0.33821397E-02
    0.10424302E+02    0.36530222E-01   -0.33875718E-02
    0.10799372E+02    0.36530222E-01   -0.33929117E-02
    0.11204505E+02    0.36530222E-01   -0.33980865E-02
    0.11639040E+02    0.36530222E-01   -0.34030455E-02
    0.12102723E+02    0.36530222E-01   -0.34077574E-02
    0.12595801E+02    0.36530222E-01   -0.34122061E-02
    0.13119132E+02    0.36530222E-01   -0.34163878E-02
    0.13674361E+02    0.36530222E-01   -0.34203077E-02
    0.14264189E+02    0.36530222E-01   -0.34239783E-02
    0.14892839E+02    0.36530222E-01   -0.34274176E-02
    0.15566878E+02    0.36530222E-01   -0.34306492E-02
    0.16296865E+02    0.36530222E-01   -0.34337035E-02
    0.17101045E+02    0.36530222E-01   -0.34366221E-02
    0.18015574E+02    0.36530222E-01   -0.34394733E-02
    0.19136135E+02    0.36530222E-01   -0.34424188E-02
    0.93041076E+01    0.36530222E-01   -0.33675891E-02
    0.93090603E+01    0.36530222E-01   -0.33676936E-02
    0.93486187E+01    0.36530222E-01   -0.33685228E-02
    0.94274028E+01    0.36530222E-01   -0.33701431E-02
    0.95447713E+01    0.36530222E-01   -0.33724828E-02
    0.96998205E+01    0.36530222E-01   -0.33754441E-02
    0.98914462E+01    0.36530222E-01   -0.33789130E-02
    0.10118416E+02    0.36530222E-01   -0.33827690E-02
    0.10379447E+02    0.36530222E-01   -0.33868941E-02
    0.10673280E+02    0.36530222E-01   -0.33911794E-02
    0.10998751E+02    0.36530222E-01   -0.33955300E-02
    0.11354862E+02    0.36530222E-01   -0.33998671E-02
    0.11740843E+02    0.36530222E-01   -0.34041282E-02
    0.12156220E+02    0.36530222E-01   -0.34082665E-02
    0.12600887E+02    0.36530222E-01   -0.34122493E-02
    0.13075192E+02    0.36530222E-01   -0.34160560E-02
    0.13580062E+02    0.36530222E-01   -0.34196759E-02
    0.14117174E+02    0.36530222E-01   -0.34231065E-02
    0.14689232E+02    0.36530222E-01   -0.34263522E-02
    0.15300428E+02    0.36530222E-01   -0.34294231E-02
    0.15957260E+02    0.36530222E-01   -0.34323352E-02
    0.16670161E+02    0.36530222E-01   -0.34351114E-02
    0.17457153E+02    0.36530222E-01   -0.34377863E-02
    0.18353947E+02    0.36530222E-01   -0.34404206E-02
    0.19455028E+02    0.36530222E-01   -0.34431643E-02
    0.10007556E+02    0.36530222E-01   -0.33809185E-02
    0.10012161E+02    0.36530222E-01   -0.33809965E-02
    0.10048952E+02    0.36530222E-01   -0.33816166E-02
    0.10122286E+02    0.36530222E-01   -0.33828325E-02
    0.10231687E+02    0.36530222E-01   -0.33845979E-02
    0.10376477E+02    0.36530222E-01   -0.33868489E-02
    0.10555826E+02    0.36530222E-01   -0.33895094E-02
    0.10768802E+02    0.36530222E-01   -0.33924974E-02
    0.11014431E+02    0.36530222E-01   -0.33957299E-02
    0.11291752E+02    0.36530222E-01   -0.33991284E-02
    0.11599882E+02    0.36530222E-01   -0.34026214E-02
    0.11938075E+02    0.36530222E-01   -0.34061472E-02
    0.12305777E+02    0.36530222E-01   -0.34096545E-02
    0.12702695E+02    0.36530222E-01   -0.34131026E-02
    0.13128865E+02    0.36530222E-01   -0.34164609E-02
    0.13584749E+02    0.36530222E-01   -0.34197076E-02
    0.14071348E+02    0.36530222E-01   -0.34228291E-02
    0.14590386E+02    0.36530222E-01   -0.34258187E-02
    0.15144580E+02    0.36530222E-01   -0.34286755E-02
    0.15738102E+02    0.36530222E-01   -0.34314043E-02
    0.16377390E+02    0.36530222E-01   -0.34340154E-02
    0.17072757E+02    0.36530222E-01   -0.34365264E-02
    0.17841999E+02    0.36530222E-01   -0.34389661E-02
    0.18720367E+02    0.36530222E-01   -0.34413883E-02
    0.19801082E+02    0.36530222E-01   -0.34439321E-02
    0.10731015E+02    0.36530222E-01   -0.33919802E-02
    0.10735310E+02    0.36530222E-01   -0.33920393E-02
    0.10769631E+02    0.36530222E-01   -0.33925086E-02
    0.10838090E+02    0.36530222E-01   -0.33934316E-02
    0.10940335E+02    0.36530222E-01   -0.33947778E-02
    0.11075865E+02    0.36530222E-01   -0.33965049E-02
    0.11244064E+02    0.36530222E-01   -0.33985619E-02
    0.11444240E+02    0.36530222E-01   -0.34008924E-02
    0.11675667E+02    0.36530222E-01   -0.34034383E-02
    0.11937637E+02    0.36530222E-01   -0.34061428E-02
    0.12229505E+02    0.36530222E-01   -0.34089530E-02
    0.12550743E+02    0.36530222E-01   -0.34118213E-02
    0.12900995E+02    0.36530222E-01   -0.34147068E-02
    0.13280134E+02    0.36530222E-01   -0.34175755E-02
    0.13688339E+02    0.36530222E-01   -0.34204003E-02
    0.14126179E+02    0.36530222E-01   -0.34231607E-02
    0.14594737E+02    0.36530222E-01   -0.34258424E-02
    0.15095790E+02    0.36530222E-01   -0.34284366E-02
    0.15632077E+02    0.36530222E-01   -0.34309397E-02
    0.16207756E+02    0.36530222E-01   -0.34333529E-02
    0.16829213E+02    0.36530222E-01   -0.34356827E-02
    0.17506643E+02    0.36530222E-01   -0.34379424E-02
    0.18257614E+02    0.36530222E-01   -0.34401563E-02
    0.19116894E+02    0.36530222E-01   -0.34423727E-02
    0.20176382E+02    0.36530222E-01   -0.34447200E-02
    0.11478717E+02    0.36530222E-01   -0.34012815E-02
    0.11482731E+02    0.36530222E-01   -0.34013266E-02
    0.11514825E+02    0.36530222E-01   -0.34016852E-02
    0.11578879E+02    0.36530222E-01   -0.34023921E-02
    0.11674638E+02    0.36530222E-01   -0.34034273E-02
    0.11801739E+02    0.36530222E-01   -0.34047624E-02
    0.11959734E+02    0.36530222E-01   -0.34063628E-02
    0.12148122E+02    0.36530222E-01   -0.34081898E-02
    0.12366384E+02    0.36530222E-01   -0.34102027E-02
    0.12614017E+02    0.36530222E-01   -0.34123605E-02
    0.12890579E+02    0.36530222E-01   -0.34146244E-02
    0.13195734E+02    0.36530222E-01   -0.34169584E-02
    0.13529298E+02    0.36530222E-01   -0.34193302E-02
    0.13891300E+02    0.36530222E-01   -0.34217125E-02
    0.14282047E+02    0.36530222E-01   -0.34240823E-02
    0.14702217E+02    0.36530222E-01   -0.34264215E-02
    0.15152973E+02    0.36530222E-01   -0.34287163E-02
    0.15636148E+02    0.36530222E-01   -0.34309577E-02
    0.16154506E+02    0.36530222E-01   -0.34331405E-02
    0.16712199E+02    0.36530222E-01   -0.34352640E-02
    0.17315561E+02    0.36530222E-01   -0.34373321E-02
    0.17974671E+02    0.36530222E-01   -0.34393551E-02
    0.18706863E+02    0.36530222E-01   -0.34413537E-02
    0.19546404E+02    0.36530222E-01   -0.34433710E-02
    0.20583795E+02    0.36530222E-01   -0.34455261E-02
    0.12256380E+02    0.36530222E-01   -0.34092017E-02
    0.12260140E+02    0.36530222E-01   -0.34092363E-02
    0.12290203E+02    0.36530222E-01   -0.34095123E-02
    0.12350237E+02    0.36530222E-01   -0.34100574E-02
    0.12440060E+02    0.36530222E-01   -0.34108582E-02
    0.12559416E+02    0.36530222E-01   -0.34118957E-02
    0.12707995E+02    0.36530222E-01   -0.34131465E-02
    0.12885448E+02    0.36530222E-01   -0.34145838E-02
    0.13091423E+02    0.36530222E-01   -0.34161790E-02
    0.13325589E+02    0.36530222E-01   -0.34179030E-02
    0.13587676E+02    0.36530222E-01   -0.34197274E-02
    0.13877511E+02    0.36530222E-01   -0.34216252E-02
    0.14195063E+02    0.36530222E-01   -0.34235718E-02
    0.14540499E+02    0.36530222E-01   -0.34255453E-02
    0.14914247E+02    0.36530222E-01   -0.34275270E-02
    0.15317084E+02    0.36530222E-01   -0.34295016E-02
    0.15750254E+02    0.36530222E-01   -0.34314569E-02
    0.16215641E+02    0.36530222E-01   -0.34333841E-02
    0.16716039E+02    0.36530222E-01   -0.34352779E-02
    0.17255594E+02    0.36530222E-01   -0.34371363E-02
    0.17840587E+02    0.36530222E-01   -0.34389619E-02
    0.18480982E+02    0.36530222E-01   -0.34407627E-02
    0.19193869E+02    0.36530222E-01   -0.34425566E-02
    0.20012991E+02    0.36530222E-01   -0.34443825E-02
    0.21027376E+02    0.36530222E-01   -0.34463501E-02
    0.13072121E+02    0.36530222E-01   -0.34160327E-02
    0.13075647E+02    0.36530222E-01   -0.34160595E-02
    0.13103840E+02    0.36530222E-01   -0.34162727E-02
    0.13160162E+02    0.36530222E-01   -0.34166947E-02
    0.13244493E+02    0.36530222E-01   -0.34173163E-02
    0.13356663E+02    0.36530222E-01   -0.34181250E-02
    0.13496468E+02    0.36530222E-01   -0.34191046E-02
    0.13663685E+02    0.36530222E-01   -0.34202369E-02
    0.13858098E+02    0.36530222E-01   -0.34215018E-02
    0.14079519E+02    0.36530222E-01   -0.34228788E-02
    0.14327821E+02    0.36530222E-01   -0.34243472E-02
    0.14602973E+02    0.36530222E-01   -0.34258872E-02
    0.14905077E+02    0.36530222E-01   -0.34274802E-02
    0.15234423E+02    0.36530222E-01   -0.34291093E-02
    0.15591546E+02    0.36530222E-01   -0.34307596E-02
    0.15977315E+02    0.36530222E-01   -0.34324184E-02
    0.16393048E+02    0.36530222E-01   -0.34340756E-02
    0.16840681E+02    0.36530222E-01   -0.34357232E-02
    0.17323034E+02    0.36530222E-01   -0.34373563E-02
    0.17844244E+02    0.36530222E-01   -0.34389727E-02
    0.18410543E+02    0.36530222E-01   -0.34405739E-02
    0.19031768E+02    0.36530222E-01   -0.34421666E-02
    0.19724759E+02    0.36530222E-01   -0.34437663E-02
    0.20522702E+02    0.36530222E-01   -0.34454083E-02
    0.21513067E+02    0.36530222E-01   -0.34471933E-02
    0.13938244E+02    0.36530222E-01   -0.34220079E-02
    0.13941550E+02    0.36530222E-01   -0.34220285E-02
    0.13967995E+02    0.36530222E-01   -0.34221935E-02
    0.14020847E+02    0.36530222E-01   -0.34225203E-02
    0.14100031E+02    0.36530222E-01   -0.34230031E-02
    0.14205447E+02    0.36530222E-01   -0.34236332E-02
    0.14336977E+02    0.36530222E-01   -0.34243999E-02
    0.14494501E+02    0.36530222E-01   -0.34252907E-02
    0.14677913E+02    0.36530222E-01   -0.34262916E-02
    0.14887146E+02    0.36530222E-01   -0.34273884E-02
    0.15122193E+02    0.36530222E-01   -0.34285662E-02
    0.15383143E+02    0.36530222E-01   -0.34298106E-02
    0.15670214E+02    0.36530222E-01   -0.34311079E-02
    0.15983801E+02    0.36530222E-01   -0.34324453E-02
    0.16324539E+02    0.36530222E-01   -0.34338112E-02
    0.16693378E+02    0.36530222E-01   -0.34351958E-02
    0.17091703E+02    0.36530222E-01   -0.34365906E-02
    0.17521496E+02    0.36530222E-01   -0.34379890E-02
    0.17985599E+02    0.36530222E-01   -0.34393868E-02
    0.18488140E+02    0.36530222E-01   -0.34407818E-02
    0.19035292E+02    0.36530222E-01   -0.34421752E-02
    0.19636764E+02    0.36530222E-01   -0.34435727E-02
    0.20309121E+02    0.36530222E-01   -0.34449880E-02
    0.21084961E+02    0.36530222E-01   -0.34464532E-02
    0.22050087E+02    0.36530222E-01   -0.34480604E-02
    0.14875244E+02    0.36530222E-01   -0.34273272E-02
    0.14878342E+02    0.36530222E-01   -0.34273432E-02
    0.14903125E+02    0.36530222E-01   -0.34274702E-02
    0.14952672E+02    0.36530222E-01   -0.34277223E-02
    0.15026947E+02    0.36530222E-01   -0.34280956E-02
    0.15125904E+02    0.36530222E-01   -0.34285843E-02
    0.15249497E+02    0.36530222E-01   -0.34291813E-02
    0.15397689E+02    0.36530222E-01   -0.34298781E-02
    0.15570465E+02    0.36530222E-01   -0.34306653E-02
    0.15767859E+02    0.36530222E-01   -0.34315330E-02
    0.15989965E+02    0.36530222E-01   -0.34324708E-02
    0.16236975E+02    0.36530222E-01   -0.34334685E-02
    0.16509205E+02    0.36530222E-01   -0.34345162E-02
    0.16807146E+02    0.36530222E-01   -0.34356044E-02
    0.17131515E+02    0.36530222E-01   -0.34367246E-02
    0.17483338E+02    0.36530222E-01   -0.34378691E-02
    0.17864057E+02    0.36530222E-01   -0.34390314E-02
    0.18275696E+02    0.36530222E-01   -0.34402063E-02
    0.18721111E+02    0.36530222E-01   -0.34413902E-02
    0.19204415E+02    0.36530222E-01   -0.34425816E-02
    0.19731716E+02    0.36530222E-01   -0.34437815E-02
    0.20312576E+02    0.36530222E-01   -0.34449949E-02
    0.20963269E+02    0.36530222E-01   -0.34462343E-02
    0.21715751E+02    0.36530222E-01   -0.34475283E-02
    0.22654019E+02    0.36530222E-01   -0.34489611E-02
    0.15922922E+02    0.36530222E-01   -0.34321919E-02
    0.15925817E+02    0.36530222E-01   -0.34322040E-02
    0.15948972E+02    0.36530222E-01   -0.34323007E-02
    0.15995279E+02    0.36530222E-01   -0.34324927E-02
    0.16064734E+02    0.36530222E-01   -0.34327777E-02
    0.16157337E+02    0.36530222E-01   -0.34331519E-02
    0.16273099E+02    0.36530222E-01   -0.34336106E-02
    0.16412050E+02    0.36530222E-01   -0.34341483E-02
    0.16574256E+02    0.36530222E-01   -0.34347588E-02
    0.16759831E+02    0.36530222E-01   -0.34354355E-02
    0.16968958E+02    0.36530222E-01   -0.34361713E-02
    0.17201916E+02    0.36530222E-01   -0.34369593E-02
    0.17459107E+02    0.36530222E-01   -0.34377925E-02
    0.17741103E+02    0.36530222E-01   -0.34386643E-02
    0.18048695E+02    0.36530222E-01   -0.34395684E-02
    0.18382973E+02    0.36530222E-01   -0.34404994E-02
    0.18745429E+02    0.36530222E-01   -0.34414524E-02
    0.19138120E+02    0.36530222E-01   -0.34424236E-02
    0.19563910E+02    0.36530222E-01   -0.34434103E-02
    0.20026885E+02    0.36530222E-01   -0.34444115E-02
    0.20533075E+02    0.36530222E-01   -0.34454284E-02
    0.21091878E+02    0.36530222E-01   -0.34464655E-02
    0.21719236E+02    0.36530222E-01   -0.34475340E-02
    0.22446390E+02    0.36530222E-01   -0.34486598E-02
    0.23355324E+02    0.36530222E-01   -0.34499185E-02
    0.17185617E+02    0.36530222E-01   -0.34369052E-02
    0.17188299E+02    0.36530222E-01   -0.34369141E-02
    0.17209756E+02    0.36530222E-01   -0.34369853E-02
    0.17252680E+02    0.36530222E-01   -0.34371267E-02
    0.17317092E+02    0.36530222E-01   -0.34373371E-02
    0.17403033E+02    0.36530222E-01   -0.34376140E-02
    0.17510561E+02    0.36530222E-01   -0.34379547E-02
    0.17639767E+02    0.36530222E-01   -0.34383558E-02
    0.17790783E+02    0.36530222E-01   -0.34388135E-02
    0.17963795E+02    0.36530222E-01   -0.34393236E-02
    0.18159062E+02    0.36530222E-01   -0.34398816E-02
    0.18376940E+02    0.36530222E-01   -0.34404831E-02
    0.18617906E+02    0.36530222E-01   -0.34411235E-02
    0.18882604E+02    0.36530222E-01   -0.34417987E-02
    0.19171890E+02    0.36530222E-01   -0.34425043E-02
    0.19486911E+02    0.36530222E-01   -0.34432367E-02
    0.19829198E+02    0.36530222E-01   -0.34439927E-02
    0.20200832E+02    0.36530222E-01   -0.34447697E-02
    0.20604674E+02    0.36530222E-01   -0.34455661E-02
    0.21044765E+02    0.36530222E-01   -0.34463813E-02
    0.21527033E+02    0.36530222E-01   -0.34472167E-02
    0.22060673E+02    0.36530222E-01   -0.34480768E-02
    0.22661227E+02    0.36530222E-01   -0.34489714E-02
    0.23359075E+02    0.36530222E-01   -0.34499234E-02
    0.24233802E+02    0.36530222E-01   -0.34509996E-02
