    0.21160454E-04    0.00000000E+00    0.00000000E+00
    0.36231417E+00    0.00000000E+00    0.00000000E+00
    0.10873231E+01    0.00000000E+00    0.00000000E+00
    0.18134789E+01    0.00000000E+00    0.00000000E+00
    0.25415640E+01    0.00000000E+00    0.00000000E+00
    0.32723876E+01    0.00000000E+00    0.00000000E+00
    0.40067988E+01    0.00000000E+00    0.00000000E+00
    0.47457005E+01    0.00000000E+00    0.00000000E+00
    0.54900659E+01    0.00000000E+00    0.00000000E+00
    0.62409589E+01    0.00000000E+00    0.00000000E+00
    0.69995588E+01    0.00000000E+00    0.00000000E+00
    0.77671922E+01    0.00000000E+00    0.00000000E+00
    0.85453742E+01    0.00000000E+00    0.00000000E+00
    0.93358632E+01    0.00000000E+00    0.00000000E+00
    0.10140736E+02    0.00000000E+00    0.00000000E+00
    0.10962493E+02    0.00000000E+00    0.00000000E+00
    0.11804214E+02    0.00000000E+00    0.00000000E+00
    0.12669784E+02    0.00000000E+00    0.00000000E+00
    0.13564263E+02    0.00000000E+00    0.00000000E+00
    0.14494490E+02    0.00000000E+00    0.00000000E+00
    0.15470171E+02    0.00000000E+00    0.00000000E+00
    0.16506008E+02    0.00000000E+00    0.00000000E+00
    0.17626503E+02    0.00000000E+00    0.00000000E+00
    0.18879227E+02    0.00000000E+00    0.00000000E+00
    0.20388890E+02    0.00000000E+00    0.00000000E+00
    0.51407211E+00    0.00000000E+00    0.00000000E+00
    0.62892106E+00    0.00000000E+00    0.00000000E+00
    0.12027226E+01    0.00000000E+00    0.00000000E+00
    0.18849340E+01    0.00000000E+00    0.00000000E+00
    0.25930325E+01    0.00000000E+00    0.00000000E+00
    0.33125203E+01    0.00000000E+00    0.00000000E+00
    0.40396419E+01    0.00000000E+00    0.00000000E+00
    0.47734624E+01    0.00000000E+00    0.00000000E+00
    0.55140814E+01    0.00000000E+00    0.00000000E+00
    0.62620953E+01    0.00000000E+00    0.00000000E+00
    0.70184110E+01    0.00000000E+00    0.00000000E+00
    0.77841856E+01    0.00000000E+00    0.00000000E+00
    0.85608230E+01    0.00000000E+00    0.00000000E+00
    0.93500060E+01    0.00000000E+00    0.00000000E+00
    0.10153758E+02    0.00000000E+00    0.00000000E+00
    0.10974540E+02    0.00000000E+00    0.00000000E+00
    0.11815402E+02    0.00000000E+00    0.00000000E+00
    0.12680209E+02    0.00000000E+00    0.00000000E+00
    0.13574001E+02    0.00000000E+00    0.00000000E+00
    0.14503604E+02    0.00000000E+00    0.00000000E+00
    0.15478709E+02    0.00000000E+00    0.00000000E+00
    0.16514011E+02    0.00000000E+00    0.00000000E+00
    0.17633998E+02    0.00000000E+00    0.00000000E+00
    0.18886224E+02    0.00000000E+00    0.00000000E+00
    0.20395369E+02    0.00000000E+00    0.00000000E+00
    0.11805166E+01    0.00000000E+00    0.00000000E+00
    0.12348648E+01    0.00000000E+00    0.00000000E+00
    0.16049582E+01    0.00000000E+00    0.00000000E+00
    0.21638681E+01    0.00000000E+00    0.00000000E+00
    0.28023502E+01    0.00000000E+00    0.00000000E+00
    0.34788130E+01    0.00000000E+00    0.00000000E+00
    0.41770871E+01    0.00000000E+00    0.00000000E+00
    0.48903264E+01    0.00000000E+00    0.00000000E+00
    0.56155537E+01    0.00000000E+00    0.00000000E+00
    0.63516287E+01    0.00000000E+00    0.00000000E+00
    0.70984113E+01    0.00000000E+00    0.00000000E+00
    0.78563920E+01    0.00000000E+00    0.00000000E+00
    0.86265312E+01    0.00000000E+00    0.00000000E+00
    0.94102051E+01    0.00000000E+00    0.00000000E+00
    0.10209219E+02    0.00000000E+00    0.00000000E+00
    0.11025873E+02    0.00000000E+00    0.00000000E+00
    0.11863097E+02    0.00000000E+00    0.00000000E+00
    0.12724663E+02    0.00000000E+00    0.00000000E+00
    0.13615537E+02    0.00000000E+00    0.00000000E+00
    0.14542485E+02    0.00000000E+00    0.00000000E+00
    0.15515147E+02    0.00000000E+00    0.00000000E+00
    0.16548170E+02    0.00000000E+00    0.00000000E+00
    0.17665991E+02    0.00000000E+00    0.00000000E+00
    0.18916100E+02    0.00000000E+00    0.00000000E+00
    0.20423037E+02    0.00000000E+00    0.00000000E+00
    0.18521103E+01    0.00000000E+00    0.00000000E+00
    0.18872159E+01    0.00000000E+00    0.00000000E+00
    0.21476927E+01    0.00000000E+00    0.00000000E+00
    0.25921069E+01    0.00000000E+00    0.00000000E+00
    0.31448148E+01    0.00000000E+00    0.00000000E+00
    0.37601640E+01    0.00000000E+00    0.00000000E+00
    0.44141533E+01    0.00000000E+00    0.00000000E+00
    0.50943092E+01    0.00000000E+00    0.00000000E+00
    0.57940604E+01    0.00000000E+00    0.00000000E+00
    0.65099831E+01    0.00000000E+00    0.00000000E+00
    0.72404513E+01    0.00000000E+00    0.00000000E+00
    0.79849601E+01    0.00000000E+00    0.00000000E+00
    0.87437825E+01    0.00000000E+00    0.00000000E+00
    0.95178072E+01    0.00000000E+00    0.00000000E+00
    0.10308484E+02    0.00000000E+00    0.00000000E+00
    0.11117849E+02    0.00000000E+00    0.00000000E+00
    0.11948631E+02    0.00000000E+00    0.00000000E+00
    0.12804442E+02    0.00000000E+00    0.00000000E+00
    0.13690126E+02    0.00000000E+00    0.00000000E+00
    0.14612343E+02    0.00000000E+00    0.00000000E+00
    0.15580645E+02    0.00000000E+00    0.00000000E+00
    0.16609594E+02    0.00000000E+00    0.00000000E+00
    0.17723542E+02    0.00000000E+00    0.00000000E+00
    0.18969858E+02    0.00000000E+00    0.00000000E+00
    0.20472839E+02    0.00000000E+00    0.00000000E+00
    0.25265242E+01    0.00000000E+00    0.00000000E+00
    0.25523707E+01    0.00000000E+00    0.00000000E+00
    0.27505629E+01    0.00000000E+00    0.00000000E+00
    0.31099888E+01    0.00000000E+00    0.00000000E+00
    0.35836953E+01    0.00000000E+00    0.00000000E+00
    0.41342285E+01    0.00000000E+00    0.00000000E+00
    0.47368514E+01    0.00000000E+00    0.00000000E+00
    0.53763368E+01    0.00000000E+00    0.00000000E+00
    0.60435212E+01    0.00000000E+00    0.00000000E+00
    0.67329705E+01    0.00000000E+00    0.00000000E+00
    0.74415823E+01    0.00000000E+00    0.00000000E+00
    0.81677781E+01    0.00000000E+00    0.00000000E+00
    0.89110463E+01    0.00000000E+00    0.00000000E+00
    0.96716940E+01    0.00000000E+00    0.00000000E+00
    0.10450734E+02    0.00000000E+00    0.00000000E+00
    0.11249870E+02    0.00000000E+00    0.00000000E+00
    0.12071569E+02    0.00000000E+00    0.00000000E+00
    0.12919239E+02    0.00000000E+00    0.00000000E+00
    0.13797556E+02    0.00000000E+00    0.00000000E+00
    0.14713041E+02    0.00000000E+00    0.00000000E+00
    0.15675124E+02    0.00000000E+00    0.00000000E+00
    0.16698252E+02    0.00000000E+00    0.00000000E+00
    0.17806654E+02    0.00000000E+00    0.00000000E+00
    0.19047533E+02    0.00000000E+00    0.00000000E+00
    0.20544833E+02    0.00000000E+00    0.00000000E+00
    0.32039486E+01    0.00000000E+00    0.00000000E+00
    0.32243694E+01    0.00000000E+00    0.00000000E+00
    0.33834240E+01    0.00000000E+00    0.00000000E+00
    0.36815747E+01    0.00000000E+00    0.00000000E+00
    0.40896007E+01    0.00000000E+00    0.00000000E+00
    0.45797169E+01    0.00000000E+00    0.00000000E+00
    0.51302752E+01    0.00000000E+00    0.00000000E+00
    0.57259899E+01    0.00000000E+00    0.00000000E+00
    0.63565801E+01    0.00000000E+00    0.00000000E+00
    0.70153299E+01    0.00000000E+00    0.00000000E+00
    0.76979939E+01    0.00000000E+00    0.00000000E+00
    0.84020570E+01    0.00000000E+00    0.00000000E+00
    0.91262647E+01    0.00000000E+00    0.00000000E+00
    0.98703408E+01    0.00000000E+00    0.00000000E+00
    0.10634839E+02    0.00000000E+00    0.00000000E+00
    0.11421101E+02    0.00000000E+00    0.00000000E+00
    0.12231302E+02    0.00000000E+00    0.00000000E+00
    0.13068615E+02    0.00000000E+00    0.00000000E+00
    0.13937522E+02    0.00000000E+00    0.00000000E+00
    0.14844377E+02    0.00000000E+00    0.00000000E+00
    0.15798464E+02    0.00000000E+00    0.00000000E+00
    0.16814089E+02    0.00000000E+00    0.00000000E+00
    0.17915326E+02    0.00000000E+00    0.00000000E+00
    0.19149164E+02    0.00000000E+00    0.00000000E+00
    0.20639092E+02    0.00000000E+00    0.00000000E+00
    0.38849892E+01    0.00000000E+00    0.00000000E+00
    0.39018474E+01    0.00000000E+00    0.00000000E+00
    0.40342797E+01    0.00000000E+00    0.00000000E+00
    0.42874057E+01    0.00000000E+00    0.00000000E+00
    0.46424874E+01    0.00000000E+00    0.00000000E+00
    0.50795336E+01    0.00000000E+00    0.00000000E+00
    0.55810016E+01    0.00000000E+00    0.00000000E+00
    0.61330918E+01    0.00000000E+00    0.00000000E+00
    0.67256201E+01    0.00000000E+00    0.00000000E+00
    0.73513746E+01    0.00000000E+00    0.00000000E+00
    0.80054334E+01    0.00000000E+00    0.00000000E+00
    0.86846080E+01    0.00000000E+00    0.00000000E+00
    0.93870423E+01    0.00000000E+00    0.00000000E+00
    0.10111948E+02    0.00000000E+00    0.00000000E+00
    0.10859451E+02    0.00000000E+00    0.00000000E+00
    0.11630537E+02    0.00000000E+00    0.00000000E+00
    0.12427091E+02    0.00000000E+00    0.00000000E+00
    0.13252040E+02    0.00000000E+00    0.00000000E+00
    0.14109655E+02    0.00000000E+00    0.00000000E+00
    0.15006112E+02    0.00000000E+00    0.00000000E+00
    0.15950527E+02    0.00000000E+00    0.00000000E+00
    0.16957047E+02    0.00000000E+00    0.00000000E+00
    0.18049564E+02    0.00000000E+00    0.00000000E+00
    0.19274811E+02    0.00000000E+00    0.00000000E+00
    0.20755721E+02    0.00000000E+00    0.00000000E+00
    0.45704052E+01    0.00000000E+00    0.00000000E+00
    0.45847438E+01    0.00000000E+00    0.00000000E+00
    0.46979650E+01    0.00000000E+00    0.00000000E+00
    0.49170428E+01    0.00000000E+00    0.00000000E+00
    0.52295460E+01    0.00000000E+00    0.00000000E+00
    0.56211319E+01    0.00000000E+00    0.00000000E+00
    0.60780787E+01    0.00000000E+00    0.00000000E+00
    0.65886476E+01    0.00000000E+00    0.00000000E+00
    0.71434885E+01    0.00000000E+00    0.00000000E+00
    0.77355137E+01    0.00000000E+00    0.00000000E+00
    0.83595710E+01    0.00000000E+00    0.00000000E+00
    0.90120963E+01    0.00000000E+00    0.00000000E+00
    0.96908217E+01    0.00000000E+00    0.00000000E+00
    0.10394563E+02    0.00000000E+00    0.00000000E+00
    0.11123090E+02    0.00000000E+00    0.00000000E+00
    0.11877073E+02    0.00000000E+00    0.00000000E+00
    0.12658122E+02    0.00000000E+00    0.00000000E+00
    0.13468928E+02    0.00000000E+00    0.00000000E+00
    0.14313554E+02    0.00000000E+00    0.00000000E+00
    0.15197988E+02    0.00000000E+00    0.00000000E+00
    0.16131174E+02    0.00000000E+00    0.00000000E+00
    0.17127081E+02    0.00000000E+00    0.00000000E+00
    0.18209399E+02    0.00000000E+00    0.00000000E+00
    0.19424567E+02    0.00000000E+00    0.00000000E+00
    0.20894866E+02    0.00000000E+00    0.00000000E+00
    0.52610588E+01    0.00000000E+00    0.00000000E+00
    0.52735198E+01    0.00000000E+00    0.00000000E+00
    0.53722445E+01    0.00000000E+00    0.00000000E+00
    0.55648401E+01    0.00000000E+00    0.00000000E+00
    0.58427979E+01    0.00000000E+00    0.00000000E+00
    0.61957453E+01    0.00000000E+00    0.00000000E+00
    0.66131064E+01    0.00000000E+00    0.00000000E+00
    0.70852250E+01    0.00000000E+00    0.00000000E+00
    0.76039176E+01    0.00000000E+00    0.00000000E+00
    0.81626165E+01    0.00000000E+00    0.00000000E+00
    0.87562871E+01    0.00000000E+00    0.00000000E+00
    0.93812587E+01    0.00000000E+00    0.00000000E+00
    0.10035047E+02    0.00000000E+00    0.00000000E+00
    0.10716206E+02    0.00000000E+00    0.00000000E+00
    0.11424240E+02    0.00000000E+00    0.00000000E+00
    0.12159564E+02    0.00000000E+00    0.00000000E+00
    0.12923552E+02    0.00000000E+00    0.00000000E+00
    0.13718679E+02    0.00000000E+00    0.00000000E+00
    0.14548813E+02    0.00000000E+00    0.00000000E+00
    0.15419760E+02    0.00000000E+00    0.00000000E+00
    0.16340285E+02    0.00000000E+00    0.00000000E+00
    0.17324175E+02    0.00000000E+00    0.00000000E+00
    0.18394900E+02    0.00000000E+00    0.00000000E+00
    0.19598570E+02    0.00000000E+00    0.00000000E+00
    0.21056722E+02    0.00000000E+00    0.00000000E+00
    0.59579134E+01    0.00000000E+00    0.00000000E+00
    0.59689198E+01    0.00000000E+00    0.00000000E+00
    0.60563193E+01    0.00000000E+00    0.00000000E+00
    0.62277956E+01    0.00000000E+00    0.00000000E+00
    0.64773667E+01    0.00000000E+00    0.00000000E+00
    0.67974446E+01    0.00000000E+00    0.00000000E+00
    0.71799143E+01    0.00000000E+00    0.00000000E+00
    0.76169814E+01    0.00000000E+00    0.00000000E+00
    0.81017008E+01    0.00000000E+00    0.00000000E+00
    0.86282269E+01    0.00000000E+00    0.00000000E+00
    0.91918744E+01    0.00000000E+00    0.00000000E+00
    0.97890759E+01    0.00000000E+00    0.00000000E+00
    0.10417301E+02    0.00000000E+00    0.00000000E+00
    0.11074975E+02    0.00000000E+00    0.00000000E+00
    0.11761431E+02    0.00000000E+00    0.00000000E+00
    0.12476898E+02    0.00000000E+00    0.00000000E+00
    0.13222564E+02    0.00000000E+00    0.00000000E+00
    0.14000720E+02    0.00000000E+00    0.00000000E+00
    0.14815058E+02    0.00000000E+00    0.00000000E+00
    0.15671215E+02    0.00000000E+00    0.00000000E+00
    0.16577784E+02    0.00000000E+00    0.00000000E+00
    0.17548363E+02    0.00000000E+00    0.00000000E+00
    0.18606191E+02    0.00000000E+00    0.00000000E+00
    0.19797018E+02    0.00000000E+00    0.00000000E+00
    0.21241552E+02    0.00000000E+00    0.00000000E+00
    0.66620484E+01    0.00000000E+00    0.00000000E+00
    0.66718933E+01    0.00000000E+00    0.00000000E+00
    0.67501970E+01    0.00000000E+00    0.00000000E+00
    0.69044619E+01    0.00000000E+00    0.00000000E+00
    0.71303882E+01    0.00000000E+00    0.00000000E+00
    0.74223587E+01    0.00000000E+00    0.00000000E+00
    0.77741447E+01    0.00000000E+00    0.00000000E+00
    0.81795209E+01    0.00000000E+00    0.00000000E+00
    0.86327117E+01    0.00000000E+00    0.00000000E+00
    0.91286612E+01    0.00000000E+00    0.00000000E+00
    0.96631626E+01    0.00000000E+00    0.00000000E+00
    0.10232896E+02    0.00000000E+00    0.00000000E+00
    0.10835419E+02    0.00000000E+00    0.00000000E+00
    0.11469142E+02    0.00000000E+00    0.00000000E+00
    0.12133318E+02    0.00000000E+00    0.00000000E+00
    0.12828061E+02    0.00000000E+00    0.00000000E+00
    0.13554422E+02    0.00000000E+00    0.00000000E+00
    0.14314549E+02    0.00000000E+00    0.00000000E+00
    0.15111986E+02    0.00000000E+00    0.00000000E+00
    0.15952214E+02    0.00000000E+00    0.00000000E+00
    0.16843665E+02    0.00000000E+00    0.00000000E+00
    0.17799752E+02    0.00000000E+00    0.00000000E+00
    0.18843474E+02    0.00000000E+00    0.00000000E+00
    0.20020192E+02    0.00000000E+00    0.00000000E+00
    0.21449702E+02    0.00000000E+00    0.00000000E+00
    0.73746848E+01    0.00000000E+00    0.00000000E+00
    0.73835796E+01    0.00000000E+00    0.00000000E+00
    0.74544112E+01    0.00000000E+00    0.00000000E+00
    0.75943849E+01    0.00000000E+00    0.00000000E+00
    0.78003540E+01    0.00000000E+00    0.00000000E+00
    0.80681160E+01    0.00000000E+00    0.00000000E+00
    0.83928787E+01    0.00000000E+00    0.00000000E+00
    0.87697006E+01    0.00000000E+00    0.00000000E+00
    0.91938457E+01    0.00000000E+00    0.00000000E+00
    0.96610322E+01    0.00000000E+00    0.00000000E+00
    0.10167586E+02    0.00000000E+00    0.00000000E+00
    0.10710521E+02    0.00000000E+00    0.00000000E+00
    0.11287577E+02    0.00000000E+00    0.00000000E+00
    0.11897240E+02    0.00000000E+00    0.00000000E+00
    0.12538760E+02    0.00000000E+00    0.00000000E+00
    0.13212200E+02    0.00000000E+00    0.00000000E+00
    0.13918528E+02    0.00000000E+00    0.00000000E+00
    0.14659788E+02    0.00000000E+00    0.00000000E+00
    0.15439404E+02    0.00000000E+00    0.00000000E+00
    0.16262725E+02    0.00000000E+00    0.00000000E+00
    0.17138032E+02    0.00000000E+00    0.00000000E+00
    0.18078558E+02    0.00000000E+00    0.00000000E+00
    0.19107056E+02    0.00000000E+00    0.00000000E+00
    0.20268478E+02    0.00000000E+00    0.00000000E+00
    0.21681623E+02    0.00000000E+00    0.00000000E+00
    0.80972220E+01    0.00000000E+00    0.00000000E+00
    0.81053239E+01    0.00000000E+00    0.00000000E+00
    0.81699006E+01    0.00000000E+00    0.00000000E+00
    0.82978136E+01    0.00000000E+00    0.00000000E+00
    0.84867280E+01    0.00000000E+00    0.00000000E+00
    0.87334715E+01    0.00000000E+00    0.00000000E+00
    0.90343479E+01    0.00000000E+00    0.00000000E+00
    0.93854503E+01    0.00000000E+00    0.00000000E+00
    0.97829356E+01    0.00000000E+00    0.00000000E+00
    0.10223237E+02    0.00000000E+00    0.00000000E+00
    0.10703216E+02    0.00000000E+00    0.00000000E+00
    0.11220262E+02    0.00000000E+00    0.00000000E+00
    0.11772359E+02    0.00000000E+00    0.00000000E+00
    0.12358129E+02    0.00000000E+00    0.00000000E+00
    0.12976884E+02    0.00000000E+00    0.00000000E+00
    0.13628693E+02    0.00000000E+00    0.00000000E+00
    0.14314484E+02    0.00000000E+00    0.00000000E+00
    0.15036237E+02    0.00000000E+00    0.00000000E+00
    0.15797286E+02    0.00000000E+00    0.00000000E+00
    0.16602869E+02    0.00000000E+00    0.00000000E+00
    0.17461133E+02    0.00000000E+00    0.00000000E+00
    0.18385138E+02    0.00000000E+00    0.00000000E+00
    0.19397387E+02    0.00000000E+00    0.00000000E+00
    0.20542400E+02    0.00000000E+00    0.00000000E+00
    0.21937908E+02    0.00000000E+00    0.00000000E+00
    0.88312878E+01    0.00000000E+00    0.00000000E+00
    0.88387169E+01    0.00000000E+00    0.00000000E+00
    0.88979726E+01    0.00000000E+00    0.00000000E+00
    0.90155615E+01    0.00000000E+00    0.00000000E+00
    0.91897329E+01    0.00000000E+00    0.00000000E+00
    0.94180765E+01    0.00000000E+00    0.00000000E+00
    0.96977359E+01    0.00000000E+00    0.00000000E+00
    0.10025633E+02    0.00000000E+00    0.00000000E+00
    0.10398676E+02    0.00000000E+00    0.00000000E+00
    0.10813936E+02    0.00000000E+00    0.00000000E+00
    0.11268783E+02    0.00000000E+00    0.00000000E+00
    0.11760991E+02    0.00000000E+00    0.00000000E+00
    0.12288819E+02    0.00000000E+00    0.00000000E+00
    0.12851069E+02    0.00000000E+00    0.00000000E+00
    0.13447162E+02    0.00000000E+00    0.00000000E+00
    0.14077212E+02    0.00000000E+00    0.00000000E+00
    0.14742154E+02    0.00000000E+00    0.00000000E+00
    0.15443933E+02    0.00000000E+00    0.00000000E+00
    0.16185823E+02    0.00000000E+00    0.00000000E+00
    0.16972975E+02    0.00000000E+00    0.00000000E+00
    0.17813417E+02    0.00000000E+00    0.00000000E+00
    0.18720041E+02    0.00000000E+00    0.00000000E+00
    0.19715102E+02    0.00000000E+00    0.00000000E+00
    0.20842669E+02    0.00000000E+00    0.00000000E+00
    0.22219326E+02    0.00000000E+00    0.00000000E+00
    0.95788073E+01    0.00000000E+00    0.00000000E+00
    0.95856571E+01    0.00000000E+00    0.00000000E+00
    0.96403227E+01    0.00000000E+00    0.00000000E+00
    0.97489618E+01    0.00000000E+00    0.00000000E+00
    0.99102521E+01    0.00000000E+00    0.00000000E+00
    0.10122355E+02    0.00000000E+00    0.00000000E+00
    0.10383063E+02    0.00000000E+00    0.00000000E+00
    0.10689959E+02    0.00000000E+00    0.00000000E+00
    0.11040579E+02    0.00000000E+00    0.00000000E+00
    0.11432546E+02    0.00000000E+00    0.00000000E+00
    0.11863700E+02    0.00000000E+00    0.00000000E+00
    0.12332187E+02    0.00000000E+00    0.00000000E+00
    0.12836548E+02    0.00000000E+00    0.00000000E+00
    0.13375795E+02    0.00000000E+00    0.00000000E+00
    0.13949483E+02    0.00000000E+00    0.00000000E+00
    0.14557809E+02    0.00000000E+00    0.00000000E+00
    0.15201744E+02    0.00000000E+00    0.00000000E+00
    0.15883229E+02    0.00000000E+00    0.00000000E+00
    0.16605504E+02    0.00000000E+00    0.00000000E+00
    0.17373652E+02    0.00000000E+00    0.00000000E+00
    0.18195596E+02    0.00000000E+00    0.00000000E+00
    0.19084073E+02    0.00000000E+00    0.00000000E+00
    0.20061086E+02    0.00000000E+00    0.00000000E+00
    0.21170233E+02    0.00000000E+00    0.00000000E+00
    0.22526881E+02    0.00000000E+00    0.00000000E+00
    0.10342101E+02    0.00000000E+00    0.00000000E+00
    0.10348446E+02    0.00000000E+00    0.00000000E+00
    0.10399102E+02    0.00000000E+00    0.00000000E+00
    0.10499894E+02    0.00000000E+00    0.00000000E+00
    0.10649817E+02    0.00000000E+00    0.00000000E+00
    0.10847469E+02    0.00000000E+00    0.00000000E+00
    0.11091145E+02    0.00000000E+00    0.00000000E+00
    0.11378960E+02    0.00000000E+00    0.00000000E+00
    0.11708966E+02    0.00000000E+00    0.00000000E+00
    0.12079264E+02    0.00000000E+00    0.00000000E+00
    0.12488110E+02    0.00000000E+00    0.00000000E+00
    0.12933999E+02    0.00000000E+00    0.00000000E+00
    0.13415755E+02    0.00000000E+00    0.00000000E+00
    0.13932602E+02    0.00000000E+00    0.00000000E+00
    0.14484253E+02    0.00000000E+00    0.00000000E+00
    0.15071009E+02    0.00000000E+00    0.00000000E+00
    0.15693901E+02    0.00000000E+00    0.00000000E+00
    0.16354892E+02    0.00000000E+00    0.00000000E+00
    0.17057206E+02    0.00000000E+00    0.00000000E+00
    0.17805878E+02    0.00000000E+00    0.00000000E+00
    0.18608741E+02    0.00000000E+00    0.00000000E+00
    0.19478382E+02    0.00000000E+00    0.00000000E+00
    0.20436552E+02    0.00000000E+00    0.00000000E+00
    0.21526362E+02    0.00000000E+00    0.00000000E+00
    0.22861887E+02    0.00000000E+00    0.00000000E+00
    0.11124028E+02    0.00000000E+00    0.00000000E+00
    0.11129927E+02    0.00000000E+00    0.00000000E+00
    0.11177042E+02    0.00000000E+00    0.00000000E+00
    0.11270879E+02    0.00000000E+00    0.00000000E+00
    0.11410677E+02    0.00000000E+00    0.00000000E+00
    0.11595367E+02    0.00000000E+00    0.00000000E+00
    0.11823639E+02    0.00000000E+00    0.00000000E+00
    0.12094035E+02    0.00000000E+00    0.00000000E+00
    0.12405032E+02    0.00000000E+00    0.00000000E+00
    0.12755139E+02    0.00000000E+00    0.00000000E+00
    0.13142976E+02    0.00000000E+00    0.00000000E+00
    0.13567361E+02    0.00000000E+00    0.00000000E+00
    0.14027381E+02    0.00000000E+00    0.00000000E+00
    0.14522477E+02    0.00000000E+00    0.00000000E+00
    0.15052526E+02    0.00000000E+00    0.00000000E+00
    0.15617947E+02    0.00000000E+00    0.00000000E+00
    0.16219848E+02    0.00000000E+00    0.00000000E+00
    0.16860232E+02    0.00000000E+00    0.00000000E+00
    0.17542327E+02    0.00000000E+00    0.00000000E+00
    0.18271132E+02    0.00000000E+00    0.00000000E+00
    0.19054401E+02    0.00000000E+00    0.00000000E+00
    0.19904580E+02    0.00000000E+00    0.00000000E+00
    0.20843167E+02    0.00000000E+00    0.00000000E+00
    0.21912764E+02    0.00000000E+00    0.00000000E+00
    0.23226081E+02    0.00000000E+00    0.00000000E+00
    0.11928199E+02    0.00000000E+00    0.00000000E+00
    0.11933700E+02    0.00000000E+00    0.00000000E+00
    0.11977654E+02    0.00000000E+00    0.00000000E+00
    0.12065266E+02    0.00000000E+00    0.00000000E+00
    0.12195962E+02    0.00000000E+00    0.00000000E+00
    0.12368931E+02    0.00000000E+00    0.00000000E+00
    0.12583178E+02    0.00000000E+00    0.00000000E+00
    0.12837586E+02    0.00000000E+00    0.00000000E+00
    0.13130985E+02    0.00000000E+00    0.00000000E+00
    0.13462225E+02    0.00000000E+00    0.00000000E+00
    0.13830248E+02    0.00000000E+00    0.00000000E+00
    0.14234156E+02    0.00000000E+00    0.00000000E+00
    0.14673287E+02    0.00000000E+00    0.00000000E+00
    0.15147286E+02    0.00000000E+00    0.00000000E+00
    0.15656196E+02    0.00000000E+00    0.00000000E+00
    0.16200562E+02    0.00000000E+00    0.00000000E+00
    0.16781579E+02    0.00000000E+00    0.00000000E+00
    0.17401303E+02    0.00000000E+00    0.00000000E+00
    0.18062978E+02    0.00000000E+00    0.00000000E+00
    0.18771579E+02    0.00000000E+00    0.00000000E+00
    0.19534792E+02    0.00000000E+00    0.00000000E+00
    0.20364926E+02    0.00000000E+00    0.00000000E+00
    0.21283222E+02    0.00000000E+00    0.00000000E+00
    0.22331752E+02    0.00000000E+00    0.00000000E+00
    0.23621786E+02    0.00000000E+00    0.00000000E+00
    0.12759316E+02    0.00000000E+00    0.00000000E+00
    0.12764459E+02    0.00000000E+00    0.00000000E+00
    0.12805562E+02    0.00000000E+00    0.00000000E+00
    0.12887547E+02    0.00000000E+00    0.00000000E+00
    0.13009985E+02    0.00000000E+00    0.00000000E+00
    0.13172269E+02    0.00000000E+00    0.00000000E+00
    0.13373653E+02    0.00000000E+00    0.00000000E+00
    0.13613296E+02    0.00000000E+00    0.00000000E+00
    0.13890319E+02    0.00000000E+00    0.00000000E+00
    0.14203863E+02    0.00000000E+00    0.00000000E+00
    0.14553143E+02    0.00000000E+00    0.00000000E+00
    0.14937517E+02    0.00000000E+00    0.00000000E+00
    0.15356548E+02    0.00000000E+00    0.00000000E+00
    0.15810076E+02    0.00000000E+00    0.00000000E+00
    0.16298303E+02    0.00000000E+00    0.00000000E+00
    0.16821903E+02    0.00000000E+00    0.00000000E+00
    0.17382164E+02    0.00000000E+00    0.00000000E+00
    0.17981200E+02    0.00000000E+00    0.00000000E+00
    0.18622282E+02    0.00000000E+00    0.00000000E+00
    0.19310370E+02    0.00000000E+00    0.00000000E+00
    0.20053088E+02    0.00000000E+00    0.00000000E+00
    0.20862609E+02    0.00000000E+00    0.00000000E+00
    0.21759912E+02    0.00000000E+00    0.00000000E+00
    0.22786517E+02    0.00000000E+00    0.00000000E+00
    0.24052172E+02    0.00000000E+00    0.00000000E+00
    0.13623737E+02    0.00000000E+00    0.00000000E+00
    0.13628554E+02    0.00000000E+00    0.00000000E+00
    0.13667059E+02    0.00000000E+00    0.00000000E+00
    0.13743905E+02    0.00000000E+00    0.00000000E+00
    0.13858780E+02    0.00000000E+00    0.00000000E+00
    0.14011236E+02    0.00000000E+00    0.00000000E+00
    0.14200727E+02    0.00000000E+00    0.00000000E+00
    0.14426638E+02    0.00000000E+00    0.00000000E+00
    0.14688330E+02    0.00000000E+00    0.00000000E+00
    0.14985186E+02    0.00000000E+00    0.00000000E+00
    0.15316659E+02    0.00000000E+00    0.00000000E+00
    0.15682331E+02    0.00000000E+00    0.00000000E+00
    0.16081966E+02    0.00000000E+00    0.00000000E+00
    0.16515586E+02    0.00000000E+00    0.00000000E+00
    0.16983543E+02    0.00000000E+00    0.00000000E+00
    0.17486637E+02    0.00000000E+00    0.00000000E+00
    0.18026250E+02    0.00000000E+00    0.00000000E+00
    0.18604560E+02    0.00000000E+00    0.00000000E+00
    0.19224865E+02    0.00000000E+00    0.00000000E+00
    0.19892121E+02    0.00000000E+00    0.00000000E+00
    0.20613889E+02    0.00000000E+00    0.00000000E+00
    0.21402208E+02    0.00000000E+00    0.00000000E+00
    0.22277788E+02    0.00000000E+00    0.00000000E+00
    0.23281568E+02    0.00000000E+00    0.00000000E+00
    0.24521685E+02    0.00000000E+00    0.00000000E+00
    0.14530486E+02    0.00000000E+00    0.00000000E+00
    0.14535002E+02    0.00000000E+00    0.00000000E+00
    0.14571112E+02    0.00000000E+00    0.00000000E+00
    0.14643214E+02    0.00000000E+00    0.00000000E+00
    0.14751087E+02    0.00000000E+00    0.00000000E+00
    0.14894413E+02    0.00000000E+00    0.00000000E+00
    0.15072805E+02    0.00000000E+00    0.00000000E+00
    0.15285833E+02    0.00000000E+00    0.00000000E+00
    0.15533057E+02    0.00000000E+00    0.00000000E+00
    0.15814063E+02    0.00000000E+00    0.00000000E+00
    0.16128510E+02    0.00000000E+00    0.00000000E+00
    0.16476174E+02    0.00000000E+00    0.00000000E+00
    0.16857000E+02    0.00000000E+00    0.00000000E+00
    0.17271172E+02    0.00000000E+00    0.00000000E+00
    0.17719186E+02    0.00000000E+00    0.00000000E+00
    0.18201958E+02    0.00000000E+00    0.00000000E+00
    0.18720964E+02    0.00000000E+00    0.00000000E+00
    0.19278445E+02    0.00000000E+00    0.00000000E+00
    0.19877733E+02    0.00000000E+00    0.00000000E+00
    0.20523773E+02    0.00000000E+00    0.00000000E+00
    0.21224071E+02    0.00000000E+00    0.00000000E+00
    0.21990528E+02    0.00000000E+00    0.00000000E+00
    0.22843569E+02    0.00000000E+00    0.00000000E+00
    0.23823523E+02    0.00000000E+00    0.00000000E+00
    0.25036810E+02    0.00000000E+00    0.00000000E+00
    0.15493235E+02    0.00000000E+00    0.00000000E+00
    0.15497471E+02    0.00000000E+00    0.00000000E+00
    0.15531343E+02    0.00000000E+00    0.00000000E+00
    0.15599008E+02    0.00000000E+00    0.00000000E+00
    0.15700315E+02    0.00000000E+00    0.00000000E+00
    0.15835052E+02    0.00000000E+00    0.00000000E+00
    0.16002961E+02    0.00000000E+00    0.00000000E+00
    0.16203765E+02    0.00000000E+00    0.00000000E+00
    0.16437188E+02    0.00000000E+00    0.00000000E+00
    0.16702991E+02    0.00000000E+00    0.00000000E+00
    0.17001005E+02    0.00000000E+00    0.00000000E+00
    0.17331175E+02    0.00000000E+00    0.00000000E+00
    0.17693608E+02    0.00000000E+00    0.00000000E+00
    0.18088634E+02    0.00000000E+00    0.00000000E+00
    0.18516881E+02    0.00000000E+00    0.00000000E+00
    0.18979373E+02    0.00000000E+00    0.00000000E+00
    0.19477674E+02    0.00000000E+00    0.00000000E+00
    0.20014089E+02    0.00000000E+00    0.00000000E+00
    0.20591978E+02    0.00000000E+00    0.00000000E+00
    0.21216281E+02    0.00000000E+00    0.00000000E+00
    0.21894440E+02    0.00000000E+00    0.00000000E+00
    0.22638212E+02    0.00000000E+00    0.00000000E+00
    0.23467722E+02    0.00000000E+00    0.00000000E+00
    0.24422644E+02    0.00000000E+00    0.00000000E+00
    0.25607561E+02    0.00000000E+00    0.00000000E+00
    0.16534770E+02    0.00000000E+00    0.00000000E+00
    0.16538739E+02    0.00000000E+00    0.00000000E+00
    0.16570483E+02    0.00000000E+00    0.00000000E+00
    0.16633921E+02    0.00000000E+00    0.00000000E+00
    0.16728962E+02    0.00000000E+00    0.00000000E+00
    0.16855478E+02    0.00000000E+00    0.00000000E+00
    0.17013320E+02    0.00000000E+00    0.00000000E+00
    0.17202334E+02    0.00000000E+00    0.00000000E+00
    0.17422384E+02    0.00000000E+00    0.00000000E+00
    0.17673375E+02    0.00000000E+00    0.00000000E+00
    0.17955290E+02    0.00000000E+00    0.00000000E+00
    0.18268221E+02    0.00000000E+00    0.00000000E+00
    0.18612416E+02    0.00000000E+00    0.00000000E+00
    0.18988338E+02    0.00000000E+00    0.00000000E+00
    0.19396730E+02    0.00000000E+00    0.00000000E+00
    0.19838722E+02    0.00000000E+00    0.00000000E+00
    0.20315956E+02    0.00000000E+00    0.00000000E+00
    0.20830796E+02    0.00000000E+00    0.00000000E+00
    0.21386628E+02    0.00000000E+00    0.00000000E+00
    0.21988380E+02    0.00000000E+00    0.00000000E+00
    0.22643427E+02    0.00000000E+00    0.00000000E+00
    0.23363367E+02    0.00000000E+00    0.00000000E+00
    0.24168000E+02    0.00000000E+00    0.00000000E+00
    0.25096291E+02    0.00000000E+00    0.00000000E+00
    0.26250818E+02    0.00000000E+00    0.00000000E+00
    0.17699331E+02    0.00000000E+00    0.00000000E+00
    0.17703039E+02    0.00000000E+00    0.00000000E+00
    0.17732698E+02    0.00000000E+00    0.00000000E+00
    0.17791993E+02    0.00000000E+00    0.00000000E+00
    0.17880879E+02    0.00000000E+00    0.00000000E+00
    0.17999301E+02    0.00000000E+00    0.00000000E+00
    0.18147196E+02    0.00000000E+00    0.00000000E+00
    0.18324518E+02    0.00000000E+00    0.00000000E+00
    0.18531247E+02    0.00000000E+00    0.00000000E+00
    0.18767415E+02    0.00000000E+00    0.00000000E+00
    0.19033132E+02    0.00000000E+00    0.00000000E+00
    0.19328621E+02    0.00000000E+00    0.00000000E+00
    0.19654255E+02    0.00000000E+00    0.00000000E+00
    0.20010613E+02    0.00000000E+00    0.00000000E+00
    0.20398550E+02    0.00000000E+00    0.00000000E+00
    0.20819283E+02    0.00000000E+00    0.00000000E+00
    0.21274533E+02    0.00000000E+00    0.00000000E+00
    0.21766711E+02    0.00000000E+00    0.00000000E+00
    0.22299227E+02    0.00000000E+00    0.00000000E+00
    0.22876987E+02    0.00000000E+00    0.00000000E+00
    0.23507286E+02    0.00000000E+00    0.00000000E+00
    0.24201541E+02    0.00000000E+00    0.00000000E+00
    0.24979190E+02    0.00000000E+00    0.00000000E+00
    0.25878398E+02    0.00000000E+00    0.00000000E+00
    0.26999502E+02    0.00000000E+00    0.00000000E+00
    0.19102896E+02    0.00000000E+00    0.00000000E+00
    0.19106331E+02    0.00000000E+00    0.00000000E+00
    0.19133816E+02    0.00000000E+00    0.00000000E+00
    0.19188781E+02    0.00000000E+00    0.00000000E+00
    0.19271227E+02    0.00000000E+00    0.00000000E+00
    0.19381154E+02    0.00000000E+00    0.00000000E+00
    0.19518583E+02    0.00000000E+00    0.00000000E+00
    0.19683554E+02    0.00000000E+00    0.00000000E+00
    0.19876153E+02    0.00000000E+00    0.00000000E+00
    0.20096522E+02    0.00000000E+00    0.00000000E+00
    0.20344888E+02    0.00000000E+00    0.00000000E+00
    0.20621588E+02    0.00000000E+00    0.00000000E+00
    0.20927113E+02    0.00000000E+00    0.00000000E+00
    0.21262149E+02    0.00000000E+00    0.00000000E+00
    0.21627648E+02    0.00000000E+00    0.00000000E+00
    0.22024915E+02    0.00000000E+00    0.00000000E+00
    0.22455736E+02    0.00000000E+00    0.00000000E+00
    0.22922566E+02    0.00000000E+00    0.00000000E+00
    0.23428825E+02    0.00000000E+00    0.00000000E+00
    0.23979384E+02    0.00000000E+00    0.00000000E+00
    0.24581432E+02    0.00000000E+00    0.00000000E+00
    0.25246166E+02    0.00000000E+00    0.00000000E+00
    0.25992581E+02    0.00000000E+00    0.00000000E+00
    0.26857882E+02    0.00000000E+00    0.00000000E+00
    0.27939711E+02    0.00000000E+00    0.00000000E+00
