    0.25151651E-04    0.10166859E+02   -0.17479556E-04
    0.43065237E+00    0.10166859E+02   -0.29900415E+00
    0.12924095E+01    0.10166859E+02   -0.89048240E+00
    0.21555298E+01    0.10166859E+02   -0.14623026E+01
    0.30209432E+01    0.10166859E+02   -0.20011307E+01
    0.38896118E+01    0.10166859E+02   -0.24932803E+01
    0.47625446E+01    0.10166859E+02   -0.29245542E+01
    0.56408149E+01    0.10166859E+02   -0.32800647E+01
    0.65255794E+01    0.10166859E+02   -0.35443397E+01
    0.74181027E+01    0.10166859E+02   -0.37229067E+01
    0.83197865E+01    0.10166859E+02   -0.38469968E+01
    0.92322078E+01    0.10166859E+02   -0.39363243E+01
    0.10157167E+02    0.10166859E+02   -0.40024229E+01
    0.11096755E+02    0.10166859E+02   -0.40524041E+01
    0.12053439E+02    0.10166859E+02   -0.40908447E+01
    0.13030193E+02    0.10166859E+02   -0.41207967E+01
    0.14030675E+02    0.10166859E+02   -0.41443565E+01
    0.15059506E+02    0.10166859E+02   -0.41630008E+01
    0.16122698E+02    0.10166859E+02   -0.41777908E+01
    0.17228381E+02    0.10166859E+02   -0.41895011E+01
    0.18388090E+02    0.10166859E+02   -0.41987026E+01
    0.19619303E+02    0.10166859E+02   -0.42058141E+01
    0.20951141E+02    0.10166859E+02   -0.42111329E+01
    0.22440148E+02    0.10166859E+02   -0.42148393E+01
    0.24234557E+02    0.10166859E+02   -0.42169345E+01
    0.61103426E+00    0.10166859E+02   -0.42383474E+00
    0.74754554E+00    0.10166859E+02   -0.51802929E+00
    0.14295751E+01    0.10166859E+02   -0.98308729E+00
    0.22404624E+01    0.10166859E+02   -0.15169372E+01
    0.30821195E+01    0.10166859E+02   -0.20375510E+01
    0.39373141E+01    0.10166859E+02   -0.25186152E+01
    0.48015824E+01    0.10166859E+02   -0.29421327E+01
    0.56738131E+01    0.10166859E+02   -0.32916977E+01
    0.65541246E+01    0.10166859E+02   -0.35512268E+01
    0.74432258E+01    0.10166859E+02   -0.37270050E+01
    0.83421946E+01    0.10166859E+02   -0.38495629E+01
    0.92524064E+01    0.10166859E+02   -0.39379954E+01
    0.10175530E+02    0.10166859E+02   -0.40035449E+01
    0.11113565E+02    0.10166859E+02   -0.40531756E+01
    0.12068917E+02    0.10166859E+02   -0.40913847E+01
    0.13044512E+02    0.10166859E+02   -0.41211796E+01
    0.14043974E+02    0.10166859E+02   -0.41446302E+01
    0.15071897E+02    0.10166859E+02   -0.41631970E+01
    0.16134272E+02    0.10166859E+02   -0.41779310E+01
    0.17239213E+02    0.10166859E+02   -0.41896004E+01
    0.18398239E+02    0.10166859E+02   -0.41987715E+01
    0.19628815E+02    0.10166859E+02   -0.42058601E+01
    0.20960050E+02    0.10166859E+02   -0.42111615E+01
    0.22448466E+02    0.10166859E+02   -0.42148545E+01
    0.24242259E+02    0.10166859E+02   -0.42169389E+01
    0.14031807E+01    0.10166859E+02   -0.96531060E+00
    0.14677798E+01    0.10166859E+02   -0.10087804E+01
    0.19076788E+01    0.10166859E+02   -0.13010132E+01
    0.25720080E+01    0.10166859E+02   -0.17267792E+01
    0.33309179E+01    0.10166859E+02   -0.21830743E+01
    0.41349723E+01    0.10166859E+02   -0.26215233E+01
    0.49649519E+01    0.10166859E+02   -0.30139836E+01
    0.58127195E+01    0.10166859E+02   -0.33392084E+01
    0.66747361E+01    0.10166859E+02   -0.35793409E+01
    0.75496466E+01    0.10166859E+02   -0.37439024E+01
    0.84372842E+01    0.10166859E+02   -0.38602174E+01
    0.93382320E+01    0.10166859E+02   -0.39449694E+01
    0.10253632E+02    0.10166859E+02   -0.40082456E+01
    0.11185119E+02    0.10166859E+02   -0.40564169E+01
    0.12134839E+02    0.10166859E+02   -0.40936588E+01
    0.13105528E+02    0.10166859E+02   -0.41227948E+01
    0.14100666E+02    0.10166859E+02   -0.41457862E+01
    0.15124736E+02    0.10166859E+02   -0.41640266E+01
    0.16183643E+02    0.10166859E+02   -0.41785247E+01
    0.17285428E+02    0.10166859E+02   -0.41900209E+01
    0.18441550E+02    0.10166859E+02   -0.41990632E+01
    0.19669417E+02    0.10166859E+02   -0.42060550E+01
    0.20998077E+02    0.10166859E+02   -0.42112827E+01
    0.22483976E+02    0.10166859E+02   -0.42149186E+01
    0.24275146E+02    0.10166859E+02   -0.42169573E+01
    0.22014476E+01    0.10166859E+02   -0.14918823E+01
    0.22431748E+01    0.10166859E+02   -0.15186764E+01
    0.25527816E+01    0.10166859E+02   -0.17147681E+01
    0.30810194E+01    0.10166859E+02   -0.20368982E+01
    0.37379767E+01    0.10166859E+02   -0.24114996E+01
    0.44693905E+01    0.10166859E+02   -0.27876747E+01
    0.52467326E+01    0.10166859E+02   -0.31311961E+01
    0.60551766E+01    0.10166859E+02   -0.34163524E+01
    0.68869121E+01    0.10166859E+02   -0.36251964E+01
    0.77378691E+01    0.10166859E+02   -0.37720538E+01
    0.86061152E+01    0.10166859E+02   -0.38782387E+01
    0.94910501E+01    0.10166859E+02   -0.39568977E+01
    0.10392999E+02    0.10166859E+02   -0.40163533E+01
    0.11313017E+02    0.10166859E+02   -0.40620438E+01
    0.12252827E+02    0.10166859E+02   -0.40976263E+01
    0.13214852E+02    0.10166859E+02   -0.41256241E+01
    0.14202332E+02    0.10166859E+02   -0.41478176E+01
    0.15219563E+02    0.10166859E+02   -0.41654881E+01
    0.16272300E+02    0.10166859E+02   -0.41795724E+01
    0.17368462E+02    0.10166859E+02   -0.41907641E+01
    0.18519401E+02    0.10166859E+02   -0.41995793E+01
    0.19742427E+02    0.10166859E+02   -0.42063998E+01
    0.21066483E+02    0.10166859E+02   -0.42114968E+01
    0.22547874E+02    0.10166859E+02   -0.42150313E+01
    0.24334341E+02    0.10166859E+02   -0.42169888E+01
    0.30030667E+01    0.10166859E+02   -0.19904423E+01
    0.30337883E+01    0.10166859E+02   -0.20087980E+01
    0.32693626E+01    0.10166859E+02   -0.21474683E+01
    0.36965820E+01    0.10166859E+02   -0.23888517E+01
    0.42596370E+01    0.10166859E+02   -0.26846611E+01
    0.49140095E+01    0.10166859E+02   -0.29918787E+01
    0.56302967E+01    0.10166859E+02   -0.32763290E+01
    0.63903992E+01    0.10166859E+02   -0.35104393E+01
    0.71834251E+01    0.10166859E+02   -0.36824681E+01
    0.80029155E+01    0.10166859E+02   -0.38082837E+01
    0.88451827E+01    0.10166859E+02   -0.39019442E+01
    0.97083506E+01    0.10166859E+02   -0.39728467E+01
    0.10591811E+02    0.10166859E+02   -0.40273300E+01
    0.11495929E+02    0.10166859E+02   -0.40697358E+01
    0.12421909E+02    0.10166859E+02   -0.41030913E+01
    0.13371774E+02    0.10166859E+02   -0.41295447E+01
    0.14348459E+02    0.10166859E+02   -0.41506460E+01
    0.15356013E+02    0.10166859E+02   -0.41675307E+01
    0.16399994E+02    0.10166859E+02   -0.41810411E+01
    0.17488154E+02    0.10166859E+02   -0.41918080E+01
    0.18631700E+02    0.10166859E+02   -0.42003051E+01
    0.19847807E+02    0.10166859E+02   -0.42068848E+01
    0.21165272E+02    0.10166859E+02   -0.42117973E+01
    0.22640200E+02    0.10166859E+02   -0.42151885E+01
    0.24419914E+02    0.10166859E+02   -0.42170307E+01
    0.38082641E+01    0.10166859E+02   -0.24496406E+01
    0.38325366E+01    0.10166859E+02   -0.24627188E+01
    0.40215914E+01    0.10166859E+02   -0.25629052E+01
    0.43759781E+01    0.10166859E+02   -0.27423062E+01
    0.48609642E+01    0.10166859E+02   -0.29685713E+01
    0.54435241E+01    0.10166859E+02   -0.32077974E+01
    0.60979264E+01    0.10166859E+02   -0.34291731E+01
    0.68060023E+01    0.10166859E+02   -0.36082253E+01
    0.75555318E+01    0.10166859E+02   -0.37448156E+01
    0.83385324E+01    0.10166859E+02   -0.38491450E+01
    0.91499575E+01    0.10166859E+02   -0.39293988E+01
    0.99868181E+01    0.10166859E+02   -0.39916960E+01
    0.10847623E+02    0.10166859E+02   -0.40405078E+01
    0.11732044E+02    0.10166859E+02   -0.40790848E+01
    0.12640739E+02    0.10166859E+02   -0.41097989E+01
    0.13575302E+02    0.10166859E+02   -0.41343945E+01
    0.14538319E+02    0.10166859E+02   -0.41541666E+01
    0.15533563E+02    0.10166859E+02   -0.41700856E+01
    0.16566359E+02    0.10166859E+02   -0.41828851E+01
    0.17644262E+02    0.10166859E+02   -0.41931222E+01
    0.18778305E+02    0.10166859E+02   -0.42012203E+01
    0.19985492E+02    0.10166859E+02   -0.42074963E+01
    0.21294440E+02    0.10166859E+02   -0.42121753E+01
    0.22761000E+02    0.10166859E+02   -0.42153841E+01
    0.24531952E+02    0.10166859E+02   -0.42170791E+01
    0.46177598E+01    0.10166859E+02   -0.28580124E+01
    0.46377977E+01    0.10166859E+02   -0.28673466E+01
    0.47952088E+01    0.10166859E+02   -0.29392734E+01
    0.50960783E+01    0.10166859E+02   -0.30696068E+01
    0.55181341E+01    0.10166859E+02   -0.32356689E+01
    0.60376142E+01    0.10166859E+02   -0.34110167E+01
    0.66336669E+01    0.10166859E+02   -0.35699430E+01
    0.72898901E+01    0.10166859E+02   -0.37013098E+01
    0.79941786E+01    0.10166859E+02   -0.38071484E+01
    0.87379604E+01    0.10166859E+02   -0.38915630E+01
    0.95153851E+01    0.10166859E+02   -0.39587415E+01
    0.10322663E+02    0.10166859E+02   -0.40123056E+01
    0.11157587E+02    0.10166859E+02   -0.40551778E+01
    0.12019221E+02    0.10166859E+02   -0.40896426E+01
    0.12907715E+02    0.10166859E+02   -0.41174613E+01
    0.13824241E+02    0.10166859E+02   -0.41399861E+01
    0.14771038E+02    0.10166859E+02   -0.41582558E+01
    0.15751585E+02    0.10166859E+02   -0.41730708E+01
    0.16770960E+02    0.10166859E+02   -0.41850493E+01
    0.17836502E+02    0.10166859E+02   -0.41946696E+01
    0.18959049E+02    0.10166859E+02   -0.42022997E+01
    0.20155415E+02    0.10166859E+02   -0.42082173E+01
    0.21453998E+02    0.10166859E+02   -0.42126191E+01
    0.22910346E+02    0.10166859E+02   -0.42156105E+01
    0.24670579E+02    0.10166859E+02   -0.42171292E+01
    0.54324561E+01    0.10166859E+02   -0.32036074E+01
    0.54494991E+01    0.10166859E+02   -0.32100535E+01
    0.55840757E+01    0.10166859E+02   -0.32597553E+01
    0.58444750E+01    0.10166859E+02   -0.33497349E+01
    0.62159213E+01    0.10166859E+02   -0.34633174E+01
    0.66813665E+01    0.10166859E+02   -0.35808416E+01
    0.72245007E+01    0.10166859E+02   -0.36898386E+01
    0.78313710E+01    0.10166859E+02   -0.37852685E+01
    0.84908636E+01    0.10166859E+02   -0.38660578E+01
    0.91945542E+01    0.10166859E+02   -0.39331780E+01
    0.99363186E+01    0.10166859E+02   -0.39884024E+01
    0.10711920E+02    0.10166859E+02   -0.40336446E+01
    0.11518664E+02    0.10166859E+02   -0.40706638E+01
    0.12355143E+02    0.10166859E+02   -0.41009637E+01
    0.13221081E+02    0.10166859E+02   -0.41257828E+01
    0.14117277E+02    0.10166859E+02   -0.41461218E+01
    0.15045645E+02    0.10166859E+02   -0.41627806E+01
    0.16009381E+02    0.10166859E+02   -0.41763959E+01
    0.17013317E+02    0.10166859E+02   -0.41874723E+01
    0.18064570E+02    0.10166859E+02   -0.41964080E+01
    0.19173769E+02    0.10166859E+02   -0.42035144E+01
    0.20357520E+02    0.10166859E+02   -0.42090280E+01
    0.21643981E+02    0.10166859E+02   -0.42131153E+01
    0.23088348E+02    0.10166859E+02   -0.42158586E+01
    0.24835969E+02    0.10166859E+02   -0.42171749E+01
    0.62533779E+01    0.10166859E+02   -0.34737707E+01
    0.62681893E+01    0.10166859E+02   -0.34778525E+01
    0.63855350E+01    0.10166859E+02   -0.35091785E+01
    0.66144572E+01    0.10166859E+02   -0.35654859E+01
    0.69448422E+01    0.10166859E+02   -0.36369774E+01
    0.73643611E+01    0.10166859E+02   -0.37139949E+01
    0.78604431E+01    0.10166859E+02   -0.37892786E+01
    0.84216107E+01    0.10166859E+02   -0.38584870E+01
    0.90381371E+01    0.10166859E+02   -0.39196630E+01
    0.97022153E+01    0.10166859E+02   -0.39724119E+01
    0.10407862E+02    0.10166859E+02   -0.40171974E+01
    0.11150713E+02    0.10166859E+02   -0.40548668E+01
    0.11927815E+02    0.10166859E+02   -0.40863743E+01
    0.12737453E+02    0.10166859E+02   -0.41126386E+01
    0.13579033E+02    0.10166859E+02   -0.41344810E+01
    0.14453051E+02    0.10166859E+02   -0.41526065E+01
    0.15361139E+02    0.10166859E+02   -0.41676061E+01
    0.16306240E+02    0.10166859E+02   -0.41799674E+01
    0.17292950E+02    0.10166859E+02   -0.41900889E+01
    0.18328171E+02    0.10166859E+02   -0.41982923E+01
    0.19422322E+02    0.10166859E+02   -0.42048329E+01
    0.20591789E+02    0.10166859E+02   -0.42099066E+01
    0.21864470E+02    0.10166859E+02   -0.42136488E+01
    0.23295171E+02    0.10166859E+02   -0.42161180E+01
    0.25028354E+02    0.10166859E+02   -0.42172095E+01
    0.70816703E+01    0.10166859E+02   -0.36636408E+01
    0.70947527E+01    0.10166859E+02   -0.36661079E+01
    0.71986371E+01    0.10166859E+02   -0.36852128E+01
    0.74024566E+01    0.10166859E+02   -0.37203327E+01
    0.76991008E+01    0.10166859E+02   -0.37664287E+01
    0.80795504E+01    0.10166859E+02   -0.38180800E+01
    0.85341599E+01    0.10166859E+02   -0.38706940E+01
    0.90536648E+01    0.10166859E+02   -0.39210376E+01
    0.96298100E+01    0.10166859E+02   -0.39672138E+01
    0.10255647E+02    0.10166859E+02   -0.40083654E+01
    0.10925608E+02    0.10166859E+02   -0.40443271E+01
    0.11635451E+02    0.10166859E+02   -0.40753363E+01
    0.12382169E+02    0.10166859E+02   -0.41018296E+01
    0.13163891E+02    0.10166859E+02   -0.41243154E+01
    0.13979823E+02    0.10166859E+02   -0.41433015E+01
    0.14830239E+02    0.10166859E+02   -0.41592581E+01
    0.15716549E+02    0.10166859E+02   -0.41726020E+01
    0.16641477E+02    0.10166859E+02   -0.41836927E+01
    0.17609413E+02    0.10166859E+02   -0.41928334E+01
    0.18627055E+02    0.10166859E+02   -0.42002755E+01
    0.19704616E+02    0.10166859E+02   -0.42062222E+01
    0.20858262E+02    0.10166859E+02   -0.42108295E+01
    0.22115614E+02    0.10166859E+02   -0.42142031E+01
    0.23531050E+02    0.10166859E+02   -0.42163773E+01
    0.25248046E+02    0.10166859E+02   -0.42172253E+01
    0.79186163E+01    0.10166859E+02   -0.37971666E+01
    0.79303181E+01    0.10166859E+02   -0.37987317E+01
    0.80233912E+01    0.10166859E+02   -0.38109296E+01
    0.82067529E+01    0.10166859E+02   -0.38337185E+01
    0.84752924E+01    0.10166859E+02   -0.38643723E+01
    0.88223332E+01    0.10166859E+02   -0.38997650E+01
    0.92404716E+01    0.10166859E+02   -0.39370094E+01
    0.97223082E+01    0.10166859E+02   -0.39738327E+01
    0.10260978E+02    0.10166859E+02   -0.40086818E+01
    0.10850471E+02    0.10166859E+02   -0.40406489E+01
    0.11485788E+02    0.10166859E+02   -0.40693199E+01
    0.12162983E+02    0.10166859E+02   -0.40946169E+01
    0.12879151E+02    0.10166859E+02   -0.41166675E+01
    0.13632405E+02    0.10166859E+02   -0.41357094E+01
    0.14421854E+02    0.10166859E+02   -0.41520273E+01
    0.15247637E+02    0.10166859E+02   -0.41659141E+01
    0.16111001E+02    0.10166859E+02   -0.41776486E+01
    0.17014500E+02    0.10166859E+02   -0.41874837E+01
    0.17962346E+02    0.10166859E+02   -0.41956416E+01
    0.18961055E+02    0.10166859E+02   -0.42023113E+01
    0.20020648E+02    0.10166859E+02   -0.42076485E+01
    0.21157068E+02    0.10166859E+02   -0.42117728E+01
    0.22397652E+02    0.10166859E+02   -0.42147610E+01
    0.23796318E+02    0.10166859E+02   -0.42166244E+01
    0.25495456E+02    0.10166859E+02   -0.42172138E+01
    0.87656672E+01    0.10166859E+02   -0.38942837E+01
    0.87762397E+01    0.10166859E+02   -0.38953148E+01
    0.88604314E+01    0.10166859E+02   -0.39033887E+01
    0.90268062E+01    0.10166859E+02   -0.39186553E+01
    0.92716244E+01    0.10166859E+02   -0.39395747E+01
    0.95898906E+01    0.10166859E+02   -0.39642945E+01
    0.99759086E+01    0.10166859E+02   -0.39909890E+01
    0.10423805E+02    0.10166859E+02   -0.40180986E+01
    0.10927951E+02    0.10166859E+02   -0.40444405E+01
    0.11483256E+02    0.10166859E+02   -0.40692159E+01
    0.12085354E+02    0.10166859E+02   -0.40919556E+01
    0.12730695E+02    0.10166859E+02   -0.41124426E+01
    0.13416593E+02    0.10166859E+02   -0.41306351E+01
    0.14141248E+02    0.10166859E+02   -0.41466035E+01
    0.14903769E+02    0.10166859E+02   -0.41604822E+01
    0.15704231E+02    0.10166859E+02   -0.41724362E+01
    0.16543784E+02    0.10166859E+02   -0.41826393E+01
    0.17424857E+02    0.10166859E+02   -0.41912599E+01
    0.18351521E+02    0.10166859E+02   -0.41984529E+01
    0.19330133E+02    0.10166859E+02   -0.42043545E+01
    0.20370537E+02    0.10166859E+02   -0.42090785E+01
    0.21488461E+02    0.10166859E+02   -0.42127117E+01
    0.22710950E+02    0.10166859E+02   -0.42153045E+01
    0.24091434E+02    0.10166859E+02   -0.42168463E+01
    0.25771121E+02    0.10166859E+02   -0.42171659E+01
    0.96244865E+01    0.10166859E+02   -0.39668267E+01
    0.96341165E+01    0.10166859E+02   -0.39675265E+01
    0.97108734E+01    0.10166859E+02   -0.39730253E+01
    0.98629128E+01    0.10166859E+02   -0.39835184E+01
    0.10087459E+02    0.10166859E+02   -0.39981035E+01
    0.10380743E+02    0.10166859E+02   -0.40156544E+01
    0.10738369E+02    0.10166859E+02   -0.40350044E+01
    0.11155695E+02    0.10166859E+02   -0.40550923E+01
    0.11628152E+02    0.10166859E+02   -0.40750489E+01
    0.12151501E+02    0.10166859E+02   -0.40942270E+01
    0.12722012E+02    0.10166859E+02   -0.41121902E+01
    0.13336581E+02    0.10166859E+02   -0.41286795E+01
    0.13992812E+02    0.10166859E+02   -0.41435723E+01
    0.14689068E+02    0.10166859E+02   -0.41568430E+01
    0.15424531E+02    0.10166859E+02   -0.41685302E+01
    0.16199280E+02    0.10166859E+02   -0.41787112E+01
    0.17014423E+02    0.10166859E+02   -0.41874830E+01
    0.17872310E+02    0.10166859E+02   -0.41949494E+01
    0.18776904E+02    0.10166859E+02   -0.42012117E+01
    0.19734433E+02    0.10166859E+02   -0.42063624E+01
    0.20754580E+02    0.10166859E+02   -0.42104798E+01
    0.21852866E+02    0.10166859E+02   -0.42136218E+01
    0.23056042E+02    0.10166859E+02   -0.42158153E+01
    0.24417023E+02    0.10166859E+02   -0.42170293E+01
    0.26075746E+02    0.10166859E+02   -0.42170717E+01
    0.10497009E+02    0.10166859E+02   -0.40221796E+01
    0.10505839E+02    0.10166859E+02   -0.40226657E+01
    0.10576271E+02    0.10166859E+02   -0.40264960E+01
    0.10716039E+02    0.10166859E+02   -0.40338571E+01
    0.10923062E+02    0.10166859E+02   -0.40442038E+01
    0.11194475E+02    0.10166859E+02   -0.40568357E+01
    0.11526883E+02    0.10166859E+02   -0.40709977E+01
    0.11916626E+02    0.10166859E+02   -0.40859684E+01
    0.12360031E+02    0.10166859E+02   -0.41011208E+01
    0.12853616E+02    0.10166859E+02   -0.41159528E+01
    0.13394254E+02    0.10166859E+02   -0.41300932E+01
    0.13979301E+02    0.10166859E+02   -0.41432906E+01
    0.14606685E+02    0.10166859E+02   -0.41553931E+01
    0.15274985E+02    0.10166859E+02   -0.41663262E+01
    0.15983510E+02    0.10166859E+02   -0.41760719E+01
    0.16732398E+02    0.10166859E+02   -0.41846499E+01
    0.17522758E+02    0.10166859E+02   -0.41921039E+01
    0.18356903E+02    0.10166859E+02   -0.41984898E+01
    0.19238726E+02    0.10166859E+02   -0.42038679E+01
    0.20174348E+02    0.10166859E+02   -0.42082954E+01
    0.21173310E+02    0.10166859E+02   -0.42118214E+01
    0.22250938E+02    0.10166859E+02   -0.42144791E+01
    0.23433683E+02    0.10166859E+02   -0.42162749E+01
    0.24773927E+02    0.10166859E+02   -0.42171595E+01
    0.26410244E+02    0.10166859E+02   -0.42169207E+01
    0.11385522E+02    0.10166859E+02   -0.40651417E+01
    0.11393664E+02    0.10166859E+02   -0.40654856E+01
    0.11458640E+02    0.10166859E+02   -0.40682006E+01
    0.11587771E+02    0.10166859E+02   -0.40734475E+01
    0.11779483E+02    0.10166859E+02   -0.40808884E+01
    0.12031592E+02    0.10166859E+02   -0.40900785E+01
    0.12341473E+02    0.10166859E+02   -0.41005232E+01
    0.12706255E+02    0.10166859E+02   -0.41117307E+01
    0.13123007E+02    0.10166859E+02   -0.41232526E+01
    0.13588906E+02    0.10166859E+02   -0.41347095E+01
    0.14101382E+02    0.10166859E+02   -0.41458007E+01
    0.14658232E+02    0.10166859E+02   -0.41563038E+01
    0.15257725E+02    0.10166859E+02   -0.41660665E+01
    0.15898682E+02    0.10166859E+02   -0.41749944E+01
    0.16580577E+02    0.10166859E+02   -0.41830391E+01
    0.17303643E+02    0.10166859E+02   -0.41901853E+01
    0.18069033E+02    0.10166859E+02   -0.41964410E+01
    0.18879058E+02    0.10166859E+02   -0.42018285E+01
    0.19737566E+02    0.10166859E+02   -0.42063771E+01
    0.20650599E+02    0.10166859E+02   -0.42101171E+01
    0.21627574E+02    0.10166859E+02   -0.42130738E+01
    0.22683632E+02    0.10166859E+02   -0.42152602E+01
    0.23844925E+02    0.10166859E+02   -0.42166648E+01
    0.25163274E+02    0.10166859E+02   -0.42172221E+01
    0.26775808E+02    0.10166859E+02   -0.42167016E+01
    0.12292786E+02    0.10166859E+02   -0.40989409E+01
    0.12300327E+02    0.10166859E+02   -0.40991874E+01
    0.12360538E+02    0.10166859E+02   -0.41011371E+01
    0.12480340E+02    0.10166859E+02   -0.41049217E+01
    0.12658542E+02    0.10166859E+02   -0.41103272E+01
    0.12893473E+02    0.10166859E+02   -0.41170663E+01
    0.13183111E+02    0.10166859E+02   -0.41248110E+01
    0.13525212E+02    0.10166859E+02   -0.41332248E+01
    0.13917463E+02    0.10166859E+02   -0.41419886E+01
    0.14357605E+02    0.10166859E+02   -0.41508196E+01
    0.14843565E+02    0.10166859E+02   -0.41594816E+01
    0.15373556E+02    0.10166859E+02   -0.41677883E+01
    0.15946179E+02    0.10166859E+02   -0.41756005E+01
    0.16560512E+02    0.10166859E+02   -0.41828215E+01
    0.17216213E+02    0.10166859E+02   -0.41893893E+01
    0.17913641E+02    0.10166859E+02   -0.41952691E+01
    0.18654019E+02    0.10166859E+02   -0.42004468E+01
    0.19439683E+02    0.10166859E+02   -0.42049216E+01
    0.20274466E+02    0.10166859E+02   -0.42087009E+01
    0.21164349E+02    0.10166859E+02   -0.42117946E+01
    0.22118644E+02    0.10166859E+02   -0.42142094E+01
    0.23152313E+02    0.10166859E+02   -0.42159420E+01
    0.24291210E+02    0.10166859E+02   -0.42169661E+01
    0.25586575E+02    0.10166859E+02   -0.42172020E+01
    0.27174001E+02    0.10166859E+02   -0.42164021E+01
    0.13222196E+02    0.10166859E+02   -0.41258112E+01
    0.13229208E+02    0.10166859E+02   -0.41259895E+01
    0.13285210E+02    0.10166859E+02   -0.41274021E+01
    0.13396745E+02    0.10166859E+02   -0.41301538E+01
    0.13562912E+02    0.10166859E+02   -0.41341066E+01
    0.13782437E+02    0.10166859E+02   -0.41390722E+01
    0.14053765E+02    0.10166859E+02   -0.41448310E+01
    0.14375162E+02    0.10166859E+02   -0.41511516E+01
    0.14744818E+02    0.10166859E+02   -0.41578071E+01
    0.15160961E+02    0.10166859E+02   -0.41645891E+01
    0.15621950E+02    0.10166859E+02   -0.41713156E+01
    0.16126380E+02    0.10166859E+02   -0.41778354E+01
    0.16673168E+02    0.10166859E+02   -0.41840288E+01
    0.17261647E+02    0.10166859E+02   -0.41898052E+01
    0.17891671E+02    0.10166859E+02   -0.41950996E+01
    0.18563739E+02    0.10166859E+02   -0.41998685E+01
    0.19279168E+02    0.10166859E+02   -0.42040847E+01
    0.20040339E+02    0.10166859E+02   -0.42077331E+01
    0.20851088E+02    0.10166859E+02   -0.42108057E+01
    0.21717357E+02    0.10166859E+02   -0.42132978E+01
    0.22648363E+02    0.10166859E+02   -0.42152021E+01
    0.23658899E+02    0.10166859E+02   -0.42165022E+01
    0.24774519E+02    0.10166859E+02   -0.42171597E+01
    0.26045858E+02    0.10166859E+02   -0.42170828E+01
    0.27606888E+02    0.10166859E+02   -0.42160086E+01
    0.14178047E+02    0.10166859E+02   -0.41473372E+01
    0.14184586E+02    0.10166859E+02   -0.41474668E+01
    0.14236830E+02    0.10166859E+02   -0.41484949E+01
    0.14340966E+02    0.10166859E+02   -0.41505036E+01
    0.14496313E+02    0.10166859E+02   -0.41534023E+01
    0.14701908E+02    0.10166859E+02   -0.41570662E+01
    0.14956565E+02    0.10166859E+02   -0.41613472E+01
    0.15258958E+02    0.10166859E+02   -0.41660851E+01
    0.15607697E+02    0.10166859E+02   -0.41711191E+01
    0.16001414E+02    0.10166859E+02   -0.41762964E+01
    0.16438852E+02    0.10166859E+02   -0.41814787E+01
    0.16918944E+02    0.10166859E+02   -0.41865464E+01
    0.17440902E+02    0.10166859E+02   -0.41913997E+01
    0.18004304E+02    0.10166859E+02   -0.41959586E+01
    0.18609202E+02    0.10166859E+02   -0.42001615E+01
    0.19256244E+02    0.10166859E+02   -0.42039621E+01
    0.19946851E+02    0.10166859E+02   -0.42073272E+01
    0.20683465E+02    0.10166859E+02   -0.42102331E+01
    0.21469942E+02    0.10166859E+02   -0.42126621E+01
    0.22312197E+02    0.10166859E+02   -0.42145990E+01
    0.23219364E+02    0.10166859E+02   -0.42160264E+01
    0.24206074E+02    0.10166859E+02   -0.42169180E+01
    0.25297575E+02    0.10166859E+02   -0.42172254E+01
    0.26543874E+02    0.10166859E+02   -0.42168470E+01
    0.28077229E+02    0.10166859E+02   -0.42155058E+01
    0.15165926E+02    0.10166859E+02   -0.41646657E+01
    0.15172039E+02    0.10166859E+02   -0.41647600E+01
    0.15220894E+02    0.10166859E+02   -0.41655084E+01
    0.15318342E+02    0.10166859E+02   -0.41669738E+01
    0.15463874E+02    0.10166859E+02   -0.41690964E+01
    0.15656768E+02    0.10166859E+02   -0.41717926E+01
    0.15896136E+02    0.10166859E+02   -0.41749617E+01
    0.16180979E+02    0.10166859E+02   -0.41784928E+01
    0.16510254E+02    0.10166859E+02   -0.41822718E+01
    0.16882937E+02    0.10166859E+02   -0.41861873E+01
    0.17298097E+02    0.10166859E+02   -0.41901353E+01
    0.17754970E+02    0.10166859E+02   -0.41940227E+01
    0.18253037E+02    0.10166859E+02   -0.41977684E+01
    0.18792107E+02    0.10166859E+02   -0.42013046E+01
    0.19372421E+02    0.10166859E+02   -0.42045755E+01
    0.19994780E+02    0.10166859E+02   -0.42075367E+01
    0.20660715E+02    0.10166859E+02   -0.42101529E+01
    0.21372740E+02    0.10166859E+02   -0.42123962E+01
    0.22134739E+02    0.10166859E+02   -0.42142431E+01
    0.22952612E+02    0.10166859E+02   -0.42156715E+01
    0.23835418E+02    0.10166859E+02   -0.42166570E+01
    0.24797628E+02    0.10166859E+02   -0.42171656E+01
    0.25864176E+02    0.10166859E+02   -0.42171416E+01
    0.27084415E+02    0.10166859E+02   -0.42164748E+01
    0.28588793E+02    0.10166859E+02   -0.42148758E+01
    0.16193390E+02    0.10166859E+02   -0.41786410E+01
    0.16199116E+02    0.10166859E+02   -0.41787092E+01
    0.16244883E+02    0.10166859E+02   -0.41792509E+01
    0.16336224E+02    0.10166859E+02   -0.41803135E+01
    0.16472765E+02    0.10166859E+02   -0.41818572E+01
    0.16653978E+02    0.10166859E+02   -0.41838256E+01
    0.16879210E+02    0.10166859E+02   -0.41861499E+01
    0.17147731E+02    0.10166859E+02   -0.41887533E+01
    0.17458782E+02    0.10166859E+02   -0.41915548E+01
    0.17811629E+02    0.10166859E+02   -0.41944737E+01
    0.18205624E+02    0.10166859E+02   -0.41974325E+01
    0.18640267E+02    0.10166859E+02   -0.42003596E+01
    0.19115280E+02    0.10166859E+02   -0.42031906E+01
    0.19630687E+02    0.10166859E+02   -0.42058691E+01
    0.20186909E+02    0.10166859E+02   -0.42083470E+01
    0.20784894E+02    0.10166859E+02   -0.42105833E+01
    0.21426286E+02    0.10166859E+02   -0.42125438E+01
    0.22113675E+02    0.10166859E+02   -0.42141990E+01
    0.22850980E+02    0.10166859E+02   -0.42155225E+01
    0.23644090E+02    0.10166859E+02   -0.42164883E+01
    0.24501995E+02    0.10166859E+02   -0.42170669E+01
    0.25439004E+02    0.10166859E+02   -0.42172191E+01
    0.26479732E+02    0.10166859E+02   -0.42168834E+01
    0.27672841E+02    0.10166859E+02   -0.42159427E+01
    0.29146864E+02    0.10166859E+02   -0.42140966E+01
    0.17271166E+02    0.10166859E+02   -0.41898917E+01
    0.17276534E+02    0.10166859E+02   -0.41899404E+01
    0.17319454E+02    0.10166859E+02   -0.41903274E+01
    0.17405157E+02    0.10166859E+02   -0.41910875E+01
    0.17533376E+02    0.10166859E+02   -0.41921941E+01
    0.17703736E+02    0.10166859E+02   -0.41936091E+01
    0.17915775E+02    0.10166859E+02   -0.41952856E+01
    0.18168984E+02    0.10166859E+02   -0.41971700E+01
    0.18462837E+02    0.10166859E+02   -0.41992054E+01
    0.18796846E+02    0.10166859E+02   -0.42013335E+01
    0.19170603E+02    0.10166859E+02   -0.42034970E+01
    0.19583841E+02    0.10166859E+02   -0.42056415E+01
    0.20036497E+02    0.10166859E+02   -0.42077166E+01
    0.20528788E+02    0.10166859E+02   -0.42096766E+01
    0.21061305E+02    0.10166859E+02   -0.42114807E+01
    0.21635136E+02    0.10166859E+02   -0.42130929E+01
    0.22252034E+02    0.10166859E+02   -0.42144813E+01
    0.22914665E+02    0.10166859E+02   -0.42156168E+01
    0.23626988E+02    0.10166859E+02   -0.42164721E+01
    0.24394882E+02    0.10166859E+02   -0.42170189E+01
    0.25227268E+02    0.10166859E+02   -0.42172248E+01
    0.26138290E+02    0.10166859E+02   -0.42170472E+01
    0.27152228E+02    0.10166859E+02   -0.42164200E+01
    0.28317017E+02    0.10166859E+02   -0.42152209E+01
    0.29759149E+02    0.10166859E+02   -0.42131396E+01
    0.18415505E+02    0.10166859E+02   -0.41988882E+01
    0.18420540E+02    0.10166859E+02   -0.41989221E+01
    0.18460800E+02    0.10166859E+02   -0.41991918E+01
    0.18541228E+02    0.10166859E+02   -0.41997221E+01
    0.18661643E+02    0.10166859E+02   -0.42004950E+01
    0.18821793E+02    0.10166859E+02   -0.42014849E+01
    0.19021374E+02    0.10166859E+02   -0.42026597E+01
    0.19260052E+02    0.10166859E+02   -0.42039825E+01
    0.19537503E+02    0.10166859E+02   -0.42054133E+01
    0.19853440E+02    0.10166859E+02   -0.42069103E+01
    0.20207664E+02    0.10166859E+02   -0.42084317E+01
    0.20600109E+02    0.10166859E+02   -0.42099366E+01
    0.21030903E+02    0.10166859E+02   -0.42113860E+01
    0.21500437E+02    0.10166859E+02   -0.42127436E+01
    0.22009458E+02    0.10166859E+02   -0.42139756E+01
    0.22559184E+02    0.10166859E+02   -0.42150509E+01
    0.23151473E+02    0.10166859E+02   -0.42159410E+01
    0.23789063E+02    0.10166859E+02   -0.42166183E+01
    0.24475952E+02    0.10166859E+02   -0.42170558E+01
    0.25218008E+02    0.10166859E+02   -0.42172246E+01
    0.26024079E+02    0.10166859E+02   -0.42170907E+01
    0.26908137E+02    0.10166859E+02   -0.42166090E+01
    0.27894106E+02    0.10166859E+02   -0.42157105E+01
    0.29029142E+02    0.10166859E+02   -0.42142686E+01
    0.30437552E+02    0.10166859E+02   -0.42119645E+01
    0.19653490E+02    0.10166859E+02   -0.42059788E+01
    0.19658208E+02    0.10166859E+02   -0.42060014E+01
    0.19695938E+02    0.10166859E+02   -0.42061811E+01
    0.19771342E+02    0.10166859E+02   -0.42065344E+01
    0.19884310E+02    0.10166859E+02   -0.42070494E+01
    0.20034689E+02    0.10166859E+02   -0.42077089E+01
    0.20222302E+02    0.10166859E+02   -0.42084912E+01
    0.20446967E+02    0.10166859E+02   -0.42093711E+01
    0.20708521E+02    0.10166859E+02   -0.42103207E+01
    0.21006854E+02    0.10166859E+02   -0.42113104E+01
    0.21341943E+02    0.10166859E+02   -0.42123100E+01
    0.21713897E+02    0.10166859E+02   -0.42132893E+01
    0.22123013E+02    0.10166859E+02   -0.42142186E+01
    0.22569839E+02    0.10166859E+02   -0.42150693E+01
    0.23055261E+02    0.10166859E+02   -0.42158142E+01
    0.23580619E+02    0.10166859E+02   -0.42164270E+01
    0.24147868E+02    0.10166859E+02   -0.42168826E+01
    0.24759814E+02    0.10166859E+02   -0.42171557E+01
    0.25420485E+02    0.10166859E+02   -0.42172205E+01
    0.26135738E+02    0.10166859E+02   -0.42170482E+01
    0.26914337E+02    0.10166859E+02   -0.42166044E+01
    0.27770068E+02    0.10166859E+02   -0.42158428E+01
    0.28726468E+02    0.10166859E+02   -0.42146922E+01
    0.29829850E+02    0.10166859E+02   -0.42130226E+01
    0.31202138E+02    0.10166859E+02   -0.42105082E+01
    0.21037705E+02    0.10166859E+02   -0.42114073E+01
    0.21042112E+02    0.10166859E+02   -0.42114210E+01
    0.21077366E+02    0.10166859E+02   -0.42115304E+01
    0.21147845E+02    0.10166859E+02   -0.42117451E+01
    0.21253497E+02    0.10166859E+02   -0.42120573E+01
    0.21394254E+02    0.10166859E+02   -0.42124558E+01
    0.21570045E+02    0.10166859E+02   -0.42129263E+01
    0.21780813E+02    0.10166859E+02   -0.42134516E+01
    0.22026534E+02    0.10166859E+02   -0.42140128E+01
    0.22307247E+02    0.10166859E+02   -0.42145894E+01
    0.22623083E+02    0.10166859E+02   -0.42151599E+01
    0.22974305E+02    0.10166859E+02   -0.42157023E+01
    0.23361359E+02    0.10166859E+02   -0.42161946E+01
    0.23784932E+02    0.10166859E+02   -0.42166148E+01
    0.24246039E+02    0.10166859E+02   -0.42169411E+01
    0.24746130E+02    0.10166859E+02   -0.42171519E+01
    0.25287247E+02    0.10166859E+02   -0.42172255E+01
    0.25872258E+02    0.10166859E+02   -0.42171393E+01
    0.26505215E+02    0.10166859E+02   -0.42168691E+01
    0.27191950E+02    0.10166859E+02   -0.42163871E+01
    0.27941132E+02    0.10166859E+02   -0.42156590E+01
    0.28766336E+02    0.10166859E+02   -0.42146379E+01
    0.29690661E+02    0.10166859E+02   -0.42132517E+01
    0.30759475E+02    0.10166859E+02   -0.42113677E+01
    0.32092036E+02    0.10166859E+02   -0.42086537E+01
    0.22706005E+02    0.10166859E+02   -0.42152965E+01
    0.22710088E+02    0.10166859E+02   -0.42153031E+01
    0.22742756E+02    0.10166859E+02   -0.42153553E+01
    0.22808090E+02    0.10166859E+02   -0.42154573E+01
    0.22906085E+02    0.10166859E+02   -0.42156043E+01
    0.23036747E+02    0.10166859E+02   -0.42157890E+01
    0.23200097E+02    0.10166859E+02   -0.42160025E+01
    0.23396184E+02    0.10166859E+02   -0.42162337E+01
    0.23625110E+02    0.10166859E+02   -0.42164703E+01
    0.23887045E+02    0.10166859E+02   -0.42166985E+01
    0.24182256E+02    0.10166859E+02   -0.42169037E+01
    0.24511147E+02    0.10166859E+02   -0.42170707E+01
    0.24874298E+02    0.10166859E+02   -0.42171834E+01
    0.25272527E+02    0.10166859E+02   -0.42172255E+01
    0.25706965E+02    0.10166859E+02   -0.42171803E+01
    0.26179163E+02    0.10166859E+02   -0.42170302E+01
    0.26691244E+02    0.10166859E+02   -0.42167572E+01
    0.27246126E+02    0.10166859E+02   -0.42163413E+01
    0.27847873E+02    0.10166859E+02   -0.42157604E+01
    0.28502276E+02    0.10166859E+02   -0.42149881E+01
    0.29217880E+02    0.10166859E+02   -0.42139909E+01
    0.30007994E+02    0.10166859E+02   -0.42127220E+01
    0.30895193E+02    0.10166859E+02   -0.42111088E+01
    0.31923704E+02    0.10166859E+02   -0.42090168E+01
    0.33209583E+02    0.10166859E+02   -0.42061088E+01
