    0.25181294E-04    0.10463141E+02   -0.18000932E-04
    0.43115992E+00    0.10463141E+02   -0.30792237E+00
    0.12939326E+01    0.10463141E+02   -0.91703274E+00
    0.21580702E+01    0.10463141E+02   -0.15058700E+01
    0.30245036E+01    0.10463141E+02   -0.20606826E+01
    0.38941959E+01    0.10463141E+02   -0.25673562E+01
    0.47681575E+01    0.10463141E+02   -0.30112492E+01
    0.56474629E+01    0.10463141E+02   -0.33770079E+01
    0.65332701E+01    0.10463141E+02   -0.36486917E+01
    0.74268453E+01    0.10463141E+02   -0.38322024E+01
    0.83295919E+01    0.10463141E+02   -0.39597240E+01
    0.92430885E+01    0.10463141E+02   -0.40515179E+01
    0.10169138E+02    0.10463141E+02   -0.41194380E+01
    0.11109833E+02    0.10463141E+02   -0.41707932E+01
    0.12067645E+02    0.10463141E+02   -0.42102872E+01
    0.13045550E+02    0.10463141E+02   -0.42410567E+01
    0.14047211E+02    0.10463141E+02   -0.42652562E+01
    0.15077254E+02    0.10463141E+02   -0.42844034E+01
    0.16141699E+02    0.10463141E+02   -0.42995887E+01
    0.17248686E+02    0.10463141E+02   -0.43116085E+01
    0.18409761E+02    0.10463141E+02   -0.43210488E+01
    0.19642425E+02    0.10463141E+02   -0.43283403E+01
    0.20975833E+02    0.10463141E+02   -0.43337878E+01
    0.22466595E+02    0.10463141E+02   -0.43375759E+01
    0.24263119E+02    0.10463141E+02   -0.43397038E+01
    0.61175440E+00    0.10463141E+02   -0.43647564E+00
    0.74842656E+00    0.10463141E+02   -0.53347886E+00
    0.14312600E+01    0.10463141E+02   -0.10123960E+01
    0.22431029E+01    0.10463141E+02   -0.15621280E+01
    0.30857520E+01    0.10463141E+02   -0.20981808E+01
    0.39419545E+01    0.10463141E+02   -0.25934359E+01
    0.48072414E+01    0.10463141E+02   -0.30293387E+01
    0.56805000E+01    0.10463141E+02   -0.33889721E+01
    0.65618490E+01    0.10463141E+02   -0.36557696E+01
    0.74519980E+01    0.10463141E+02   -0.38364141E+01
    0.83520263E+01    0.10463141E+02   -0.39623610E+01
    0.92633109E+01    0.10463141E+02   -0.40532351E+01
    0.10187522E+02    0.10463141E+02   -0.41205909E+01
    0.11126663E+02    0.10463141E+02   -0.41715858E+01
    0.12083141E+02    0.10463141E+02   -0.42108420E+01
    0.13059886E+02    0.10463141E+02   -0.42414499E+01
    0.14060526E+02    0.10463141E+02   -0.42655373E+01
    0.15089660E+02    0.10463141E+02   -0.42846048E+01
    0.16153288E+02    0.10463141E+02   -0.42997327E+01
    0.17259531E+02    0.10463141E+02   -0.43117103E+01
    0.18419923E+02    0.10463141E+02   -0.43211195E+01
    0.19651949E+02    0.10463141E+02   -0.43283874E+01
    0.20984752E+02    0.10463141E+02   -0.43338170E+01
    0.22474923E+02    0.10463141E+02   -0.43375914E+01
    0.24270830E+02    0.10463141E+02   -0.43397082E+01
    0.14048345E+01    0.10463141E+02   -0.99408988E+00
    0.14695097E+01    0.10463141E+02   -0.10388543E+01
    0.19099271E+01    0.10463141E+02   -0.13397849E+01
    0.25750392E+01    0.10463141E+02   -0.17782004E+01
    0.33348436E+01    0.10463141E+02   -0.22480064E+01
    0.41398456E+01    0.10463141E+02   -0.26993654E+01
    0.49708034E+01    0.10463141E+02   -0.31032745E+01
    0.58195701E+01    0.10463141E+02   -0.34378316E+01
    0.66826027E+01    0.10463141E+02   -0.36846623E+01
    0.75585442E+01    0.10463141E+02   -0.38537790E+01
    0.84472280E+01    0.10463141E+02   -0.39733099E+01
    0.93492376E+01    0.10463141E+02   -0.40604015E+01
    0.10265716E+02    0.10463141E+02   -0.41254210E+01
    0.11198301E+02    0.10463141E+02   -0.41749161E+01
    0.12149141E+02    0.10463141E+02   -0.42131782E+01
    0.13120973E+02    0.10463141E+02   -0.42431091E+01
    0.14117284E+02    0.10463141E+02   -0.42667246E+01
    0.15142561E+02    0.10463141E+02   -0.42854568E+01
    0.16202716E+02    0.10463141E+02   -0.43003422E+01
    0.17305800E+02    0.10463141E+02   -0.43121419E+01
    0.18463284E+02    0.10463141E+02   -0.43214187E+01
    0.19692598E+02    0.10463141E+02   -0.43285872E+01
    0.21022824E+02    0.10463141E+02   -0.43339410E+01
    0.22510474E+02    0.10463141E+02   -0.43376568E+01
    0.24303755E+02    0.10463141E+02   -0.43397267E+01
    0.22040422E+01    0.10463141E+02   -0.15363287E+01
    0.22458185E+01    0.10463141E+02   -0.15639189E+01
    0.25557902E+01    0.10463141E+02   -0.17658330E+01
    0.30846505E+01    0.10463141E+02   -0.20975087E+01
    0.37423821E+01    0.10463141E+02   -0.24831692E+01
    0.44746579E+01    0.10463141E+02   -0.28703803E+01
    0.52529161E+01    0.10463141E+02   -0.32238735E+01
    0.60623130E+01    0.10463141E+02   -0.35171490E+01
    0.68950287E+01    0.10463141E+02   -0.37317875E+01
    0.77469886E+01    0.10463141E+02   -0.38827091E+01
    0.86162580E+01    0.10463141E+02   -0.39918290E+01
    0.95022359E+01    0.10463141E+02   -0.40726587E+01
    0.10405247E+02    0.10463141E+02   -0.41337518E+01
    0.11326350E+02    0.10463141E+02   -0.41806974E+01
    0.12267268E+02    0.10463141E+02   -0.42172542E+01
    0.13230426E+02    0.10463141E+02   -0.42460154E+01
    0.14219070E+02    0.10463141E+02   -0.42688109E+01
    0.15237500E+02    0.10463141E+02   -0.42869574E+01
    0.16291478E+02    0.10463141E+02   -0.43014178E+01
    0.17388932E+02    0.10463141E+02   -0.43129045E+01
    0.18541227E+02    0.10463141E+02   -0.43219481E+01
    0.19765694E+02    0.10463141E+02   -0.43289405E+01
    0.21091311E+02    0.10463141E+02   -0.43341601E+01
    0.22574448E+02    0.10463141E+02   -0.43377717E+01
    0.24363020E+02    0.10463141E+02   -0.43397582E+01
    0.30066060E+01    0.10463141E+02   -0.20496778E+01
    0.30373637E+01    0.10463141E+02   -0.20685769E+01
    0.32732157E+01    0.10463141E+02   -0.22113484E+01
    0.37009386E+01    0.10463141E+02   -0.24598543E+01
    0.42646573E+01    0.10463141E+02   -0.27643536E+01
    0.49198009E+01    0.10463141E+02   -0.30805288E+01
    0.56369323E+01    0.10463141E+02   -0.33731658E+01
    0.63979306E+01    0.10463141E+02   -0.36138523E+01
    0.71918911E+01    0.10463141E+02   -0.37906447E+01
    0.80123474E+01    0.10463141E+02   -0.39199409E+01
    0.88556073E+01    0.10463141E+02   -0.40161890E+01
    0.97197924E+01    0.10463141E+02   -0.40890473E+01
    0.10604294E+02    0.10463141E+02   -0.41450303E+01
    0.11509477E+02    0.10463141E+02   -0.41886003E+01
    0.12436548E+02    0.10463141E+02   -0.42228685E+01
    0.13387534E+02    0.10463141E+02   -0.42500427E+01
    0.14365369E+02    0.10463141E+02   -0.42717158E+01
    0.15374110E+02    0.10463141E+02   -0.42890548E+01
    0.16419322E+02    0.10463141E+02   -0.43029254E+01
    0.17508764E+02    0.10463141E+02   -0.43139757E+01
    0.18653659E+02    0.10463141E+02   -0.43226924E+01
    0.19871199E+02    0.10463141E+02   -0.43294375E+01
    0.21190216E+02    0.10463141E+02   -0.43344676E+01
    0.22666883E+02    0.10463141E+02   -0.43379320E+01
    0.24448694E+02    0.10463141E+02   -0.43398000E+01
    0.38127523E+01    0.10463141E+02   -0.25224329E+01
    0.38370534E+01    0.10463141E+02   -0.25358959E+01
    0.40263311E+01    0.10463141E+02   -0.26390270E+01
    0.43811354E+01    0.10463141E+02   -0.28236857E+01
    0.48666931E+01    0.10463141E+02   -0.30565452E+01
    0.54499396E+01    0.10463141E+02   -0.33026756E+01
    0.61051131E+01    0.10463141E+02   -0.35303286E+01
    0.68140236E+01    0.10463141E+02   -0.37143466E+01
    0.75644364E+01    0.10463141E+02   -0.38547174E+01
    0.83483598E+01    0.10463141E+02   -0.39619315E+01
    0.91607413E+01    0.10463141E+02   -0.40444013E+01
    0.99985881E+01    0.10463141E+02   -0.41084158E+01
    0.10860407E+02    0.10463141E+02   -0.41585703E+01
    0.11745870E+02    0.10463141E+02   -0.41982054E+01
    0.12655637E+02    0.10463141E+02   -0.42297591E+01
    0.13591301E+02    0.10463141E+02   -0.42550241E+01
    0.14555454E+02    0.10463141E+02   -0.42753313E+01
    0.15551870E+02    0.10463141E+02   -0.42916781E+01
    0.16585884E+02    0.10463141E+02   -0.43048181E+01
    0.17665057E+02    0.10463141E+02   -0.43153241E+01
    0.18800436E+02    0.10463141E+02   -0.43236309E+01
    0.20009046E+02    0.10463141E+02   -0.43300640E+01
    0.21319537E+02    0.10463141E+02   -0.43348542E+01
    0.22787825E+02    0.10463141E+02   -0.43381313E+01
    0.24560864E+02    0.10463141E+02   -0.43398482E+01
    0.46232021E+01    0.10463141E+02   -0.29427701E+01
    0.46432636E+01    0.10463141E+02   -0.29523763E+01
    0.48008603E+01    0.10463141E+02   -0.30263963E+01
    0.51020843E+01    0.10463141E+02   -0.31605073E+01
    0.55246375E+01    0.10463141E+02   -0.33313449E+01
    0.60447299E+01    0.10463141E+02   -0.35116638E+01
    0.66414851E+01    0.10463141E+02   -0.36750041E+01
    0.72984817E+01    0.10463141E+02   -0.38100079E+01
    0.80036002E+01    0.10463141E+02   -0.39187741E+01
    0.87482586E+01    0.10463141E+02   -0.40055213E+01
    0.95265995E+01    0.10463141E+02   -0.40745533E+01
    0.10334829E+02    0.10463141E+02   -0.41295926E+01
    0.11170737E+02    0.10463141E+02   -0.41736430E+01
    0.12033386E+02    0.10463141E+02   -0.42090522E+01
    0.12922928E+02    0.10463141E+02   -0.42376304E+01
    0.13840534E+02    0.10463141E+02   -0.42607674E+01
    0.14788446E+02    0.10463141E+02   -0.42795308E+01
    0.15770149E+02    0.10463141E+02   -0.42947430E+01
    0.16790725E+02    0.10463141E+02   -0.43070396E+01
    0.17857524E+02    0.10463141E+02   -0.43169117E+01
    0.18981394E+02    0.10463141E+02   -0.43247377E+01
    0.20179169E+02    0.10463141E+02   -0.43308026E+01
    0.21479282E+02    0.10463141E+02   -0.43353081E+01
    0.22937347E+02    0.10463141E+02   -0.43383618E+01
    0.24699655E+02    0.10463141E+02   -0.43398977E+01
    0.54388585E+01    0.10463141E+02   -0.32983655E+01
    0.54559217E+01    0.10463141E+02   -0.33049963E+01
    0.55906568E+01    0.10463141E+02   -0.33561194E+01
    0.58513630E+01    0.10463141E+02   -0.34486559E+01
    0.62232471E+01    0.10463141E+02   -0.35654245E+01
    0.66892409E+01    0.10463141E+02   -0.36862046E+01
    0.72330152E+01    0.10463141E+02   -0.37982192E+01
    0.78406007E+01    0.10463141E+02   -0.38962893E+01
    0.85008706E+01    0.10463141E+02   -0.39793116E+01
    0.92053904E+01    0.10463141E+02   -0.40482849E+01
    0.99480291E+01    0.10463141E+02   -0.41050315E+01
    0.10724545E+02    0.10463141E+02   -0.41515184E+01
    0.11532240E+02    0.10463141E+02   -0.41895537E+01
    0.12369704E+02    0.10463141E+02   -0.42206827E+01
    0.13236663E+02    0.10463141E+02   -0.42461785E+01
    0.14133915E+02    0.10463141E+02   -0.42670692E+01
    0.15063377E+02    0.10463141E+02   -0.42841773E+01
    0.16028249E+02    0.10463141E+02   -0.42981568E+01
    0.17033368E+02    0.10463141E+02   -0.43095263E+01
    0.18085860E+02    0.10463141E+02   -0.43186952E+01
    0.19196367E+02    0.10463141E+02   -0.43259830E+01
    0.20381512E+02    0.10463141E+02   -0.43316329E+01
    0.21669489E+02    0.10463141E+02   -0.43358153E+01
    0.23115559E+02    0.10463141E+02   -0.43386143E+01
    0.24865239E+02    0.10463141E+02   -0.43399423E+01
    0.62607479E+01    0.10463141E+02   -0.35761679E+01
    0.62755767E+01    0.10463141E+02   -0.35803627E+01
    0.63930607E+01    0.10463141E+02   -0.36125566E+01
    0.66222527E+01    0.10463141E+02   -0.36704236E+01
    0.69530271E+01    0.10463141E+02   -0.37438947E+01
    0.73730404E+01    0.10463141E+02   -0.38230440E+01
    0.78697071E+01    0.10463141E+02   -0.39004103E+01
    0.84315361E+01    0.10463141E+02   -0.39715317E+01
    0.90487890E+01    0.10463141E+02   -0.40343970E+01
    0.97136499E+01    0.10463141E+02   -0.40886005E+01
    0.10420128E+02    0.10463141E+02   -0.41346191E+01
    0.11163855E+02    0.10463141E+02   -0.41733235E+01
    0.11941873E+02    0.10463141E+02   -0.42056945E+01
    0.12752465E+02    0.10463141E+02   -0.42326763E+01
    0.13595037E+02    0.10463141E+02   -0.42551130E+01
    0.14470084E+02    0.10463141E+02   -0.42737292E+01
    0.15379243E+02    0.10463141E+02   -0.42891322E+01
    0.16325457E+02    0.10463141E+02   -0.43018232E+01
    0.17313331E+02    0.10463141E+02   -0.43122116E+01
    0.18349772E+02    0.10463141E+02   -0.43206280E+01
    0.19445212E+02    0.10463141E+02   -0.43273346E+01
    0.20616057E+02    0.10463141E+02   -0.43325325E+01
    0.21890239E+02    0.10463141E+02   -0.43363605E+01
    0.23322626E+02    0.10463141E+02   -0.43388779E+01
    0.25057851E+02    0.10463141E+02   -0.43399752E+01
    0.70900165E+01    0.10463141E+02   -0.37712962E+01
    0.71031143E+01    0.10463141E+02   -0.37738316E+01
    0.72071211E+01    0.10463141E+02   -0.37934653E+01
    0.74111808E+01    0.10463141E+02   -0.38295571E+01
    0.77081746E+01    0.10463141E+02   -0.38769284E+01
    0.80890726E+01    0.10463141E+02   -0.39300079E+01
    0.85442179E+01    0.10463141E+02   -0.39840759E+01
    0.90643351E+01    0.10463141E+02   -0.40358095E+01
    0.96411593E+01    0.10463141E+02   -0.40832592E+01
    0.10267734E+02    0.10463141E+02   -0.41255441E+01
    0.10938484E+02    0.10463141E+02   -0.41624944E+01
    0.11649164E+02    0.10463141E+02   -0.41943543E+01
    0.12396762E+02    0.10463141E+02   -0.42215723E+01
    0.13179405E+02    0.10463141E+02   -0.42446711E+01
    0.13996299E+02    0.10463141E+02   -0.42641726E+01
    0.14847717E+02    0.10463141E+02   -0.42805600E+01
    0.15735072E+02    0.10463141E+02   -0.42942618E+01
    0.16661090E+02    0.10463141E+02   -0.43056471E+01
    0.17630167E+02    0.10463141E+02   -0.43150278E+01
    0.18649008E+02    0.10463141E+02   -0.43226621E+01
    0.19727839E+02    0.10463141E+02   -0.43287585E+01
    0.20882844E+02    0.10463141E+02   -0.43334773E+01
    0.22141678E+02    0.10463141E+02   -0.43369267E+01
    0.23558783E+02    0.10463141E+02   -0.43391412E+01
    0.25277802E+02    0.10463141E+02   -0.43399883E+01
    0.79279488E+01    0.10463141E+02   -0.39085163E+01
    0.79396644E+01    0.10463141E+02   -0.39101247E+01
    0.80328472E+01    0.10463141E+02   -0.39226598E+01
    0.82164250E+01    0.10463141E+02   -0.39460787E+01
    0.84852810E+01    0.10463141E+02   -0.39775796E+01
    0.88327308E+01    0.10463141E+02   -0.40139497E+01
    0.92513620E+01    0.10463141E+02   -0.40522219E+01
    0.97337664E+01    0.10463141E+02   -0.40900604E+01
    0.10273071E+02    0.10463141E+02   -0.41258692E+01
    0.10863259E+02    0.10463141E+02   -0.41587152E+01
    0.11499325E+02    0.10463141E+02   -0.41881730E+01
    0.12177317E+02    0.10463141E+02   -0.42141626E+01
    0.12894330E+02    0.10463141E+02   -0.42368150E+01
    0.13648471E+02    0.10463141E+02   -0.42563747E+01
    0.14438851E+02    0.10463141E+02   -0.42731343E+01
    0.15265607E+02    0.10463141E+02   -0.42873949E+01
    0.16129988E+02    0.10463141E+02   -0.42994428E+01
    0.17034552E+02    0.10463141E+02   -0.43095381E+01
    0.17983515E+02    0.10463141E+02   -0.43179089E+01
    0.18983401E+02    0.10463141E+02   -0.43247496E+01
    0.20044243E+02    0.10463141E+02   -0.43302199E+01
    0.21182003E+02    0.10463141E+02   -0.43344425E+01
    0.22424048E+02    0.10463141E+02   -0.43374960E+01
    0.23824363E+02    0.10463141E+02   -0.43393914E+01
    0.25525503E+02    0.10463141E+02   -0.43399729E+01
    0.87759980E+01    0.10463141E+02   -0.40083171E+01
    0.87865830E+01    0.10463141E+02   -0.40093766E+01
    0.88708739E+01    0.10463141E+02   -0.40176734E+01
    0.90374448E+01    0.10463141E+02   -0.40333614E+01
    0.92825516E+01    0.10463141E+02   -0.40548580E+01
    0.96011928E+01    0.10463141E+02   -0.40802594E+01
    0.99876658E+01    0.10463141E+02   -0.41076893E+01
    0.10436090E+02    0.10463141E+02   -0.41355450E+01
    0.10940830E+02    0.10463141E+02   -0.41626109E+01
    0.11496790E+02    0.10463141E+02   -0.41880661E+01
    0.12099597E+02    0.10463141E+02   -0.42114285E+01
    0.12745698E+02    0.10463141E+02   -0.42324749E+01
    0.13432405E+02    0.10463141E+02   -0.42511626E+01
    0.14157914E+02    0.10463141E+02   -0.42675639E+01
    0.14921334E+02    0.10463141E+02   -0.42818171E+01
    0.15722739E+02    0.10463141E+02   -0.42940916E+01
    0.16563281E+02    0.10463141E+02   -0.43045659E+01
    0.17445393E+02    0.10463141E+02   -0.43134133E+01
    0.18373149E+02    0.10463141E+02   -0.43207928E+01
    0.19352914E+02    0.10463141E+02   -0.43268443E+01
    0.20394545E+02    0.10463141E+02   -0.43316847E+01
    0.21513786E+02    0.10463141E+02   -0.43354027E+01
    0.22737716E+02    0.10463141E+02   -0.43380501E+01
    0.24119827E+02    0.10463141E+02   -0.43396152E+01
    0.25801494E+02    0.10463141E+02   -0.43399198E+01
    0.96358294E+01    0.10463141E+02   -0.40828614E+01
    0.96454709E+01    0.10463141E+02   -0.40835805E+01
    0.97223182E+01    0.10463141E+02   -0.40892308E+01
    0.98745368E+01    0.10463141E+02   -0.41000130E+01
    0.10099348E+02    0.10463141E+02   -0.41149997E+01
    0.10392977E+02    0.10463141E+02   -0.41330336E+01
    0.10751025E+02    0.10463141E+02   -0.41529156E+01
    0.11168843E+02    0.10463141E+02   -0.41735551E+01
    0.11641857E+02    0.10463141E+02   -0.41940589E+01
    0.12165823E+02    0.10463141E+02   -0.42137619E+01
    0.12737006E+02    0.10463141E+02   -0.42322156E+01
    0.13352299E+02    0.10463141E+02   -0.42491539E+01
    0.14009303E+02    0.10463141E+02   -0.42644507E+01
    0.14706380E+02    0.10463141E+02   -0.42780799E+01
    0.15442709E+02    0.10463141E+02   -0.42900811E+01
    0.16218372E+02    0.10463141E+02   -0.43005336E+01
    0.17034476E+02    0.10463141E+02   -0.43095373E+01
    0.17893373E+02    0.10463141E+02   -0.43171988E+01
    0.18799034E+02    0.10463141E+02   -0.43236221E+01
    0.19757691E+02    0.10463141E+02   -0.43289022E+01
    0.20779040E+02    0.10463141E+02   -0.43331194E+01
    0.21878621E+02    0.10463141E+02   -0.43363329E+01
    0.23083214E+02    0.10463141E+02   -0.43385702E+01
    0.24445799E+02    0.10463141E+02   -0.43397987E+01
    0.26106477E+02    0.10463141E+02   -0.43398187E+01
    0.10509380E+02    0.10463141E+02   -0.41397383E+01
    0.10518221E+02    0.10463141E+02   -0.41402377E+01
    0.10588736E+02    0.10463141E+02   -0.41441733E+01
    0.10728669E+02    0.10463141E+02   -0.41517368E+01
    0.10935936E+02    0.10463141E+02   -0.41623678E+01
    0.11207668E+02    0.10463141E+02   -0.41753464E+01
    0.11540468E+02    0.10463141E+02   -0.41898968E+01
    0.11930671E+02    0.10463141E+02   -0.42052775E+01
    0.12374598E+02    0.10463141E+02   -0.42208441E+01
    0.12868764E+02    0.10463141E+02   -0.42360808E+01
    0.13410040E+02    0.10463141E+02   -0.42506060E+01
    0.13995776E+02    0.10463141E+02   -0.42641614E+01
    0.14623899E+02    0.10463141E+02   -0.42765909E+01
    0.15292987E+02    0.10463141E+02   -0.42878180E+01
    0.16002347E+02    0.10463141E+02   -0.42978241E+01
    0.16752118E+02    0.10463141E+02   -0.43066296E+01
    0.17543409E+02    0.10463141E+02   -0.43142793E+01
    0.18378538E+02    0.10463141E+02   -0.43208306E+01
    0.19261400E+02    0.10463141E+02   -0.43263454E+01
    0.20198124E+02    0.10463141E+02   -0.43308826E+01
    0.21198264E+02    0.10463141E+02   -0.43344922E+01
    0.22277162E+02    0.10463141E+02   -0.43372084E+01
    0.23461301E+02    0.10463141E+02   -0.43390373E+01
    0.24803124E+02    0.10463141E+02   -0.43399274E+01
    0.26441369E+02    0.10463141E+02   -0.43396588E+01
    0.11398941E+02    0.10463141E+02   -0.41838803E+01
    0.11407092E+02    0.10463141E+02   -0.41842335E+01
    0.11472145E+02    0.10463141E+02   -0.41870230E+01
    0.11601427E+02    0.10463141E+02   -0.41924137E+01
    0.11793366E+02    0.10463141E+02   -0.42000584E+01
    0.12045772E+02    0.10463141E+02   -0.42095000E+01
    0.12356018E+02    0.10463141E+02   -0.42202302E+01
    0.12721230E+02    0.10463141E+02   -0.42317436E+01
    0.13138473E+02    0.10463141E+02   -0.42435795E+01
    0.13604921E+02    0.10463141E+02   -0.42553477E+01
    0.14118001E+02    0.10463141E+02   -0.42667395E+01
    0.14675508E+02    0.10463141E+02   -0.42775262E+01
    0.15275707E+02    0.10463141E+02   -0.42875513E+01
    0.15917419E+02    0.10463141E+02   -0.42967180E+01
    0.16600118E+02    0.10463141E+02   -0.43049762E+01
    0.17324036E+02    0.10463141E+02   -0.43123106E+01
    0.18090329E+02    0.10463141E+02   -0.43187290E+01
    0.18901308E+02    0.10463141E+02   -0.43242546E+01
    0.19760828E+02    0.10463141E+02   -0.43289172E+01
    0.20674937E+02    0.10463141E+02   -0.43327481E+01
    0.21653064E+02    0.10463141E+02   -0.43357729E+01
    0.22710366E+02    0.10463141E+02   -0.43380050E+01
    0.23873027E+02    0.10463141E+02   -0.43394321E+01
    0.25192931E+02    0.10463141E+02   -0.43399862E+01
    0.26807365E+02    0.10463141E+02   -0.43394284E+01
    0.12307273E+02    0.10463141E+02   -0.42186047E+01
    0.12314823E+02    0.10463141E+02   -0.42188579E+01
    0.12375106E+02    0.10463141E+02   -0.42208608E+01
    0.12495049E+02    0.10463141E+02   -0.42247489E+01
    0.12673460E+02    0.10463141E+02   -0.42303019E+01
    0.12908669E+02    0.10463141E+02   -0.42372246E+01
    0.13198648E+02    0.10463141E+02   -0.42451803E+01
    0.13541153E+02    0.10463141E+02   -0.42538227E+01
    0.13933865E+02    0.10463141E+02   -0.42628242E+01
    0.14374526E+02    0.10463141E+02   -0.42718940E+01
    0.14861059E+02    0.10463141E+02   -0.42807896E+01
    0.15391675E+02    0.10463141E+02   -0.42893193E+01
    0.15964972E+02    0.10463141E+02   -0.42973402E+01
    0.16580029E+02    0.10463141E+02   -0.43047530E+01
    0.17236503E+02    0.10463141E+02   -0.43114937E+01
    0.17934753E+02    0.10463141E+02   -0.43175268E+01
    0.18676004E+02    0.10463141E+02   -0.43228377E+01
    0.19462594E+02    0.10463141E+02   -0.43274256E+01
    0.20298360E+02    0.10463141E+02   -0.43312979E+01
    0.21189293E+02    0.10463141E+02   -0.43344648E+01
    0.22144712E+02    0.10463141E+02   -0.43369331E+01
    0.23179600E+02    0.10463141E+02   -0.43386992E+01
    0.24319839E+02    0.10463141E+02   -0.43397354E+01
    0.25616730E+02    0.10463141E+02   -0.43399595E+01
    0.27206027E+02    0.10463141E+02   -0.43391149E+01
    0.13237779E+02    0.10463141E+02   -0.42462076E+01
    0.13244799E+02    0.10463141E+02   -0.42463908E+01
    0.13300867E+02    0.10463141E+02   -0.42478417E+01
    0.13412534E+02    0.10463141E+02   -0.42506683E+01
    0.13578896E+02    0.10463141E+02   -0.42547284E+01
    0.13798680E+02    0.10463141E+02   -0.42598287E+01
    0.14070328E+02    0.10463141E+02   -0.42657436E+01
    0.14392103E+02    0.10463141E+02   -0.42722350E+01
    0.14762196E+02    0.10463141E+02   -0.42790700E+01
    0.15178829E+02    0.10463141E+02   -0.42860343E+01
    0.15640361E+02    0.10463141E+02   -0.42929409E+01
    0.16145386E+02    0.10463141E+02   -0.42996346E+01
    0.16692818E+02    0.10463141E+02   -0.43059921E+01
    0.17281991E+02    0.10463141E+02   -0.43119204E+01
    0.17912757E+02    0.10463141E+02   -0.43173529E+01
    0.18585618E+02    0.10463141E+02   -0.43222446E+01
    0.19301890E+02    0.10463141E+02   -0.43265677E+01
    0.20063958E+02    0.10463141E+02   -0.43303065E+01
    0.20875662E+02    0.10463141E+02   -0.43334530E+01
    0.21742952E+02    0.10463141E+02   -0.43360019E+01
    0.22675055E+02    0.10463141E+02   -0.43379458E+01
    0.23686783E+02    0.10463141E+02   -0.43392677E+01
    0.24803717E+02    0.10463141E+02   -0.43399275E+01
    0.26076555E+02    0.10463141E+02   -0.43398305E+01
    0.27639424E+02    0.10463141E+02   -0.43387043E+01
    0.14194756E+02    0.10463141E+02   -0.42683175E+01
    0.14201303E+02    0.10463141E+02   -0.42684507E+01
    0.14253609E+02    0.10463141E+02   -0.42695066E+01
    0.14357868E+02    0.10463141E+02   -0.42715695E+01
    0.14513398E+02    0.10463141E+02   -0.42745464E+01
    0.14719235E+02    0.10463141E+02   -0.42783092E+01
    0.14974192E+02    0.10463141E+02   -0.42827053E+01
    0.15276942E+02    0.10463141E+02   -0.42875704E+01
    0.15626091E+02    0.10463141E+02   -0.42927392E+01
    0.16020273E+02    0.10463141E+02   -0.42980546E+01
    0.16458226E+02    0.10463141E+02   -0.43033746E+01
    0.16938884E+02    0.10463141E+02   -0.43085761E+01
    0.17461457E+02    0.10463141E+02   -0.43135567E+01
    0.18025523E+02    0.10463141E+02   -0.43182342E+01
    0.18631134E+02    0.10463141E+02   -0.43225451E+01
    0.19278939E+02    0.10463141E+02   -0.43264420E+01
    0.19970359E+02    0.10463141E+02   -0.43298907E+01
    0.20707841E+02    0.10463141E+02   -0.43328668E+01
    0.21495245E+02    0.10463141E+02   -0.43353520E+01
    0.22338493E+02    0.10463141E+02   -0.43373307E+01
    0.23246729E+02    0.10463141E+02   -0.43387849E+01
    0.24234603E+02    0.10463141E+02   -0.43396872E+01
    0.25327390E+02    0.10463141E+02   -0.43399877E+01
    0.26575158E+02    0.10463141E+02   -0.43395811E+01
    0.28110319E+02    0.10463141E+02   -0.43381808E+01
    0.15183799E+02    0.10463141E+02   -0.42861130E+01
    0.15189920E+02    0.10463141E+02   -0.42862098E+01
    0.15238833E+02    0.10463141E+02   -0.42869783E+01
    0.15336396E+02    0.10463141E+02   -0.42884830E+01
    0.15482099E+02    0.10463141E+02   -0.42906624E+01
    0.15675220E+02    0.10463141E+02   -0.42934307E+01
    0.15914870E+02    0.10463141E+02   -0.42966844E+01
    0.16200049E+02    0.10463141E+02   -0.43003095E+01
    0.16529712E+02    0.10463141E+02   -0.43041887E+01
    0.16902834E+02    0.10463141E+02   -0.43082075E+01
    0.17318483E+02    0.10463141E+02   -0.43122593E+01
    0.17775895E+02    0.10463141E+02   -0.43162480E+01
    0.18274549E+02    0.10463141E+02   -0.43200907E+01
    0.18814254E+02    0.10463141E+02   -0.43237173E+01
    0.19395253E+02    0.10463141E+02   -0.43270708E+01
    0.20018345E+02    0.10463141E+02   -0.43301053E+01
    0.20685065E+02    0.10463141E+02   -0.43327847E+01
    0.21397929E+02    0.10463141E+02   -0.43350802E+01
    0.22160826E+02    0.10463141E+02   -0.43369675E+01
    0.22979663E+02    0.10463141E+02   -0.43384240E+01
    0.23863509E+02    0.10463141E+02   -0.43394242E+01
    0.24826853E+02    0.10463141E+02   -0.43399333E+01
    0.25894659E+02    0.10463141E+02   -0.43398935E+01
    0.27116336E+02    0.10463141E+02   -0.43391909E+01
    0.28622486E+02    0.10463141E+02   -0.43375261E+01
    0.16212475E+02    0.10463141E+02   -0.43004616E+01
    0.16218207E+02    0.10463141E+02   -0.43005316E+01
    0.16264028E+02    0.10463141E+02   -0.43010877E+01
    0.16355477E+02    0.10463141E+02   -0.43021785E+01
    0.16492179E+02    0.10463141E+02   -0.43037631E+01
    0.16673605E+02    0.10463141E+02   -0.43057835E+01
    0.16899103E+02    0.10463141E+02   -0.43081692E+01
    0.17167941E+02    0.10463141E+02   -0.43108410E+01
    0.17479358E+02    0.10463141E+02   -0.43137158E+01
    0.17832621E+02    0.10463141E+02   -0.43167107E+01
    0.18227080E+02    0.10463141E+02   -0.43197461E+01
    0.18662236E+02    0.10463141E+02   -0.43227483E+01
    0.19137809E+02    0.10463141E+02   -0.43256511E+01
    0.19653823E+02    0.10463141E+02   -0.43283967E+01
    0.20210700E+02    0.10463141E+02   -0.43309354E+01
    0.20809390E+02    0.10463141E+02   -0.43332253E+01
    0.21451538E+02    0.10463141E+02   -0.43352311E+01
    0.22139737E+02    0.10463141E+02   -0.43369225E+01
    0.22877911E+02    0.10463141E+02   -0.43382723E+01
    0.23671956E+02    0.10463141E+02   -0.43392536E+01
    0.24530872E+02    0.10463141E+02   -0.43398360E+01
    0.25468985E+02    0.10463141E+02   -0.43399792E+01
    0.26510940E+02    0.10463141E+02   -0.43396193E+01
    0.27705455E+02    0.10463141E+02   -0.43386356E+01
    0.29181215E+02    0.10463141E+02   -0.43367173E+01
    0.17291521E+02    0.10463141E+02   -0.43120092E+01
    0.17296896E+02    0.10463141E+02   -0.43120592E+01
    0.17339866E+02    0.10463141E+02   -0.43124563E+01
    0.17425670E+02    0.10463141E+02   -0.43132364E+01
    0.17554040E+02    0.10463141E+02   -0.43143719E+01
    0.17724600E+02    0.10463141E+02   -0.43158237E+01
    0.17936890E+02    0.10463141E+02   -0.43175437E+01
    0.18190397E+02    0.10463141E+02   -0.43194769E+01
    0.18484597E+02    0.10463141E+02   -0.43215646E+01
    0.18818999E+02    0.10463141E+02   -0.43237470E+01
    0.19193197E+02    0.10463141E+02   -0.43259652E+01
    0.19606922E+02    0.10463141E+02   -0.43281634E+01
    0.20060111E+02    0.10463141E+02   -0.43302897E+01
    0.20552983E+02    0.10463141E+02   -0.43322971E+01
    0.21086127E+02    0.10463141E+02   -0.43341437E+01
    0.21660634E+02    0.10463141E+02   -0.43357925E+01
    0.22278260E+02    0.10463141E+02   -0.43372106E+01
    0.22941672E+02    0.10463141E+02   -0.43383683E+01
    0.23654834E+02    0.10463141E+02   -0.43392371E+01
    0.24423633E+02    0.10463141E+02   -0.43397882E+01
    0.25256999E+02    0.10463141E+02   -0.43399881E+01
    0.26169096E+02    0.10463141E+02   -0.43397926E+01
    0.27184228E+02    0.10463141E+02   -0.43391336E+01
    0.28350390E+02    0.10463141E+02   -0.43378846E+01
    0.29794222E+02    0.10463141E+02   -0.43357251E+01
    0.18437209E+02    0.10463141E+02   -0.43212392E+01
    0.18442249E+02    0.10463141E+02   -0.43212740E+01
    0.18482557E+02    0.10463141E+02   -0.43215507E+01
    0.18563080E+02    0.10463141E+02   -0.43220945E+01
    0.18683637E+02    0.10463141E+02   -0.43228871E+01
    0.18843976E+02    0.10463141E+02   -0.43239022E+01
    0.19043791E+02    0.10463141E+02   -0.43251068E+01
    0.19282751E+02    0.10463141E+02   -0.43264630E+01
    0.19560529E+02    0.10463141E+02   -0.43279295E+01
    0.19876838E+02    0.10463141E+02   -0.43294636E+01
    0.20231480E+02    0.10463141E+02   -0.43310222E+01
    0.20624387E+02    0.10463141E+02   -0.43325632E+01
    0.21055689E+02    0.10463141E+02   -0.43340468E+01
    0.21525777E+02    0.10463141E+02   -0.43354354E+01
    0.22035397E+02    0.10463141E+02   -0.43366943E+01
    0.22585771E+02    0.10463141E+02   -0.43377917E+01
    0.23178758E+02    0.10463141E+02   -0.43386981E+01
    0.23817100E+02    0.10463141E+02   -0.43393851E+01
    0.24504798E+02    0.10463141E+02   -0.43398250E+01
    0.25247729E+02    0.10463141E+02   -0.43399880E+01
    0.26054750E+02    0.10463141E+02   -0.43398389E+01
    0.26939850E+02    0.10463141E+02   -0.43393312E+01
    0.27926981E+02    0.10463141E+02   -0.43383939E+01
    0.29063354E+02    0.10463141E+02   -0.43368958E+01
    0.30473425E+02    0.10463141E+02   -0.43345078E+01
    0.19676653E+02    0.10463141E+02   -0.43285091E+01
    0.19681376E+02    0.10463141E+02   -0.43285322E+01
    0.19719151E+02    0.10463141E+02   -0.43287164E+01
    0.19794644E+02    0.10463141E+02   -0.43290784E+01
    0.19907744E+02    0.10463141E+02   -0.43296061E+01
    0.20058301E+02    0.10463141E+02   -0.43302817E+01
    0.20246135E+02    0.10463141E+02   -0.43310831E+01
    0.20471065E+02    0.10463141E+02   -0.43319842E+01
    0.20732927E+02    0.10463141E+02   -0.43329564E+01
    0.21031612E+02    0.10463141E+02   -0.43339694E+01
    0.21367095E+02    0.10463141E+02   -0.43349920E+01
    0.21739488E+02    0.10463141E+02   -0.43359932E+01
    0.22149086E+02    0.10463141E+02   -0.43369425E+01
    0.22596439E+02    0.10463141E+02   -0.43378105E+01
    0.23082433E+02    0.10463141E+02   -0.43385692E+01
    0.23608410E+02    0.10463141E+02   -0.43391915E+01
    0.24176327E+02    0.10463141E+02   -0.43396517E+01
    0.24788995E+02    0.10463141E+02   -0.43399237E+01
    0.25450444E+02    0.10463141E+02   -0.43399809E+01
    0.26166540E+02    0.10463141E+02   -0.43397937E+01
    0.26946057E+02    0.10463141E+02   -0.43393265E+01
    0.27802797E+02    0.10463141E+02   -0.43385315E+01
    0.28760324E+02    0.10463141E+02   -0.43373354E+01
    0.29865006E+02    0.10463141E+02   -0.43356039E+01
    0.31238912E+02    0.10463141E+02   -0.43330001E+01
    0.21062499E+02    0.10463141E+02   -0.43340686E+01
    0.21066911E+02    0.10463141E+02   -0.43340826E+01
    0.21102207E+02    0.10463141E+02   -0.43341945E+01
    0.21172769E+02    0.10463141E+02   -0.43344141E+01
    0.21278545E+02    0.10463141E+02   -0.43347336E+01
    0.21419468E+02    0.10463141E+02   -0.43351412E+01
    0.21595467E+02    0.10463141E+02   -0.43356221E+01
    0.21806483E+02    0.10463141E+02   -0.43361591E+01
    0.22052494E+02    0.10463141E+02   -0.43367324E+01
    0.22333537E+02    0.10463141E+02   -0.43373210E+01
    0.22649745E+02    0.10463141E+02   -0.43379028E+01
    0.23001381E+02    0.10463141E+02   -0.43384553E+01
    0.23388891E+02    0.10463141E+02   -0.43389558E+01
    0.23812964E+02    0.10463141E+02   -0.43393816E+01
    0.24274615E+02    0.10463141E+02   -0.43397104E+01
    0.24775295E+02    0.10463141E+02   -0.43399200E+01
    0.25317050E+02    0.10463141E+02   -0.43399879E+01
    0.25902750E+02    0.10463141E+02   -0.43398911E+01
    0.26536453E+02    0.10463141E+02   -0.43396044E+01
    0.27223997E+02    0.10463141E+02   -0.43390993E+01
    0.27974063E+02    0.10463141E+02   -0.43383403E+01
    0.28800238E+02    0.10463141E+02   -0.43372791E+01
    0.29725653E+02    0.10463141E+02   -0.43358413E+01
    0.30795726E+02    0.10463141E+02   -0.43338898E+01
    0.32129859E+02    0.10463141E+02   -0.43310816E+01
    0.22732765E+02    0.10463141E+02   -0.43380420E+01
    0.22736853E+02    0.10463141E+02   -0.43380487E+01
    0.22769560E+02    0.10463141E+02   -0.43381020E+01
    0.22834970E+02    0.10463141E+02   -0.43382059E+01
    0.22933081E+02    0.10463141E+02   -0.43383555E+01
    0.23063897E+02    0.10463141E+02   -0.43385436E+01
    0.23227439E+02    0.10463141E+02   -0.43387606E+01
    0.23423758E+02    0.10463141E+02   -0.43389955E+01
    0.23652954E+02    0.10463141E+02   -0.43392353E+01
    0.23915197E+02    0.10463141E+02   -0.43394662E+01
    0.24210756E+02    0.10463141E+02   -0.43396729E+01
    0.24540034E+02    0.10463141E+02   -0.43398398E+01
    0.24903614E+02    0.10463141E+02   -0.43399505E+01
    0.25302312E+02    0.10463141E+02   -0.43399881E+01
    0.25737262E+02    0.10463141E+02   -0.43399355E+01
    0.26210017E+02    0.10463141E+02   -0.43397746E+01
    0.26722701E+02    0.10463141E+02   -0.43394867E+01
    0.27278237E+02    0.10463141E+02   -0.43390514E+01
    0.27880693E+02    0.10463141E+02   -0.43384458E+01
    0.28535868E+02    0.10463141E+02   -0.43376428E+01
    0.29252315E+02    0.10463141E+02   -0.43366077E+01
    0.30043360E+02    0.10463141E+02   -0.43352924E+01
    0.30931605E+02    0.10463141E+02   -0.43336218E+01
    0.31961328E+02    0.10463141E+02   -0.43314572E+01
    0.33248723E+02    0.10463141E+02   -0.43284501E+01
