    0.25181294E-04    0.28554385E+01   -0.49392937E-05
    0.43115992E+00    0.28554385E+01   -0.84491561E-01
    0.12939326E+01    0.28554385E+01   -0.25163732E+00
    0.21580702E+01    0.28554385E+01   -0.41325190E+00
    0.30245036E+01    0.28554385E+01   -0.56558347E+00
    0.38941959E+01    0.28554385E+01   -0.70478113E+00
    0.47681575E+01    0.28554385E+01   -0.82685021E+00
    0.56474629E+01    0.28554385E+01   -0.92760177E+00
    0.65332701E+01    0.28554385E+01   -0.10026868E+01
    0.74268453E+01    0.28554385E+01   -0.10537172E+01
    0.83295919E+01    0.28554385E+01   -0.10894777E+01
    0.92430885E+01    0.28554385E+01   -0.11154994E+01
    0.10169138E+02    0.28554385E+01   -0.11350191E+01
    0.11109833E+02    0.28554385E+01   -0.11500338E+01
    0.12067645E+02    0.28554385E+01   -0.11618296E+01
    0.13045550E+02    0.28554385E+01   -0.11712659E+01
    0.14047211E+02    0.28554385E+01   -0.11789345E+01
    0.15077254E+02    0.28554385E+01   -0.11852543E+01
    0.16141699E+02    0.28554385E+01   -0.11905296E+01
    0.17248686E+02    0.28554385E+01   -0.11949861E+01
    0.18409761E+02    0.28554385E+01   -0.11987962E+01
    0.19642425E+02    0.28554385E+01   -0.12020959E+01
    0.20975833E+02    0.28554385E+01   -0.12049995E+01
    0.22466595E+02    0.28554385E+01   -0.12076174E+01
    0.24263119E+02    0.28554385E+01   -0.12101071E+01
    0.61175440E+00    0.28554385E+01   -0.11976623E+00
    0.74842656E+00    0.28554385E+01   -0.14638408E+00
    0.14312600E+01    0.28554385E+01   -0.27780832E+00
    0.22431029E+01    0.28554385E+01   -0.42869534E+00
    0.30857520E+01    0.28554385E+01   -0.57588196E+00
    0.39419545E+01    0.28554385E+01   -0.71194914E+00
    0.48072414E+01    0.28554385E+01   -0.83182845E+00
    0.56805000E+01    0.28554385E+01   -0.93090197E+00
    0.65618490E+01    0.28554385E+01   -0.10046487E+01
    0.74519980E+01    0.28554385E+01   -0.10548933E+01
    0.83520263E+01    0.28554385E+01   -0.10902212E+01
    0.92633109E+01    0.28554385E+01   -0.11159895E+01
    0.10187522E+02    0.28554385E+01   -0.11353533E+01
    0.11126663E+02    0.28554385E+01   -0.11502680E+01
    0.12083141E+02    0.28554385E+01   -0.11619975E+01
    0.13059886E+02    0.28554385E+01   -0.11713885E+01
    0.14060526E+02    0.28554385E+01   -0.11790253E+01
    0.15089660E+02    0.28554385E+01   -0.11853225E+01
    0.16153288E+02    0.28554385E+01   -0.11905812E+01
    0.17259531E+02    0.28554385E+01   -0.11950255E+01
    0.18419923E+02    0.28554385E+01   -0.11988263E+01
    0.19651949E+02    0.28554385E+01   -0.12021189E+01
    0.20984752E+02    0.28554385E+01   -0.12050170E+01
    0.22474923E+02    0.28554385E+01   -0.12076305E+01
    0.24270830E+02    0.28554385E+01   -0.12101165E+01
    0.14048345E+01    0.28554385E+01   -0.27278441E+00
    0.14695097E+01    0.28554385E+01   -0.28506954E+00
    0.19099271E+01    0.28554385E+01   -0.36766286E+00
    0.25750392E+01    0.28554385E+01   -0.48801518E+00
    0.33348436E+01    0.28554385E+01   -0.61703476E+00
    0.41398456E+01    0.28554385E+01   -0.74106805E+00
    0.49708034E+01    0.28554385E+01   -0.85217966E+00
    0.58195701E+01    0.28554385E+01   -0.94438371E+00
    0.66826027E+01    0.28554385E+01   -0.10126620E+01
    0.75585442E+01    0.28554385E+01   -0.10597455E+01
    0.84472280E+01    0.28554385E+01   -0.10933103E+01
    0.93492376E+01    0.28554385E+01   -0.11180365E+01
    0.10265716E+02    0.28554385E+01   -0.11367545E+01
    0.11198301E+02    0.28554385E+01   -0.11512529E+01
    0.12149141E+02    0.28554385E+01   -0.11627052E+01
    0.13120973E+02    0.28554385E+01   -0.11719062E+01
    0.14117284E+02    0.28554385E+01   -0.11794096E+01
    0.15142561E+02    0.28554385E+01   -0.11856112E+01
    0.16202716E+02    0.28554385E+01   -0.11908000E+01
    0.17305800E+02    0.28554385E+01   -0.11951924E+01
    0.18463284E+02    0.28554385E+01   -0.11989541E+01
    0.19692598E+02    0.28554385E+01   -0.12022166E+01
    0.21022824E+02    0.28554385E+01   -0.12050912E+01
    0.22510474E+02    0.28554385E+01   -0.12076861E+01
    0.24303755E+02    0.28554385E+01   -0.12101565E+01
    0.22040422E+01    0.28554385E+01   -0.42161308E+00
    0.22458185E+01    0.28554385E+01   -0.42918696E+00
    0.25557902E+01    0.28554385E+01   -0.48461961E+00
    0.30846505E+01    0.28554385E+01   -0.57569737E+00
    0.37423821E+01    0.28554385E+01   -0.68164479E+00
    0.44746579E+01    0.28554385E+01   -0.78809456E+00
    0.52529161E+01    0.28554385E+01   -0.88539145E+00
    0.60623130E+01    0.28554385E+01   -0.96628775E+00
    0.68950287E+01    0.28554385E+01   -0.10257484E+01
    0.77469886E+01    0.28554385E+01   -0.10678409E+01
    0.86162580E+01    0.28554385E+01   -0.10985439E+01
    0.95022359E+01    0.28554385E+01   -0.11215442E+01
    0.10405247E+02    0.28554385E+01   -0.11391763E+01
    0.11326350E+02    0.28554385E+01   -0.11529667E+01
    0.12267268E+02    0.28554385E+01   -0.11639431E+01
    0.13230426E+02    0.28554385E+01   -0.11728156E+01
    0.14219070E+02    0.28554385E+01   -0.11800872E+01
    0.15237500E+02    0.28554385E+01   -0.11861216E+01
    0.16291478E+02    0.28554385E+01   -0.11911879E+01
    0.17388932E+02    0.28554385E+01   -0.11954889E+01
    0.18541227E+02    0.28554385E+01   -0.11991813E+01
    0.19765694E+02    0.28554385E+01   -0.12023907E+01
    0.21091311E+02    0.28554385E+01   -0.12052238E+01
    0.22574448E+02    0.28554385E+01   -0.12077854E+01
    0.24363020E+02    0.28554385E+01   -0.12102281E+01
    0.30066060E+01    0.28554385E+01   -0.56256120E+00
    0.30373637E+01    0.28554385E+01   -0.56775151E+00
    0.32732157E+01    0.28554385E+01   -0.60696514E+00
    0.37009386E+01    0.28554385E+01   -0.67523801E+00
    0.42646573E+01    0.28554385E+01   -0.75893626E+00
    0.49198009E+01    0.28554385E+01   -0.84591807E+00
    0.56369323E+01    0.28554385E+01   -0.92654205E+00
    0.63979306E+01    0.28554385E+01   -0.99303513E+00
    0.71918911E+01    0.28554385E+01   -0.10421263E+01
    0.80123474E+01    0.28554385E+01   -0.10782836E+01
    0.88556073E+01    0.28554385E+01   -0.11054462E+01
    0.97197924E+01    0.28554385E+01   -0.11262479E+01
    0.10604294E+02    0.28554385E+01   -0.11424657E+01
    0.11509477E+02    0.28554385E+01   -0.11553181E+01
    0.12436548E+02    0.28554385E+01   -0.11656551E+01
    0.13387534E+02    0.28554385E+01   -0.11740816E+01
    0.14365369E+02    0.28554385E+01   -0.11810354E+01
    0.15374110E+02    0.28554385E+01   -0.11868392E+01
    0.16419322E+02    0.28554385E+01   -0.11917352E+01
    0.17508764E+02    0.28554385E+01   -0.11959085E+01
    0.18653659E+02    0.28554385E+01   -0.11995039E+01
    0.19871199E+02    0.28554385E+01   -0.12026385E+01
    0.21190216E+02    0.28554385E+01   -0.12054128E+01
    0.22666883E+02    0.28554385E+01   -0.12079274E+01
    0.24448694E+02    0.28554385E+01   -0.12103306E+01
    0.38127523E+01    0.28554385E+01   -0.69243480E+00
    0.38370534E+01    0.28554385E+01   -0.69613473E+00
    0.40263311E+01    0.28554385E+01   -0.72448082E+00
    0.43811354E+01    0.28554385E+01   -0.77525203E+00
    0.48666931E+01    0.28554385E+01   -0.83931639E+00
    0.54499396E+01    0.28554385E+01   -0.90710627E+00
    0.61051131E+01    0.28554385E+01   -0.96992999E+00
    0.68140236E+01    0.28554385E+01   -0.10209026E+01
    0.75644364E+01    0.28554385E+01   -0.10600079E+01
    0.83483598E+01    0.28554385E+01   -0.10901001E+01
    0.91607413E+01    0.28554385E+01   -0.11134697E+01
    0.99985881E+01    0.28554385E+01   -0.11318299E+01
    0.10860407E+02    0.28554385E+01   -0.11464330E+01
    0.11745870E+02    0.28554385E+01   -0.11581905E+01
    0.12655637E+02    0.28554385E+01   -0.11677684E+01
    0.13591301E+02    0.28554385E+01   -0.11756576E+01
    0.14555454E+02    0.28554385E+01   -0.11822241E+01
    0.15551870E+02    0.28554385E+01   -0.11877440E+01
    0.16585884E+02    0.28554385E+01   -0.11924287E+01
    0.17665057E+02    0.28554385E+01   -0.11964426E+01
    0.18800436E+02    0.28554385E+01   -0.11999160E+01
    0.20009046E+02    0.28554385E+01   -0.12029559E+01
    0.21319537E+02    0.28554385E+01   -0.12056558E+01
    0.22787825E+02    0.28554385E+01   -0.12081103E+01
    0.24560864E+02    0.28554385E+01   -0.12104629E+01
    0.46232021E+01    0.28554385E+01   -0.80800794E+00
    0.46432636E+01    0.28554385E+01   -0.81065083E+00
    0.48008603E+01    0.28554385E+01   -0.83101866E+00
    0.51020843E+01    0.28554385E+01   -0.86793825E+00
    0.55246375E+01    0.28554385E+01   -0.91500963E+00
    0.60447299E+01    0.28554385E+01   -0.96477211E+00
    0.66414851E+01    0.28554385E+01   -0.10099826E+01
    0.72984817E+01    0.28554385E+01   -0.10475238E+01
    0.80036002E+01    0.28554385E+01   -0.10779559E+01
    0.87482586E+01    0.28554385E+01   -0.11024209E+01
    0.95265995E+01    0.28554385E+01   -0.11220871E+01
    0.10334829E+02    0.28554385E+01   -0.11379664E+01
    0.11170737E+02    0.28554385E+01   -0.11508762E+01
    0.12033386E+02    0.28554385E+01   -0.11614562E+01
    0.12922928E+02    0.28554385E+01   -0.11702006E+01
    0.13840534E+02    0.28554385E+01   -0.11774898E+01
    0.14788446E+02    0.28554385E+01   -0.11836177E+01
    0.15770149E+02    0.28554385E+01   -0.11888124E+01
    0.16790725E+02    0.28554385E+01   -0.11932526E+01
    0.17857524E+02    0.28554385E+01   -0.11970804E+01
    0.18981394E+02    0.28554385E+01   -0.12004103E+01
    0.20179169E+02    0.28554385E+01   -0.12033383E+01
    0.21479282E+02    0.28554385E+01   -0.12059494E+01
    0.22937347E+02    0.28554385E+01   -0.12083321E+01
    0.24699655E+02    0.28554385E+01   -0.12106239E+01
    0.54388585E+01    0.28554385E+01   -0.90591823E+00
    0.54559217E+01    0.28554385E+01   -0.90774595E+00
    0.55906568E+01    0.28554385E+01   -0.92184085E+00
    0.58513630E+01    0.28554385E+01   -0.94737151E+00
    0.62232471E+01    0.28554385E+01   -0.97963336E+00
    0.66892409E+01    0.28554385E+01   -0.10130900E+01
    0.72330152E+01    0.28554385E+01   -0.10442371E+01
    0.78406007E+01    0.28554385E+01   -0.10716465E+01
    0.85008706E+01    0.28554385E+01   -0.10950052E+01
    0.92053904E+01    0.28554385E+01   -0.11145770E+01
    0.99480291E+01    0.28554385E+01   -0.11308525E+01
    0.10724545E+02    0.28554385E+01   -0.11443642E+01
    0.11532240E+02    0.28554385E+01   -0.11556024E+01
    0.12369704E+02    0.28554385E+01   -0.11649876E+01
    0.13236663E+02    0.28554385E+01   -0.11728667E+01
    0.14133915E+02    0.28554385E+01   -0.11795214E+01
    0.15063377E+02    0.28554385E+01   -0.11851779E+01
    0.16028249E+02    0.28554385E+01   -0.11900183E+01
    0.17033368E+02    0.28554385E+01   -0.11941891E+01
    0.18085860E+02    0.28554385E+01   -0.11978097E+01
    0.19196367E+02    0.28554385E+01   -0.12009787E+01
    0.20381512E+02    0.28554385E+01   -0.12037799E+01
    0.21669489E+02    0.28554385E+01   -0.12062899E+01
    0.23115559E+02    0.28554385E+01   -0.12085904E+01
    0.24865239E+02    0.28554385E+01   -0.12108120E+01
    0.62607479E+01    0.28554385E+01   -0.98260511E+00
    0.62755767E+01    0.28554385E+01   -0.98376567E+00
    0.63930607E+01    0.28554385E+01   -0.99267635E+00
    0.66222527E+01    0.28554385E+01   -0.10087121E+01
    0.69530271E+01    0.28554385E+01   -0.10291141E+01
    0.73730404E+01    0.28554385E+01   -0.10511606E+01
    0.78697071E+01    0.28554385E+01   -0.10728020E+01
    0.84315361E+01    0.28554385E+01   -0.10928084E+01
    0.90487890E+01    0.28554385E+01   -0.11106205E+01
    0.97136499E+01    0.28554385E+01   -0.11261194E+01
    0.10420128E+02    0.28554385E+01   -0.11394288E+01
    0.11163855E+02    0.28554385E+01   -0.11507817E+01
    0.11941873E+02    0.28554385E+01   -0.11604426E+01
    0.12752465E+02    0.28554385E+01   -0.11686674E+01
    0.13595037E+02    0.28554385E+01   -0.11756858E+01
    0.14470084E+02    0.28554385E+01   -0.11816961E+01
    0.15379243E+02    0.28554385E+01   -0.11868658E+01
    0.16325457E+02    0.28554385E+01   -0.11913347E+01
    0.17313331E+02    0.28554385E+01   -0.11952194E+01
    0.18349772E+02    0.28554385E+01   -0.11986176E+01
    0.19445212E+02    0.28554385E+01   -0.12016119E+01
    0.20616057E+02    0.28554385E+01   -0.12042746E+01
    0.21890239E+02    0.28554385E+01   -0.12066733E+01
    0.23322626E+02    0.28554385E+01   -0.12088824E+01
    0.25057851E+02    0.28554385E+01   -0.12110257E+01
    0.70900165E+01    0.28554385E+01   -0.10367377E+01
    0.71031143E+01    0.28554385E+01   -0.10374436E+01
    0.72071211E+01    0.28554385E+01   -0.10429122E+01
    0.74111808E+01    0.28554385E+01   -0.10529787E+01
    0.77081746E+01    0.28554385E+01   -0.10662221E+01
    0.80890726E+01    0.28554385E+01   -0.10811125E+01
    0.85442179E+01    0.28554385E+01   -0.10963515E+01
    0.90643351E+01    0.28554385E+01   -0.11110225E+01
    0.96411593E+01    0.28554385E+01   -0.11245847E+01
    0.10267734E+02    0.28554385E+01   -0.11367902E+01
    0.10938484E+02    0.28554385E+01   -0.11475869E+01
    0.11649164E+02    0.28554385E+01   -0.11570368E+01
    0.12396762E+02    0.28554385E+01   -0.11652591E+01
    0.13179405E+02    0.28554385E+01   -0.11723945E+01
    0.13996299E+02    0.28554385E+01   -0.11785846E+01
    0.14847717E+02    0.28554385E+01   -0.11839616E+01
    0.15735072E+02    0.28554385E+01   -0.11886437E+01
    0.16661090E+02    0.28554385E+01   -0.11927349E+01
    0.17630167E+02    0.28554385E+01   -0.11963246E+01
    0.18649008E+02    0.28554385E+01   -0.11994907E+01
    0.19727839E+02    0.28554385E+01   -0.12023008E+01
    0.20882844E+02    0.28554385E+01   -0.12048160E+01
    0.22141678E+02    0.28554385E+01   -0.12070950E+01
    0.23558783E+02    0.28554385E+01   -0.12092051E+01
    0.25277802E+02    0.28554385E+01   -0.12112630E+01
    0.79279488E+01    0.28554385E+01   -0.10750761E+01
    0.79396644E+01    0.28554385E+01   -0.10755275E+01
    0.80328472E+01    0.28554385E+01   -0.10790474E+01
    0.82164250E+01    0.28554385E+01   -0.10856336E+01
    0.84852810E+01    0.28554385E+01   -0.10945160E+01
    0.88327308E+01    0.28554385E+01   -0.11048108E+01
    0.92513620E+01    0.28554385E+01   -0.11157003E+01
    0.97337664E+01    0.28554385E+01   -0.11265392E+01
    0.10273071E+02    0.28554385E+01   -0.11368847E+01
    0.10863259E+02    0.28554385E+01   -0.11464756E+01
    0.11499325E+02    0.28554385E+01   -0.11551907E+01
    0.12177317E+02    0.28554385E+01   -0.11630038E+01
    0.12894330E+02    0.28554385E+01   -0.11699476E+01
    0.13648471E+02    0.28554385E+01   -0.11760869E+01
    0.14438851E+02    0.28554385E+01   -0.11815006E+01
    0.15265607E+02    0.28554385E+01   -0.11862709E+01
    0.16129988E+02    0.28554385E+01   -0.11904773E+01
    0.17034552E+02    0.28554385E+01   -0.11941936E+01
    0.17983515E+02    0.28554385E+01   -0.11974864E+01
    0.18983401E+02    0.28554385E+01   -0.12004157E+01
    0.20044243E+02    0.28554385E+01   -0.12030359E+01
    0.21182003E+02    0.28554385E+01   -0.12053972E+01
    0.22424048E+02    0.28554385E+01   -0.12075504E+01
    0.23824363E+02    0.28554385E+01   -0.12095556E+01
    0.25525503E+02    0.28554385E+01   -0.12115220E+01
    0.87759980E+01    0.28554385E+01   -0.11032133E+01
    0.87865830E+01    0.28554385E+01   -0.11035137E+01
    0.88708739E+01    0.28554385E+01   -0.11058675E+01
    0.90374448E+01    0.28554385E+01   -0.11103259E+01
    0.92825516E+01    0.28554385E+01   -0.11164528E+01
    0.96011928E+01    0.28554385E+01   -0.11237236E+01
    0.99876658E+01    0.28554385E+01   -0.11316200E+01
    0.10436090E+02    0.28554385E+01   -0.11396984E+01
    0.10940830E+02    0.28554385E+01   -0.11476212E+01
    0.11496790E+02    0.28554385E+01   -0.11551588E+01
    0.12099597E+02    0.28554385E+01   -0.11621751E+01
    0.12745698E+02    0.28554385E+01   -0.11686053E+01
    0.13432405E+02    0.28554385E+01   -0.11744349E+01
    0.14157914E+02    0.28554385E+01   -0.11796819E+01
    0.14921334E+02    0.28554385E+01   -0.11843828E+01
    0.15722739E+02    0.28554385E+01   -0.11885842E+01
    0.16563281E+02    0.28554385E+01   -0.11923359E+01
    0.17445393E+02    0.28554385E+01   -0.11956877E+01
    0.18373149E+02    0.28554385E+01   -0.11986874E+01
    0.19352914E+02    0.28554385E+01   -0.12013800E+01
    0.20394545E+02    0.28554385E+01   -0.12038079E+01
    0.21513786E+02    0.28554385E+01   -0.12060119E+01
    0.22737716E+02    0.28554385E+01   -0.12080349E+01
    0.24119827E+02    0.28554385E+01   -0.12099307E+01
    0.25801494E+02    0.28554385E+01   -0.12118008E+01
    0.96358294E+01    0.28554385E+01   -0.11244705E+01
    0.96454709E+01    0.28554385E+01   -0.11246770E+01
    0.97223182E+01    0.28554385E+01   -0.11263006E+01
    0.98745368E+01    0.28554385E+01   -0.11294049E+01
    0.10099348E+02    0.28554385E+01   -0.11337337E+01
    0.10392977E+02    0.28554385E+01   -0.11389673E+01
    0.10751025E+02    0.28554385E+01   -0.11447736E+01
    0.11168843E+02    0.28554385E+01   -0.11508502E+01
    0.11641857E+02    0.28554385E+01   -0.11569484E+01
    0.12165823E+02    0.28554385E+01   -0.11628822E+01
    0.12737006E+02    0.28554385E+01   -0.11685253E+01
    0.13352299E+02    0.28554385E+01   -0.11738016E+01
    0.14009303E+02    0.28554385E+01   -0.11786744E+01
    0.14706380E+02    0.28554385E+01   -0.11831345E+01
    0.15442709E+02    0.28554385E+01   -0.11871921E+01
    0.16218372E+02    0.28554385E+01   -0.11908689E+01
    0.17034476E+02    0.28554385E+01   -0.11941933E+01
    0.17893373E+02    0.28554385E+01   -0.11971968E+01
    0.18799034E+02    0.28554385E+01   -0.11999121E+01
    0.19757691E+02    0.28554385E+01   -0.12023718E+01
    0.20779040E+02    0.28554385E+01   -0.12046080E+01
    0.21878621E+02    0.28554385E+01   -0.12066534E+01
    0.23083214E+02    0.28554385E+01   -0.12085440E+01
    0.24445799E+02    0.28554385E+01   -0.12103271E+01
    0.26106477E+02    0.28554385E+01   -0.12120973E+01
    0.10509380E+02    0.28554385E+01   -0.11409207E+01
    0.10518221E+02    0.28554385E+01   -0.11410664E+01
    0.10588736E+02    0.28554385E+01   -0.11422154E+01
    0.10728669E+02    0.28554385E+01   -0.11444281E+01
    0.10935936E+02    0.28554385E+01   -0.11475496E+01
    0.11207668E+02    0.28554385E+01   -0.11513803E+01
    0.11540468E+02    0.28554385E+01   -0.11557048E+01
    0.11930671E+02    0.28554385E+01   -0.11603169E+01
    0.12374598E+02    0.28554385E+01   -0.11650368E+01
    0.12868764E+02    0.28554385E+01   -0.11697201E+01
    0.13410040E+02    0.28554385E+01   -0.11742593E+01
    0.13995776E+02    0.28554385E+01   -0.11785810E+01
    0.14623899E+02    0.28554385E+01   -0.11826405E+01
    0.15292987E+02    0.28554385E+01   -0.11864155E+01
    0.16002347E+02    0.28554385E+01   -0.11898999E+01
    0.16752118E+02    0.28554385E+01   -0.11930997E+01
    0.17543409E+02    0.28554385E+01   -0.11960282E+01
    0.18378538E+02    0.28554385E+01   -0.11987035E+01
    0.19261400E+02    0.28554385E+01   -0.12011466E+01
    0.20198124E+02    0.28554385E+01   -0.12033802E+01
    0.21198264E+02    0.28554385E+01   -0.12054281E+01
    0.22277162E+02    0.28554385E+01   -0.12073158E+01
    0.23461301E+02    0.28554385E+01   -0.12090732E+01
    0.24803124E+02    0.28554385E+01   -0.12107420E+01
    0.26441369E+02    0.28554385E+01   -0.12124095E+01
    0.11398941E+02    0.28554385E+01   -0.11539125E+01
    0.11407092E+02    0.28554385E+01   -0.11540176E+01
    0.11472145E+02    0.28554385E+01   -0.11548479E+01
    0.11601427E+02    0.28554385E+01   -0.11564565E+01
    0.11793366E+02    0.28554385E+01   -0.11587467E+01
    0.12045772E+02    0.28554385E+01   -0.11615916E+01
    0.12356018E+02    0.28554385E+01   -0.11648496E+01
    0.12721230E+02    0.28554385E+01   -0.11683797E+01
    0.13138473E+02    0.28554385E+01   -0.11720531E+01
    0.13604921E+02    0.28554385E+01   -0.11757604E+01
    0.14118001E+02    0.28554385E+01   -0.11794145E+01
    0.14675508E+02    0.28554385E+01   -0.11829506E+01
    0.15275707E+02    0.28554385E+01   -0.11863243E+01
    0.15917419E+02    0.28554385E+01   -0.11895078E+01
    0.16600118E+02    0.28554385E+01   -0.11924870E+01
    0.17324036E+02    0.28554385E+01   -0.11952578E+01
    0.18090329E+02    0.28554385E+01   -0.11978237E+01
    0.18901308E+02    0.28554385E+01   -0.12001934E+01
    0.19760828E+02    0.28554385E+01   -0.12023792E+01
    0.20674937E+02    0.28554385E+01   -0.12043960E+01
    0.21653064E+02    0.28554385E+01   -0.12062609E+01
    0.22710366E+02    0.28554385E+01   -0.12079935E+01
    0.23873027E+02    0.28554385E+01   -0.12096185E+01
    0.25192931E+02    0.28554385E+01   -0.12111722E+01
    0.26807365E+02    0.28554385E+01   -0.12127355E+01
    0.12307273E+02    0.28554385E+01   -0.11643542E+01
    0.12314823E+02    0.28554385E+01   -0.11644313E+01
    0.12375106E+02    0.28554385E+01   -0.11650419E+01
    0.12495049E+02    0.28554385E+01   -0.11662305E+01
    0.12673460E+02    0.28554385E+01   -0.11679355E+01
    0.12908669E+02    0.28554385E+01   -0.11700747E+01
    0.13198648E+02    0.28554385E+01   -0.11725539E+01
    0.13541153E+02    0.28554385E+01   -0.11752765E+01
    0.13933865E+02    0.28554385E+01   -0.11781503E+01
    0.14374526E+02    0.28554385E+01   -0.11810937E+01
    0.14861059E+02    0.28554385E+01   -0.11840384E+01
    0.15391675E+02    0.28554385E+01   -0.11869300E+01
    0.15964972E+02    0.28554385E+01   -0.11897282E+01
    0.16580029E+02    0.28554385E+01   -0.11924047E+01
    0.17236503E+02    0.28554385E+01   -0.11949419E+01
    0.17934753E+02    0.28554385E+01   -0.11973303E+01
    0.18676004E+02    0.28554385E+01   -0.11995673E+01
    0.19462594E+02    0.28554385E+01   -0.12016552E+01
    0.20298360E+02    0.28554385E+01   -0.12036001E+01
    0.21189293E+02    0.28554385E+01   -0.12054111E+01
    0.22144712E+02    0.28554385E+01   -0.12070999E+01
    0.23179600E+02    0.28554385E+01   -0.12086816E+01
    0.24319839E+02    0.28554385E+01   -0.12101760E+01
    0.25616730E+02    0.28554385E+01   -0.12116153E+01
    0.27206027E+02    0.28554385E+01   -0.12130736E+01
    0.13237779E+02    0.28554385E+01   -0.11728759E+01
    0.13244799E+02    0.28554385E+01   -0.11729333E+01
    0.13300867E+02    0.28554385E+01   -0.11733889E+01
    0.13412534E+02    0.28554385E+01   -0.11742789E+01
    0.13578896E+02    0.28554385E+01   -0.11755637E+01
    0.13798680E+02    0.28554385E+01   -0.11771892E+01
    0.14070328E+02    0.28554385E+01   -0.11790920E+01
    0.14392103E+02    0.28554385E+01   -0.11812055E+01
    0.14762196E+02    0.28554385E+01   -0.11834640E+01
    0.15178829E+02    0.28554385E+01   -0.11858074E+01
    0.15640361E+02    0.28554385E+01   -0.11881826E+01
    0.16145386E+02    0.28554385E+01   -0.11905460E+01
    0.16692818E+02    0.28554385E+01   -0.11928627E+01
    0.17281991E+02    0.28554385E+01   -0.11951067E+01
    0.17912757E+02    0.28554385E+01   -0.11972595E+01
    0.18585618E+02    0.28554385E+01   -0.11993094E+01
    0.19301890E+02    0.28554385E+01   -0.12012503E+01
    0.20063958E+02    0.28554385E+01   -0.12030805E+01
    0.20875662E+02    0.28554385E+01   -0.12048017E+01
    0.21742952E+02    0.28554385E+01   -0.12064189E+01
    0.22675055E+02    0.28554385E+01   -0.12079399E+01
    0.23686783E+02    0.28554385E+01   -0.12093757E+01
    0.24803717E+02    0.28554385E+01   -0.12107426E+01
    0.26076555E+02    0.28554385E+01   -0.12120687E+01
    0.27639424E+02    0.28554385E+01   -0.12134221E+01
    0.14194756E+02    0.28554385E+01   -0.11799267E+01
    0.14201303E+02    0.28554385E+01   -0.11799700E+01
    0.14253609E+02    0.28554385E+01   -0.11803137E+01
    0.14357868E+02    0.28554385E+01   -0.11809875E+01
    0.14513398E+02    0.28554385E+01   -0.11819652E+01
    0.14719235E+02    0.28554385E+01   -0.11832108E+01
    0.14974192E+02    0.28554385E+01   -0.11846814E+01
    0.15276942E+02    0.28554385E+01   -0.11863308E+01
    0.15626091E+02    0.28554385E+01   -0.11881124E+01
    0.16020273E+02    0.28554385E+01   -0.11899819E+01
    0.16458226E+02    0.28554385E+01   -0.11918991E+01
    0.16938884E+02    0.28554385E+01   -0.11938294E+01
    0.17461457E+02    0.28554385E+01   -0.11957439E+01
    0.18025523E+02    0.28554385E+01   -0.11976198E+01
    0.18631134E+02    0.28554385E+01   -0.11994398E+01
    0.19278939E+02    0.28554385E+01   -0.12011917E+01
    0.19970359E+02    0.28554385E+01   -0.12028675E+01
    0.20707841E+02    0.28554385E+01   -0.12044634E+01
    0.21495245E+02    0.28554385E+01   -0.12059783E+01
    0.22338493E+02    0.28554385E+01   -0.12074144E+01
    0.23246729E+02    0.28554385E+01   -0.12087763E+01
    0.24234603E+02    0.28554385E+01   -0.12100723E+01
    0.25327390E+02    0.28554385E+01   -0.12113155E+01
    0.26575158E+02    0.28554385E+01   -0.12125305E+01
    0.28110319E+02    0.28554385E+01   -0.12137796E+01
    0.15183799E+02    0.28554385E+01   -0.11858341E+01
    0.15189920E+02    0.28554385E+01   -0.11858671E+01
    0.15238833E+02    0.28554385E+01   -0.11861287E+01
    0.15336396E+02    0.28554385E+01   -0.11866430E+01
    0.15482099E+02    0.28554385E+01   -0.11873926E+01
    0.15675220E+02    0.28554385E+01   -0.11883534E+01
    0.15914870E+02    0.28554385E+01   -0.11894960E+01
    0.16200049E+02    0.28554385E+01   -0.11907883E+01
    0.16529712E+02    0.28554385E+01   -0.11921972E+01
    0.16902834E+02    0.28554385E+01   -0.11936905E+01
    0.17318483E+02    0.28554385E+01   -0.11952379E+01
    0.17775895E+02    0.28554385E+01   -0.11968125E+01
    0.18274549E+02    0.28554385E+01   -0.11983911E+01
    0.18814254E+02    0.28554385E+01   -0.11999543E+01
    0.19395253E+02    0.28554385E+01   -0.12014869E+01
    0.20018345E+02    0.28554385E+01   -0.12029771E+01
    0.20685065E+02    0.28554385E+01   -0.12044168E+01
    0.21397929E+02    0.28554385E+01   -0.12058007E+01
    0.22160826E+02    0.28554385E+01   -0.12071264E+01
    0.22979663E+02    0.28554385E+01   -0.12083940E+01
    0.23863509E+02    0.28554385E+01   -0.12096062E+01
    0.24826853E+02    0.28554385E+01   -0.12107688E+01
    0.25894659E+02    0.28554385E+01   -0.12118926E+01
    0.27116336E+02    0.28554385E+01   -0.12129990E+01
    0.28622486E+02    0.28554385E+01   -0.12141451E+01
    0.16212475E+02    0.28554385E+01   -0.11908430E+01
    0.16218207E+02    0.28554385E+01   -0.11908682E+01
    0.16264028E+02    0.28554385E+01   -0.11910687E+01
    0.16355477E+02    0.28554385E+01   -0.11914635E+01
    0.16492179E+02    0.28554385E+01   -0.11920412E+01
    0.16673605E+02    0.28554385E+01   -0.11927854E+01
    0.16899103E+02    0.28554385E+01   -0.11936761E+01
    0.17167941E+02    0.28554385E+01   -0.11946909E+01
    0.17479358E+02    0.28554385E+01   -0.11958064E+01
    0.17832621E+02    0.28554385E+01   -0.11969991E+01
    0.18227080E+02    0.28554385E+01   -0.11982466E+01
    0.18662236E+02    0.28554385E+01   -0.11995283E+01
    0.19137809E+02    0.28554385E+01   -0.12008258E+01
    0.19653823E+02    0.28554385E+01   -0.12021234E+01
    0.20210700E+02    0.28554385E+01   -0.12034080E+01
    0.20809390E+02    0.28554385E+01   -0.12046691E+01
    0.21451538E+02    0.28554385E+01   -0.12058989E+01
    0.22139737E+02    0.28554385E+01   -0.12070918E+01
    0.22877911E+02    0.28554385E+01   -0.12082445E+01
    0.23671956E+02    0.28554385E+01   -0.12093561E+01
    0.24530872E+02    0.28554385E+01   -0.12104277E+01
    0.25468985E+02    0.28554385E+01   -0.12114636E+01
    0.26510940E+02    0.28554385E+01   -0.12124726E+01
    0.27705455E+02    0.28554385E+01   -0.12134735E+01
    0.29181215E+02    0.28554385E+01   -0.12145182E+01
    0.17291521E+02    0.28554385E+01   -0.11951410E+01
    0.17296896E+02    0.28554385E+01   -0.11951604E+01
    0.17339866E+02    0.28554385E+01   -0.11953144E+01
    0.17425670E+02    0.28554385E+01   -0.11956185E+01
    0.17554040E+02    0.28554385E+01   -0.11960648E+01
    0.17724600E+02    0.28554385E+01   -0.11966422E+01
    0.17936890E+02    0.28554385E+01   -0.11973372E+01
    0.18190397E+02    0.28554385E+01   -0.11981341E+01
    0.18484597E+02    0.28554385E+01   -0.11990165E+01
    0.18818999E+02    0.28554385E+01   -0.11999674E+01
    0.19193197E+02    0.28554385E+01   -0.12009704E+01
    0.19606922E+02    0.28554385E+01   -0.12020099E+01
    0.20060111E+02    0.28554385E+01   -0.12030718E+01
    0.20552983E+02    0.28554385E+01   -0.12041433E+01
    0.21086127E+02    0.28554385E+01   -0.12052138E+01
    0.21660634E+02    0.28554385E+01   -0.12062743E+01
    0.22278260E+02    0.28554385E+01   -0.12073176E+01
    0.22941672E+02    0.28554385E+01   -0.12083385E+01
    0.23654834E+02    0.28554385E+01   -0.12093334E+01
    0.24423633E+02    0.28554385E+01   -0.12103007E+01
    0.25256999E+02    0.28554385E+01   -0.12112408E+01
    0.26169096E+02    0.28554385E+01   -0.12121567E+01
    0.27184228E+02    0.28554385E+01   -0.12130555E+01
    0.28350390E+02    0.28554385E+01   -0.12139539E+01
    0.29794222E+02    0.28554385E+01   -0.12148988E+01
    0.18437209E+02    0.28554385E+01   -0.11988773E+01
    0.18442249E+02    0.28554385E+01   -0.11988922E+01
    0.18482557E+02    0.28554385E+01   -0.11990105E+01
    0.18563080E+02    0.28554385E+01   -0.11992445E+01
    0.18683637E+02    0.28554385E+01   -0.11995889E+01
    0.18843976E+02    0.28554385E+01   -0.12000363E+01
    0.19043791E+02    0.28554385E+01   -0.12005774E+01
    0.19282751E+02    0.28554385E+01   -0.12012014E+01
    0.19560529E+02    0.28554385E+01   -0.12018968E+01
    0.19876838E+02    0.28554385E+01   -0.12026516E+01
    0.20231480E+02    0.28554385E+01   -0.12034538E+01
    0.20624387E+02    0.28554385E+01   -0.12042919E+01
    0.21055689E+02    0.28554385E+01   -0.12051550E+01
    0.21525777E+02    0.28554385E+01   -0.12060335E+01
    0.22035397E+02    0.28554385E+01   -0.12069186E+01
    0.22585771E+02    0.28554385E+01   -0.12078029E+01
    0.23178758E+02    0.28554385E+01   -0.12086804E+01
    0.23817100E+02    0.28554385E+01   -0.12095462E+01
    0.24504798E+02    0.28554385E+01   -0.12103970E+01
    0.25247729E+02    0.28554385E+01   -0.12112309E+01
    0.26054750E+02    0.28554385E+01   -0.12120478E+01
    0.26939850E+02    0.28554385E+01   -0.12128498E+01
    0.27926981E+02    0.28554385E+01   -0.12136429E+01
    0.29063354E+02    0.28554385E+01   -0.12144416E+01
    0.30473425E+02    0.28554385E+01   -0.12152883E+01
    0.19676653E+02    0.28554385E+01   -0.12021784E+01
    0.19681376E+02    0.28554385E+01   -0.12021897E+01
    0.19719151E+02    0.28554385E+01   -0.12022801E+01
    0.19794644E+02    0.28554385E+01   -0.12024591E+01
    0.19907744E+02    0.28554385E+01   -0.12027233E+01
    0.20058301E+02    0.28554385E+01   -0.12030677E+01
    0.20246135E+02    0.28554385E+01   -0.12034860E+01
    0.20471065E+02    0.28554385E+01   -0.12039709E+01
    0.20732927E+02    0.28554385E+01   -0.12045145E+01
    0.21031612E+02    0.28554385E+01   -0.12051083E+01
    0.21367095E+02    0.28554385E+01   -0.12057439E+01
    0.21739488E+02    0.28554385E+01   -0.12064128E+01
    0.22149086E+02    0.28554385E+01   -0.12071071E+01
    0.22596439E+02    0.28554385E+01   -0.12078194E+01
    0.23082433E+02    0.28554385E+01   -0.12085429E+01
    0.23608410E+02    0.28554385E+01   -0.12092716E+01
    0.24176327E+02    0.28554385E+01   -0.12100007E+01
    0.24788995E+02    0.28554385E+01   -0.12107259E+01
    0.25450444E+02    0.28554385E+01   -0.12114444E+01
    0.26166540E+02    0.28554385E+01   -0.12121543E+01
    0.26946057E+02    0.28554385E+01   -0.12128551E+01
    0.27802797E+02    0.28554385E+01   -0.12135485E+01
    0.28760324E+02    0.28554385E+01   -0.12142396E+01
    0.29865006E+02    0.28554385E+01   -0.12149409E+01
    0.31238912E+02    0.28554385E+01   -0.12156903E+01
    0.21062499E+02    0.28554385E+01   -0.12051682E+01
    0.21066911E+02    0.28554385E+01   -0.12051767E+01
    0.21102207E+02    0.28554385E+01   -0.12052448E+01
    0.21172769E+02    0.28554385E+01   -0.12053797E+01
    0.21278545E+02    0.28554385E+01   -0.12055793E+01
    0.21419468E+02    0.28554385E+01   -0.12058402E+01
    0.21595467E+02    0.28554385E+01   -0.12061585E+01
    0.21806483E+02    0.28554385E+01   -0.12065293E+01
    0.22052494E+02    0.28554385E+01   -0.12069472E+01
    0.22333537E+02    0.28554385E+01   -0.12074064E+01
    0.22649745E+02    0.28554385E+01   -0.12079012E+01
    0.23001381E+02    0.28554385E+01   -0.12084257E+01
    0.23388891E+02    0.28554385E+01   -0.12089740E+01
    0.23812964E+02    0.28554385E+01   -0.12095408E+01
    0.24274615E+02    0.28554385E+01   -0.12101211E+01
    0.24775295E+02    0.28554385E+01   -0.12107104E+01
    0.25317050E+02    0.28554385E+01   -0.12113046E+01
    0.25902750E+02    0.28554385E+01   -0.12119005E+01
    0.26536453E+02    0.28554385E+01   -0.12124957E+01
    0.27223997E+02    0.28554385E+01   -0.12130884E+01
    0.27974063E+02    0.28554385E+01   -0.12136783E+01
    0.28800238E+02    0.28554385E+01   -0.12142666E+01
    0.29725653E+02    0.28554385E+01   -0.12148576E+01
    0.30795726E+02    0.28554385E+01   -0.12154621E+01
    0.32129859E+02    0.28554385E+01   -0.12161134E+01
    0.22732765E+02    0.28554385E+01   -0.12080274E+01
    0.22736853E+02    0.28554385E+01   -0.12080336E+01
    0.22769560E+02    0.28554385E+01   -0.12080829E+01
    0.22834970E+02    0.28554385E+01   -0.12081808E+01
    0.22933081E+02    0.28554385E+01   -0.12083259E+01
    0.23063897E+02    0.28554385E+01   -0.12085162E+01
    0.23227439E+02    0.28554385E+01   -0.12087492E+01
    0.23423758E+02    0.28554385E+01   -0.12090219E+01
    0.23652954E+02    0.28554385E+01   -0.12093309E+01
    0.23915197E+02    0.28554385E+01   -0.12096726E+01
    0.24210756E+02    0.28554385E+01   -0.12100431E+01
    0.24540034E+02    0.28554385E+01   -0.12104385E+01
    0.24903614E+02    0.28554385E+01   -0.12108550E+01
    0.25302312E+02    0.28554385E+01   -0.12112890E+01
    0.25737262E+02    0.28554385E+01   -0.12117368E+01
    0.26210017E+02    0.28554385E+01   -0.12121952E+01
    0.26722701E+02    0.28554385E+01   -0.12126615E+01
    0.27278237E+02    0.28554385E+01   -0.12131330E+01
    0.27880693E+02    0.28554385E+01   -0.12136079E+01
    0.28535868E+02    0.28554385E+01   -0.12140850E+01
    0.29252315E+02    0.28554385E+01   -0.12145638E+01
    0.30043360E+02    0.28554385E+01   -0.12150454E+01
    0.30931605E+02    0.28554385E+01   -0.12155334E+01
    0.31961328E+02    0.28554385E+01   -0.12160368E+01
    0.33248723E+02    0.28554385E+01   -0.12165842E+01
