    0.25181294E-04   -0.12480160E-04    0.37386960E-05
    0.43115992E+00    0.26880937E-03   -0.47042203E-05
    0.12939326E+01    0.80170922E-03   -0.41808348E-04
    0.21580702E+01    0.13210101E-02   -0.11323912E-03
    0.30245036E+01    0.18195371E-02   -0.21365963E-03
    0.38941959E+01    0.22926728E-02   -0.33556464E-03
    0.47681575E+01    0.27390513E-02   -0.46975070E-03
    0.56474629E+01    0.31608510E-02   -0.60576336E-03
    0.65332701E+01    0.35637593E-02   -0.73222658E-03
    0.74268453E+01    0.39548041E-02   -0.84325825E-03
    0.83295919E+01    0.43378172E-02   -0.94430959E-03
    0.92430885E+01    0.47152114E-02   -0.10393458E-02
    0.10169138E+02    0.50888190E-02   -0.11306129E-02
    0.11109833E+02    0.54602937E-02   -0.12195235E-02
    0.12067645E+02    0.58309932E-02   -0.13070169E-02
    0.13045550E+02    0.62024864E-02   -0.13938370E-02
    0.14047211E+02    0.65762721E-02   -0.14805797E-02
    0.15077254E+02    0.69541691E-02   -0.15678190E-02
    0.16141699E+02    0.73383039E-02   -0.16561585E-02
    0.17248686E+02    0.77314121E-02   -0.17462968E-02
    0.18409761E+02    0.81372215E-02   -0.18391582E-02
    0.19642425E+02    0.85612842E-02   -0.19360169E-02
    0.20975833E+02    0.90125769E-02   -0.20389797E-02
    0.22466595E+02    0.95087656E-02   -0.21520577E-02
    0.24263119E+02    0.10095742E-01   -0.22857118E-02
    0.61175440E+00    0.38109977E-03   -0.94543876E-05
    0.74842656E+00    0.46587671E-03   -0.14127259E-04
    0.14312600E+01    0.88541992E-03   -0.50982852E-04
    0.22431029E+01    0.13710272E-02   -0.12193018E-03
    0.30857520E+01    0.18537926E-02   -0.22165648E-03
    0.39419545E+01    0.23178176E-02   -0.34268853E-03
    0.48072414E+01    0.27583565E-02   -0.47585728E-03
    0.56805000E+01    0.31762268E-02   -0.61074413E-03
    0.65618490E+01    0.35764801E-02   -0.73601162E-03
    0.74519980E+01    0.39656267E-02   -0.84619961E-03
    0.83520263E+01    0.43472026E-02   -0.94671887E-03
    0.92633109E+01    0.47234616E-02   -0.10413885E-02
    0.10187522E+02    0.50961488E-02   -0.11323820E-02
    0.11126663E+02    0.54668681E-02   -0.12210851E-02
    0.12083141E+02    0.58369380E-02   -0.13084117E-02
    0.13059886E+02    0.62078839E-02   -0.13950936E-02
    0.14060526E+02    0.65812008E-02   -0.14817193E-02
    0.15089660E+02    0.69586814E-02   -0.15688587E-02
    0.16153288E+02    0.73424509E-02   -0.16571106E-02
    0.17259531E+02    0.77352368E-02   -0.17471720E-02
    0.18419923E+02    0.81407449E-02   -0.18399633E-02
    0.19651949E+02    0.85645356E-02   -0.19367593E-02
    0.20984752E+02    0.90155744E-02   -0.20396619E-02
    0.22474923E+02    0.95115124E-02   -0.21526838E-02
    0.24270830E+02    0.10098234E-01   -0.22862798E-02
    0.14048345E+01    0.86934852E-03   -0.49150908E-04
    0.14695097E+01    0.90867427E-03   -0.53691428E-04
    0.19099271E+01    0.11738551E-02   -0.89498512E-04
    0.25750392E+01    0.15640702E-02   -0.15840497E-03
    0.33348436E+01    0.19916634E-02   -0.25520057E-03
    0.41398456E+01    0.24210644E-02   -0.37254472E-03
    0.49708034E+01    0.28385419E-02   -0.50141502E-03
    0.58195701E+01    0.32406282E-02   -0.63152979E-03
    0.66826027E+01    0.36300533E-02   -0.75180763E-03
    0.75585442E+01    0.40113723E-02   -0.85857415E-03
    0.84472280E+01    0.43869512E-02   -0.95690060E-03
    0.93492376E+01    0.47584678E-02   -0.10500396E-02
    0.10265716E+02    0.51273088E-02   -0.11398981E-02
    0.11198301E+02    0.54948128E-02   -0.12277211E-02
    0.12149141E+02    0.58622299E-02   -0.13143440E-02
    0.13120973E+02    0.62308685E-02   -0.14004446E-02
    0.14117284E+02    0.66022002E-02   -0.14865734E-02
    0.15142561E+02    0.69779118E-02   -0.15732895E-02
    0.16202716E+02    0.73601305E-02   -0.16611695E-02
    0.17305800E+02    0.77515390E-02   -0.17509046E-02
    0.18463284E+02    0.81557745E-02   -0.18433969E-02
    0.19692598E+02    0.85784026E-02   -0.19399269E-02
    0.21022824E+02    0.90283681E-02   -0.20425734E-02
    0.22510474E+02    0.95232419E-02   -0.21553558E-02
    0.24303755E+02    0.10108875E-01   -0.22887048E-02
    0.22040422E+01    0.13480807E-02   -0.11790348E-03
    0.22458185E+01    0.13726211E-02   -0.12221222E-03
    0.25557902E+01    0.15529759E-02   -0.15618294E-03
    0.30846505E+01    0.18531782E-02   -0.22151176E-03
    0.37423821E+01    0.22121730E-02   -0.31316433E-03
    0.44746579E+01    0.25923476E-02   -0.42402690E-03
    0.52529161E+01    0.29746956E-02   -0.54533150E-03
    0.60623130E+01    0.33518291E-02   -0.66702379E-03
    0.68950287E+01    0.37236746E-02   -0.77887730E-03
    0.77469886E+01    0.40918890E-02   -0.88010721E-03
    0.86162580E+01    0.44572701E-02   -0.97478650E-03
    0.95022359E+01    0.48206181E-02   -0.10653328E-02
    0.10405247E+02    0.51828085E-02   -0.11532559E-02
    0.11326350E+02    0.55447248E-02   -0.12395418E-02
    0.12267268E+02    0.59073791E-02   -0.13249305E-02
    0.13230426E+02    0.62719754E-02   -0.14100038E-02
    0.14219070E+02    0.66397757E-02   -0.14952629E-02
    0.15237500E+02    0.70123917E-02   -0.15812304E-02
    0.16291478E+02    0.73918507E-02   -0.16684516E-02
    0.17388932E+02    0.77807802E-02   -0.17576044E-02
    0.18541227E+02    0.81827652E-02   -0.18495623E-02
    0.19765694E+02    0.86033108E-02   -0.19456168E-02
    0.21091311E+02    0.90513610E-02   -0.20478086E-02
    0.22574448E+02    0.95443535E-02   -0.21601597E-02
    0.24363020E+02    0.10128027E-01   -0.22930662E-02
    0.30066060E+01    0.18095073E-02   -0.21134338E-03
    0.30373637E+01    0.18267371E-02   -0.21532992E-03
    0.32732157E+01    0.19577698E-02   -0.24675473E-03
    0.37009386E+01    0.21900396E-02   -0.30711710E-03
    0.42646573E+01    0.24854073E-02   -0.39161520E-03
    0.49198009E+01    0.28136353E-02   -0.49344751E-03
    0.56369323E+01    0.31559434E-02   -0.60417273E-03
    0.63979306E+01    0.35033168E-02   -0.71404049E-03
    0.71918911E+01    0.38532372E-02   -0.81535159E-03
    0.80123474E+01    0.42044450E-02   -0.90976732E-03
    0.88556073E+01    0.45562777E-02   -0.99975148E-03
    0.97197924E+01    0.49085899E-02   -0.10868670E-02
    0.10604294E+02    0.52616147E-02   -0.11721593E-02
    0.11509477E+02    0.56158413E-02   -0.12563640E-02
    0.12436548E+02    0.59719449E-02   -0.13400459E-02
    0.13387534E+02    0.63308478E-02   -0.14236857E-02
    0.14365369E+02    0.66936741E-02   -0.15077185E-02
    0.15374110E+02    0.70619388E-02   -0.15926344E-02
    0.16419322E+02    0.74374928E-02   -0.16789226E-02
    0.17508764E+02    0.78228794E-02   -0.17672433E-02
    0.18653659E+02    0.82216402E-02   -0.18584470E-02
    0.19871199E+02    0.86392393E-02   -0.19538108E-02
    0.21190216E+02    0.90844856E-02   -0.20553675E-02
    0.22666883E+02    0.95748383E-02   -0.21670928E-02
    0.24448694E+02    0.10155714E-01   -0.22993628E-02
    0.38127523E+01    0.22495952E-02   -0.32349871E-03
    0.38370534E+01    0.22624756E-02   -0.32708769E-03
    0.40263311E+01    0.23620269E-02   -0.35535420E-03
    0.43811354E+01    0.25449292E-02   -0.40954999E-03
    0.48666931E+01    0.27876066E-02   -0.48514938E-03
    0.54499396E+01    0.30682440E-02   -0.57570569E-03
    0.61051131E+01    0.33712858E-02   -0.67316218E-03
    0.68140236E+01    0.36880637E-02   -0.76866006E-03
    0.75644364E+01    0.40138981E-02   -0.85925441E-03
    0.83483598E+01    0.43456692E-02   -0.94632527E-03
    0.91607413E+01    0.46815678E-02   -0.10310060E-02
    0.99985881E+01    0.50206452E-02   -0.11141208E-02
    0.10860407E+02    0.53625281E-02   -0.11962674E-02
    0.11745870E+02    0.57072641E-02   -0.12779274E-02
    0.12655637E+02    0.60551591E-02   -0.13594877E-02
    0.13591301E+02    0.64069269E-02   -0.14413450E-02
    0.14555454E+02    0.67635187E-02   -0.15238534E-02
    0.15551870E+02    0.71262316E-02   -0.16074225E-02
    0.16585884E+02    0.74968078E-02   -0.16925353E-02
    0.17665057E+02    0.78777175E-02   -0.17797932E-02
    0.18800436E+02    0.82723295E-02   -0.18700330E-02
    0.20009046E+02    0.86860875E-02   -0.19645055E-02
    0.21319537E+02    0.91277174E-02   -0.20652330E-02
    0.22787825E+02    0.96146339E-02   -0.21761532E-02
    0.24560864E+02    0.10191938E-01   -0.23075977E-02
    0.46232021E+01    0.26669902E-02   -0.44712790E-03
    0.46432636E+01    0.26770084E-02   -0.45025546E-03
    0.48008603E+01    0.27552085E-02   -0.47486006E-03
    0.51020843E+01    0.29022253E-02   -0.52189403E-03
    0.55246375E+01    0.31034027E-02   -0.58712637E-03
    0.60447299E+01    0.33438236E-02   -0.66449110E-03
    0.66414851E+01    0.36118409E-02   -0.74646319E-03
    0.72984817E+01    0.38994159E-02   -0.82811426E-03
    0.80036002E+01    0.42007493E-02   -0.90880198E-03
    0.87482586E+01    0.45119532E-02   -0.98859935E-03
    0.95265995E+01    0.48304943E-02   -0.10677540E-02
    0.10334829E+02    0.51548266E-02   -0.11465273E-02
    0.11170737E+02    0.54840644E-02   -0.12251698E-02
    0.12033386E+02    0.58178463E-02   -0.13039305E-02
    0.12922928E+02    0.61562762E-02   -0.13830774E-02
    0.13840534E+02    0.64996976E-02   -0.14628495E-02
    0.14788446E+02    0.68488695E-02   -0.15435458E-02
    0.15770149E+02    0.72049468E-02   -0.16255248E-02
    0.16790725E+02    0.75695653E-02   -0.17092097E-02
    0.17857524E+02    0.79449639E-02   -0.17951944E-02
    0.18981394E+02    0.83346529E-02   -0.18842764E-02
    0.20179169E+02    0.87438258E-02   -0.19776830E-02
    0.21479282E+02    0.91810885E-02   -0.20773939E-02
    0.22937347E+02    0.96637105E-02   -0.21873428E-02
    0.24699655E+02    0.10236663E-01   -0.23177810E-02
    0.54388585E+01    0.30630166E-02   -0.57400669E-03
    0.54559217E+01    0.30710649E-02   -0.57662239E-03
    0.55906568E+01    0.31343335E-02   -0.59716745E-03
    0.58513630E+01    0.32552769E-02   -0.63623892E-03
    0.62232471E+01    0.34247741E-02   -0.68989971E-03
    0.66892409E+01    0.36329916E-02   -0.75266724E-03
    0.72330152E+01    0.38710709E-02   -0.82029370E-03
    0.78406007E+01    0.41317052E-02   -0.89065729E-03
    0.85008706E+01    0.44093027E-02   -0.96259851E-03
    0.92053904E+01    0.46998185E-02   -0.10355325E-02
    0.99480291E+01    0.50003839E-02   -0.11092045E-02
    0.10724545E+02    0.53090513E-02   -0.11834993E-02
    0.11532240E+02    0.56246670E-02   -0.12584486E-02
    0.12369704E+02    0.59464783E-02   -0.13340834E-02
    0.13236663E+02    0.62743150E-02   -0.14105475E-02
    0.14133915E+02    0.66083478E-02   -0.14879946E-02
    0.15063377E+02    0.69491202E-02   -0.15666557E-02
    0.16028249E+02    0.72976540E-02   -0.16468241E-02
    0.17033368E+02    0.76553886E-02   -0.17288966E-02
    0.18085860E+02    0.80246337E-02   -0.18134178E-02
    0.19196367E+02    0.84085829E-02   -0.19011552E-02
    0.20381512E+02    0.88123304E-02   -0.19933052E-02
    0.21669489E+02    0.92445353E-02   -0.20918513E-02
    0.23115559E+02    0.97221499E-02   -0.22006538E-02
    0.24865239E+02    0.10289913E-01   -0.23299103E-02
    0.62607479E+01    0.34416904E-02   -0.69514535E-03
    0.62755767E+01    0.34483717E-02   -0.69721036E-03
    0.63930607E+01    0.35011351E-02   -0.71337783E-03
    0.66222527E+01    0.36033136E-02   -0.74395152E-03
    0.69530271E+01    0.37490999E-02   -0.78612295E-03
    0.73730404E+01    0.39316176E-02   -0.83693481E-03
    0.78697071E+01    0.41440592E-02   -0.89391519E-03
    0.84315361E+01    0.43804075E-02   -0.95522850E-03
    0.90487890E+01    0.46357189E-02   -0.10196117E-02
    0.97136499E+01    0.49061128E-02   -0.10862622E-02
    0.10420128E+02    0.51887137E-02   -0.11546744E-02
    0.11163855E+02    0.54813803E-02   -0.12245324E-02
    0.11941873E+02    0.57827102E-02   -0.12956738E-02
    0.12752465E+02    0.60918560E-02   -0.13680521E-02
    0.13595037E+02    0.64083193E-02   -0.14416679E-02
    0.14470084E+02    0.67321761E-02   -0.15166179E-02
    0.15379243E+02    0.70637982E-02   -0.15930623E-02
    0.16325457E+02    0.74039868E-02   -0.16712368E-02
    0.17313331E+02    0.77541901E-02   -0.17515119E-02
    0.18349772E+02    0.81164104E-02   -0.18344014E-02
    0.19445212E+02    0.84938264E-02   -0.19206266E-02
    0.20616057E+02    0.88915197E-02   -0.20113691E-02
    0.21890239E+02    0.93179312E-02   -0.21085797E-02
    0.23322626E+02    0.97899267E-02   -0.22160802E-02
    0.25057851E+02    0.10351811E-01   -0.23439883E-02
    0.70900165E+01    0.38089362E-02   -0.80299710E-03
    0.71031143E+01    0.38146417E-02   -0.80459445E-03
    0.72071211E+01    0.38598442E-02   -0.81718362E-03
    0.74111808E+01    0.39480584E-02   -0.84142176E-03
    0.77081746E+01    0.40753471E-02   -0.87571030E-03
    0.80890726E+01    0.42368159E-02   -0.91820598E-03
    0.85442179E+01    0.44273427E-02   -0.96718667E-03
    0.90643351E+01    0.46420937E-02   -0.10211985E-02
    0.96411593E+01    0.48768498E-02   -0.10791101E-02
    0.10267734E+02    0.51281127E-02   -0.11400919E-02
    0.10938484E+02    0.53931843E-02   -0.12035662E-02
    0.11649164E+02    0.56699134E-02   -0.12691203E-02
    0.12396762E+02    0.59567905E-02   -0.13364980E-02
    0.13179405E+02    0.62528259E-02   -0.14055528E-02
    0.13996299E+02    0.65574242E-02   -0.14762192E-02
    0.14847717E+02    0.68705194E-02   -0.15485376E-02
    0.15735072E+02    0.71923132E-02   -0.16226218E-02
    0.16661090E+02    0.75235303E-02   -0.16986624E-02
    0.17630167E+02    0.78654907E-02   -0.17769943E-02
    0.18649008E+02    0.82200330E-02   -0.18580796E-02
    0.19727839E+02    0.85904145E-02   -0.19426714E-02
    0.20882844E+02    0.89813364E-02   -0.20318585E-02
    0.22141678E+02    0.94013940E-02   -0.21275831E-02
    0.23558783E+02    0.98669910E-02   -0.22336340E-02
    0.25277802E+02    0.10422300E-01   -0.23600279E-02
    0.79279488E+01    0.41687453E-02   -0.90041518E-03
    0.79396644E+01    0.41737060E-02   -0.90171896E-03
    0.80328472E+01    0.42131019E-02   -0.91202688E-03
    0.82164250E+01    0.42903902E-02   -0.93209867E-03
    0.84852810E+01    0.44028097E-02   -0.96094530E-03
    0.88327308E+01    0.45468438E-02   -0.99738165E-03
    0.92513620E+01    0.47185874E-02   -0.10401818E-02
    0.97337664E+01    0.49142240E-02   -0.10882422E-02
    0.10273071E+02    0.51302387E-02   -0.11406044E-02
    0.10863259E+02    0.53636487E-02   -0.11965345E-02
    0.11499325E+02    0.56119033E-02   -0.12554336E-02
    0.12177317E+02    0.58730087E-02   -0.13168727E-02
    0.12894330E+02    0.61454886E-02   -0.13805633E-02
    0.13648471E+02    0.64282308E-02   -0.14462855E-02
    0.14438851E+02    0.67206995E-02   -0.15139657E-02
    0.15265607E+02    0.70225934E-02   -0.15835788E-02
    0.16129988E+02    0.73341122E-02   -0.16551962E-02
    0.17034552E+02    0.76558065E-02   -0.17289924E-02
    0.17983515E+02    0.79889653E-02   -0.18052618E-02
    0.18983401E+02    0.83353434E-02   -0.18844342E-02
    0.20044243E+02    0.86980306E-02   -0.19672358E-02
    0.21182003E+02    0.90817379E-02   -0.20547400E-02
    0.22424048E+02    0.94947335E-02   -0.21488575E-02
    0.23824363E+02    0.99534503E-02   -0.22533129E-02
    0.25525503E+02    0.10501449E-01   -0.23780434E-02
    0.87759980E+01    0.45234203E-02   -0.99148810E-03
    0.87865830E+01    0.45277936E-02   -0.99258926E-03
    0.88708739E+01    0.45625699E-02   -0.10013304E-02
    0.90374448E+01    0.46310651E-02   -0.10184524E-02
    0.92825516E+01    0.47313068E-02   -0.10433300E-02
    0.96011928E+01    0.48606934E-02   -0.10751542E-02
    0.99876658E+01    0.50162702E-02   -0.11130596E-02
    0.10436090E+02    0.51950456E-02   -0.11561951E-02
    0.10940830E+02    0.53941046E-02   -0.12037852E-02
    0.11496790E+02    0.56109198E-02   -0.12552012E-02
    0.12099597E+02    0.58432489E-02   -0.13098921E-02
    0.12745698E+02    0.60892932E-02   -0.13674540E-02
    0.13432405E+02    0.63476301E-02   -0.14275844E-02
    0.14157914E+02    0.66172127E-02   -0.14900444E-02
    0.14921334E+02    0.68973754E-02   -0.15547304E-02
    0.15722739E+02    0.71878694E-02   -0.16216005E-02
    0.16563281E+02    0.74887706E-02   -0.16906910E-02
    0.17445393E+02    0.78006205E-02   -0.17621485E-02
    0.18373149E+02    0.81245224E-02   -0.18362558E-02
    0.19352914E+02    0.84622649E-02   -0.19134094E-02
    0.20394545E+02    0.88167314E-02   -0.19943103E-02
    0.21513786E+02    0.91926112E-02   -0.20800197E-02
    0.22737716E+02    0.95981585E-02   -0.21724005E-02
    0.24119827E+02    0.10049351E-01   -0.22751475E-02
    0.25801494E+02    0.10589485E-01   -0.23980705E-02
    0.96358294E+01    0.48746962E-02   -0.10785831E-02
    0.96454709E+01    0.48785918E-02   -0.10795363E-02
    0.97223182E+01    0.49096084E-02   -0.10871156E-02
    0.98745368E+01    0.49708782E-02   -0.11020403E-02
    0.10099348E+02    0.50609645E-02   -0.11238845E-02
    0.10392977E+02    0.51779373E-02   -0.11520854E-02
    0.10751025E+02    0.53194907E-02   -0.11859937E-02
    0.11168843E+02    0.54833256E-02   -0.12249943E-02
    0.11641857E+02    0.56670895E-02   -0.12684547E-02
    0.12165823E+02    0.58686128E-02   -0.13158414E-02
    0.12737006E+02    0.60860002E-02   -0.13666855E-02
    0.13352299E+02    0.63176583E-02   -0.14206207E-02
    0.14009303E+02    0.65622384E-02   -0.14773334E-02
    0.14706380E+02    0.68188474E-02   -0.15366220E-02
    0.15442709E+02    0.70867758E-02   -0.15983489E-02
    0.16218372E+02    0.73657276E-02   -0.16624545E-02
    0.17034476E+02    0.76557795E-02   -0.17289862E-02
    0.17893373E+02    0.79574885E-02   -0.17980610E-02
    0.18799034E+02    0.82718456E-02   -0.18699224E-02
    0.19757691E+02    0.86005847E-02   -0.19449944E-02
    0.20779040E+02    0.89464618E-02   -0.20238932E-02
    0.21878621E+02    0.93140726E-02   -0.21077001E-02
    0.23083214E+02    0.97115432E-02   -0.21982407E-02
    0.24445799E+02    0.10154779E-01   -0.22991502E-02
    0.26106477E+02    0.10686432E-01   -0.24201299E-02
    0.10509380E+02    0.52240866E-02   -0.11631650E-02
    0.10518221E+02    0.52275862E-02   -0.11640045E-02
    0.10588736E+02    0.52554704E-02   -0.11706883E-02
    0.10728669E+02    0.53106774E-02   -0.11838878E-02
    0.10935936E+02    0.53921845E-02   -0.12033283E-02
    0.11207668E+02    0.54984657E-02   -0.12285876E-02
    0.11540468E+02    0.56278561E-02   -0.12592016E-02
    0.11930671E+02    0.57784072E-02   -0.12946628E-02
    0.12374598E+02    0.59483442E-02   -0.13345203E-02
    0.12868764E+02    0.61358393E-02   -0.13783136E-02
    0.13410040E+02    0.63392674E-02   -0.14256418E-02
    0.13995776E+02    0.65572305E-02   -0.14761744E-02
    0.14623899E+02    0.67886247E-02   -0.15296469E-02
    0.15292987E+02    0.70325281E-02   -0.15858655E-02
    0.16002347E+02    0.72883608E-02   -0.16446893E-02
    0.16752118E+02    0.75558576E-02   -0.17060691E-02
    0.17543409E+02    0.78350447E-02   -0.17700271E-02
    0.18378538E+02    0.81263920E-02   -0.18366832E-02
    0.19261400E+02    0.84309122E-02   -0.19062483E-02
    0.20198124E+02    0.87502591E-02   -0.19791480E-02
    0.21198264E+02    0.90871775E-02   -0.20559822E-02
    0.22277162E+02    0.94462493E-02   -0.21377970E-02
    0.23461301E+02    0.98351960E-02   -0.22263938E-02
    0.24803124E+02    0.10269947E-01   -0.23253635E-02
    0.26441369E+02    0.10792475E-01   -0.24442690E-02
    0.11398941E+02    0.55729323E-02   -0.12462189E-02
    0.11407092E+02    0.55760982E-02   -0.12469680E-02
    0.11472145E+02    0.56013567E-02   -0.12529411E-02
    0.11601427E+02    0.56514582E-02   -0.12647700E-02
    0.11793366E+02    0.57255822E-02   -0.12822430E-02
    0.12045772E+02    0.58225996E-02   -0.13050467E-02
    0.12356018E+02    0.59412599E-02   -0.13328617E-02
    0.12721230E+02    0.60800228E-02   -0.13652904E-02
    0.13138473E+02    0.62374476E-02   -0.14019757E-02
    0.13604921E+02    0.64120033E-02   -0.14425223E-02
    0.14118001E+02    0.66024652E-02   -0.14866347E-02
    0.14675508E+02    0.68075403E-02   -0.15340127E-02
    0.15275707E+02    0.70262585E-02   -0.15844224E-02
    0.15917419E+02    0.72578772E-02   -0.16376858E-02
    0.16600118E+02    0.75018677E-02   -0.16936960E-02
    0.17324036E+02    0.77579580E-02   -0.17523751E-02
    0.18090329E+02    0.80261899E-02   -0.18137736E-02
    0.18901308E+02    0.83070968E-02   -0.18779790E-02
    0.19760828E+02    0.86016531E-02   -0.19452383E-02
    0.20674937E+02    0.89113911E-02   -0.20158958E-02
    0.21653064E+02    0.92390649E-02   -0.20906050E-02
    0.22710366E+02    0.95891587E-02   -0.21703516E-02
    0.23873027E+02    0.99692492E-02   -0.22569148E-02
    0.25192931E+02    0.10395142E-01   -0.23538434E-02
    0.26807365E+02    0.10908117E-01   -0.24705650E-02
    0.12307273E+02    0.59226586E-02   -0.13285075E-02
    0.12314823E+02    0.59255412E-02   -0.13291822E-02
    0.12375106E+02    0.59485375E-02   -0.13345656E-02
    0.12495049E+02    0.59942112E-02   -0.13452558E-02
    0.12673460E+02    0.60619164E-02   -0.13610647E-02
    0.12908669E+02    0.61508984E-02   -0.13818242E-02
    0.13198648E+02    0.62600503E-02   -0.14072322E-02
    0.13541153E+02    0.63882306E-02   -0.14370084E-02
    0.13933865E+02    0.65343043E-02   -0.14708656E-02
    0.14374526E+02    0.66970440E-02   -0.15084974E-02
    0.14861059E+02    0.68753891E-02   -0.15496605E-02
    0.15391675E+02    0.70683014E-02   -0.15940986E-02
    0.15964972E+02    0.72749469E-02   -0.16416076E-02
    0.16580029E+02    0.74947264E-02   -0.16920577E-02
    0.17236503E+02    0.77271144E-02   -0.17453136E-02
    0.17934753E+02    0.79719434E-02   -0.18013683E-02
    0.18676004E+02    0.82293604E-02   -0.18602118E-02
    0.19462594E+02    0.84997708E-02   -0.19219848E-02
    0.20298360E+02    0.87842277E-02   -0.19868890E-02
    0.21189293E+02    0.90841768E-02   -0.20552970E-02
    0.22144712E+02    0.94023999E-02   -0.21278120E-02
    0.23179600E+02    0.97431405E-02   -0.22054285E-02
    0.24319839E+02    0.10114073E-01   -0.22898889E-02
    0.25616730E+02    0.10530581E-01   -0.23846684E-02
    0.27206027E+02    0.11033537E-01   -0.24990933E-02
    0.13237779E+02    0.62747339E-02   -0.14106448E-02
    0.13244799E+02    0.62773670E-02   -0.14112567E-02
    0.13300867E+02    0.62983895E-02   -0.14161423E-02
    0.13412534E+02    0.63402003E-02   -0.14258586E-02
    0.13578896E+02    0.64023032E-02   -0.14402726E-02
    0.13798680E+02    0.64841504E-02   -0.14592475E-02
    0.14070328E+02    0.65848289E-02   -0.14825580E-02
    0.14392103E+02    0.67035107E-02   -0.15099922E-02
    0.14762196E+02    0.68392722E-02   -0.15413329E-02
    0.15178829E+02    0.69910872E-02   -0.15763247E-02
    0.15640361E+02    0.71581687E-02   -0.16147702E-02
    0.16145386E+02    0.73396233E-02   -0.16564614E-02
    0.16692818E+02    0.75347983E-02   -0.17012444E-02
    0.17281991E+02    0.77431532E-02   -0.17489841E-02
    0.17912757E+02    0.79642604E-02   -0.17996106E-02
    0.18585618E+02    0.81981213E-02   -0.18530711E-02
    0.19301890E+02    0.84447954E-02   -0.19094171E-02
    0.20063958E+02    0.87047196E-02   -0.19687644E-02
    0.20875662E+02    0.89789244E-02   -0.20313078E-02
    0.21742952E+02    0.92689834E-02   -0.20974218E-02
    0.22675055E+02    0.95775308E-02   -0.21677054E-02
    0.23686783E+02    0.99087055E-02   -0.22431248E-02
    0.24803717E+02    0.10270137E-01   -0.23254069E-02
    0.26076555E+02    0.10676928E-01   -0.24179694E-02
    0.27639424E+02    0.11169290E-01   -0.25299788E-02
    0.14194756E+02    0.66308091E-02   -0.14931891E-02
    0.14201303E+02    0.66332239E-02   -0.14937476E-02
    0.14253609E+02    0.66525079E-02   -0.14982067E-02
    0.14357868E+02    0.66909133E-02   -0.15070805E-02
    0.14513398E+02    0.67480829E-02   -0.15202912E-02
    0.14719235E+02    0.68235536E-02   -0.15377077E-02
    0.14974192E+02    0.69166423E-02   -0.15591719E-02
    0.15276942E+02    0.70267065E-02   -0.15845255E-02
    0.15626091E+02    0.71530208E-02   -0.16135858E-02
    0.16020273E+02    0.72947924E-02   -0.16461668E-02
    0.16458226E+02    0.74513659E-02   -0.16821054E-02
    0.16938884E+02    0.76220274E-02   -0.17212428E-02
    0.17461457E+02    0.78062637E-02   -0.17634404E-02
    0.18025523E+02    0.80036136E-02   -0.18086116E-02
    0.18631134E+02    0.82138564E-02   -0.18566676E-02
    0.19278939E+02    0.84369281E-02   -0.19076211E-02
    0.19970359E+02    0.86729544E-02   -0.19615037E-02
    0.20707841E+02    0.89224877E-02   -0.20184244E-02
    0.21495245E+02    0.91864197E-02   -0.20786088E-02
    0.22338493E+02    0.94665087E-02   -0.21424169E-02
    0.23246729E+02    0.97651172E-02   -0.22104297E-02
    0.24234603E+02    0.10086521E-01   -0.22836104E-02
    0.25327390E+02    0.10438153E-01   -0.23636385E-02
    0.26575158E+02    0.10834788E-01   -0.24538949E-02
    0.28110319E+02    0.11316132E-01   -0.25633913E-02
    0.15183799E+02    0.69928926E-02   -0.15767405E-02
    0.15189920E+02    0.69951155E-02   -0.15772525E-02
    0.15238833E+02    0.70128757E-02   -0.15813418E-02
    0.15336396E+02    0.70482703E-02   -0.15894887E-02
    0.15482099E+02    0.71010219E-02   -0.16016252E-02
    0.15675220E+02    0.71707401E-02   -0.16176622E-02
    0.15914870E+02    0.72569621E-02   -0.16374755E-02
    0.16200049E+02    0.73591770E-02   -0.16609505E-02
    0.16529712E+02    0.74768273E-02   -0.16879497E-02
    0.16902834E+02    0.76092870E-02   -0.17183187E-02
    0.17318483E+02    0.77560038E-02   -0.17519274E-02
    0.17775895E+02    0.79164610E-02   -0.17886670E-02
    0.18274549E+02    0.80902872E-02   -0.18284285E-02
    0.18814254E+02    0.82770970E-02   -0.18711226E-02
    0.19395253E+02    0.84767448E-02   -0.19167209E-02
    0.20018345E+02    0.86892431E-02   -0.19652269E-02
    0.20685065E+02    0.89148076E-02   -0.20166742E-02
    0.21397929E+02    0.91539111E-02   -0.20712018E-02
    0.22160826E+02    0.94077409E-02   -0.21290276E-02
    0.22979663E+02    0.96775862E-02   -0.21905067E-02
    0.23863509E+02    0.99661599E-02   -0.22562105E-02
    0.24826853E+02    0.10277575E-01   -0.23271009E-02
    0.25894659E+02    0.10619115E-01   -0.24048182E-02
    0.27116336E+02    0.11005353E-01   -0.24926861E-02
    0.28622486E+02    0.11475145E-01   -0.25995609E-02
    0.16212475E+02    0.73636195E-02   -0.16619705E-02
    0.16218207E+02    0.73656687E-02   -0.16624410E-02
    0.16264028E+02    0.73820443E-02   -0.16662006E-02
    0.16355477E+02    0.74147062E-02   -0.16736960E-02
    0.16492179E+02    0.74634639E-02   -0.16848820E-02
    0.16673605E+02    0.75279752E-02   -0.16996810E-02
    0.16899103E+02    0.76079676E-02   -0.17180159E-02
    0.17167941E+02    0.77029078E-02   -0.17397774E-02
    0.17479358E+02    0.78125518E-02   -0.17648797E-02
    0.17832621E+02    0.79362659E-02   -0.17932030E-02
    0.18227080E+02    0.80737849E-02   -0.18246553E-02
    0.18662236E+02    0.82246036E-02   -0.18591244E-02
    0.19137809E+02    0.83884547E-02   -0.18965635E-02
    0.19653823E+02    0.85651751E-02   -0.19369053E-02
    0.20210700E+02    0.87545264E-02   -0.19801198E-02
    0.20809390E+02    0.89566646E-02   -0.20262233E-02
    0.21451538E+02    0.91718210E-02   -0.20752822E-02
    0.22139737E+02    0.94007504E-02   -0.21274367E-02
    0.22877911E+02    0.96442142E-02   -0.21828963E-02
    0.23671956E+02    0.99038766E-02   -0.22420263E-02
    0.24530872E+02    0.10182258E-01   -0.23053963E-02
    0.25468985E+02    0.10483396E-01   -0.23739368E-02
    0.26510940E+02    0.10814481E-01   -0.24492762E-02
    0.27705455E+02    0.11189921E-01   -0.25346726E-02
    0.29181215E+02    0.11647750E-01   -0.26388118E-02
    0.17291521E+02    0.77465107E-02   -0.17497529E-02
    0.17296896E+02    0.77484036E-02   -0.17501865E-02
    0.17339866E+02    0.77635277E-02   -0.17536513E-02
    0.17425670E+02    0.77936909E-02   -0.17605618E-02
    0.17554040E+02    0.78387772E-02   -0.17708811E-02
    0.17724600E+02    0.78985467E-02   -0.17845632E-02
    0.17936890E+02    0.79726898E-02   -0.18015391E-02
    0.18190397E+02    0.80610239E-02   -0.18217377E-02
    0.18484597E+02    0.81631580E-02   -0.18450834E-02
    0.18818999E+02    0.82787339E-02   -0.18714967E-02
    0.19193197E+02    0.84074937E-02   -0.19009068E-02
    0.19606922E+02    0.85491543E-02   -0.19332488E-02
    0.20060111E+02    0.87034146E-02   -0.19684662E-02
    0.20552983E+02    0.88702245E-02   -0.20065165E-02
    0.21086127E+02    0.90496223E-02   -0.20474124E-02
    0.21660634E+02    0.92415865E-02   -0.20911795E-02
    0.22278260E+02    0.94466123E-02   -0.21378797E-02
    0.22941672E+02    0.96651286E-02   -0.21876662E-02
    0.23654834E+02    0.98982987E-02   -0.22407575E-02
    0.24423633E+02    0.10147616E-01   -0.22975218E-02
    0.25256999E+02    0.10415647E-01   -0.23585126E-02
    0.26169096E+02    0.10706305E-01   -0.24246488E-02
    0.27184228E+02    0.11026690E-01   -0.24975366E-02
    0.28350390E+02    0.11390798E-01   -0.25803643E-02
    0.29794222E+02    0.11836117E-01   -0.26816452E-02
    0.18437209E+02    0.81467375E-02   -0.18413324E-02
    0.18442249E+02    0.81484847E-02   -0.18417316E-02
    0.18482557E+02    0.81624516E-02   -0.18449221E-02
    0.18563080E+02    0.81903262E-02   -0.18512898E-02
    0.18683637E+02    0.82319973E-02   -0.18608146E-02
    0.18843976E+02    0.82873468E-02   -0.18734651E-02
    0.19043791E+02    0.83561170E-02   -0.18891802E-02
    0.19282751E+02    0.84382354E-02   -0.19079194E-02
    0.19560529E+02    0.85332854E-02   -0.19296304E-02
    0.19876838E+02    0.86411587E-02   -0.19542483E-02
    0.20231480E+02    0.87615744E-02   -0.19817249E-02
    0.20624387E+02    0.88943317E-02   -0.20120097E-02
    0.21055689E+02    0.90394066E-02   -0.20450858E-02
    0.21525777E+02    0.91966145E-02   -0.20809320E-02
    0.22035397E+02    0.93661333E-02   -0.21195588E-02
    0.22585771E+02    0.95480898E-02   -0.21610094E-02
    0.23178758E+02    0.97428647E-02   -0.22053657E-02
    0.23817100E+02    0.99510914E-02   -0.22527752E-02
    0.24504798E+02    0.10173839E-01   -0.23034823E-02
    0.25247729E+02    0.10412681E-01   -0.23578372E-02
    0.26054750E+02    0.10670000E-01   -0.24163945E-02
    0.26939850E+02    0.10949843E-01   -0.24800597E-02
    0.27926981E+02    0.11259034E-01   -0.25504012E-02
    0.29063354E+02    0.11611383E-01   -0.26305458E-02
    0.30473425E+02    0.12043489E-01   -0.27288203E-02
    0.19676653E+02    0.85729648E-02   -0.19386846E-02
    0.19681376E+02    0.85745757E-02   -0.19390526E-02
    0.19719151E+02    0.85874538E-02   -0.19419949E-02
    0.19794644E+02    0.86131714E-02   -0.19478673E-02
    0.19907744E+02    0.86516740E-02   -0.19566459E-02
    0.20058301E+02    0.87028002E-02   -0.19683259E-02
    0.20246135E+02    0.87665429E-02   -0.19828568E-02
    0.20471065E+02    0.88425672E-02   -0.20002085E-02
    0.20732927E+02    0.89309411E-02   -0.20203516E-02
    0.21031612E+02    0.90313203E-02   -0.20432453E-02
    0.21367095E+02    0.91436092E-02   -0.20688547E-02
    0.21739488E+02    0.92678313E-02   -0.20971593E-02
    0.22149086E+02    0.94038499E-02   -0.21281420E-02
    0.22596439E+02    0.95516097E-02   -0.21618099E-02
    0.23082433E+02    0.97112870E-02   -0.21981824E-02
    0.23608410E+02    0.98831702E-02   -0.22373159E-02
    0.24176327E+02    0.10067663E-01   -0.22793144E-02
    0.24788995E+02    0.10265404E-01   -0.23243287E-02
    0.25450444E+02    0.10477473E-01   -0.23725892E-02
    0.26166540E+02    0.10705495E-01   -0.24244645E-02
    0.26946057E+02    0.10951796E-01   -0.24805042E-02
    0.27802797E+02    0.11220310E-01   -0.25415879E-02
    0.28760324E+02    0.11517852E-01   -0.26092621E-02
    0.29865006E+02    0.11857799E-01   -0.26865743E-02
    0.31238912E+02    0.12275760E-01   -0.27816391E-02
    0.21062499E+02    0.90416929E-02   -0.20456064E-02
    0.21066911E+02    0.90431741E-02   -0.20459436E-02
    0.21102207E+02    0.90550149E-02   -0.20486415E-02
    0.21172769E+02    0.90786481E-02   -0.20540345E-02
    0.21278545E+02    0.91140176E-02   -0.20621091E-02
    0.21419468E+02    0.91611073E-02   -0.20728412E-02
    0.21595467E+02    0.92198688E-02   -0.20862312E-02
    0.21806483E+02    0.92901055E-02   -0.21022361E-02
    0.22052494E+02    0.93718084E-02   -0.21208504E-02
    0.22333537E+02    0.94648729E-02   -0.21420437E-02
    0.22649745E+02    0.95691902E-02   -0.21658080E-02
    0.23001381E+02    0.96847074E-02   -0.21921299E-02
    0.23388891E+02    0.98115652E-02   -0.22210102E-02
    0.23812964E+02    0.99497480E-02   -0.22524690E-02
    0.24274615E+02    0.10099458E-01   -0.22865586E-02
    0.24775295E+02    0.10260998E-01   -0.23233252E-02
    0.25317050E+02    0.10434848E-01   -0.23628858E-02
    0.25902750E+02    0.10621687E-01   -0.24054039E-02
    0.26536453E+02    0.10822549E-01   -0.24511116E-02
    0.27223997E+02    0.11039180E-01   -0.25003764E-02
    0.27974063E+02    0.11273704E-01   -0.25537396E-02
    0.28800238E+02    0.11530202E-01   -0.26120685E-02
    0.29725653E+02    0.11815087E-01   -0.26768667E-02
    0.30795726E+02    0.12141486E-01   -0.27511029E-02
    0.32129859E+02    0.12544115E-01   -0.28426634E-02
    0.22732765E+02    0.95965298E-02   -0.21720297E-02
    0.22736853E+02    0.95978749E-02   -0.21723359E-02
    0.22769560E+02    0.96086305E-02   -0.21747855E-02
    0.22834970E+02    0.96301200E-02   -0.21796825E-02
    0.22933081E+02    0.96623116E-02   -0.21870237E-02
    0.23063897E+02    0.97052082E-02   -0.21967990E-02
    0.23227439E+02    0.97588055E-02   -0.22089929E-02
    0.23423758E+02    0.98229453E-02   -0.22236031E-02
    0.23652954E+02    0.98976863E-02   -0.22406182E-02
    0.23915197E+02    0.99829344E-02   -0.22600347E-02
    0.24210756E+02    0.10078807E-01   -0.22818527E-02
    0.24540034E+02    0.10185216E-01   -0.23060688E-02
    0.24903614E+02    0.10302246E-01   -0.23327175E-02
    0.25302312E+02    0.10430137E-01   -0.23618128E-02
    0.25737262E+02    0.10569030E-01   -0.23934141E-02
    0.26210017E+02    0.10719276E-01   -0.24276003E-02
    0.26722701E+02    0.10881406E-01   -0.24644920E-02
    0.27278237E+02    0.11056204E-01   -0.25042483E-02
    0.27880693E+02    0.11244606E-01   -0.25471175E-02
    0.28535868E+02    0.11448302E-01   -0.25934560E-02
    0.29252315E+02    0.11669669E-01   -0.26437940E-02
    0.30043360E+02    0.11912332E-01   -0.26989798E-02
    0.30931605E+02    0.12182721E-01   -0.27604731E-02
    0.31961328E+02    0.12493486E-01   -0.28311568E-02
    0.33248723E+02    0.12878129E-01   -0.29186382E-02
