    0.25210763E-04    0.99143871E-07    0.15007944E-05
    0.43166450E+00    0.22728676E-03   -0.32534172E-05
    0.12954469E+01    0.67920658E-03   -0.29191094E-04
    0.21605958E+01    0.11233917E-02   -0.79791147E-04
    0.30280431E+01    0.15553581E-02   -0.15264873E-03
    0.38987532E+01    0.19716476E-02   -0.24415072E-03
    0.47737376E+01    0.23701585E-02   -0.34958818E-03
    0.56540720E+01    0.27504563E-02   -0.46333793E-03
    0.65409159E+01    0.31140142E-02   -0.57883936E-03
    0.74355368E+01    0.34640454E-02   -0.68949495E-03
    0.83393398E+01    0.38044783E-02   -0.79145908E-03
    0.92539055E+01    0.41385765E-02   -0.88499895E-03
    0.10181039E+02    0.44685416E-02   -0.97240751E-03
    0.11122835E+02    0.47960958E-02   -0.10557890E-02
    0.12081768E+02    0.51226813E-02   -0.11366292E-02
    0.13060817E+02    0.54496301E-02   -0.12159629E-02
    0.14063651E+02    0.57784534E-02   -0.12946015E-02
    0.15094899E+02    0.61106971E-02   -0.13732253E-02
    0.16160590E+02    0.64483089E-02   -0.14524956E-02
    0.17268871E+02    0.67936769E-02   -0.15331139E-02
    0.18431306E+02    0.71501033E-02   -0.16159530E-02
    0.19665412E+02    0.75224156E-02   -0.17021929E-02
    0.21000381E+02    0.79186440E-02   -0.17937372E-02
    0.22492887E+02    0.83540398E-02   -0.18941573E-02
    0.24291514E+02    0.88690053E-02   -0.20127478E-02
    0.61247032E+00    0.32231264E-03   -0.65804225E-05
    0.74930243E+00    0.39411032E-03   -0.98293022E-05
    0.14329350E+01    0.75049948E-03   -0.35637486E-04
    0.22457280E+01    0.11664537E-02   -0.86014625E-04
    0.30893632E+01    0.15852786E-02   -0.15854315E-03
    0.39465677E+01    0.19939500E-02   -0.24961335E-03
    0.48128672E+01    0.23875002E-02   -0.35452810E-03
    0.56871478E+01    0.27643542E-02   -0.46767387E-03
    0.65695282E+01    0.31254487E-02   -0.58250085E-03
    0.74607189E+01    0.34736930E-02   -0.69247636E-03
    0.83618005E+01    0.38127992E-02   -0.79386422E-03
    0.92741515E+01    0.41458703E-02   -0.88697827E-03
    0.10199445E+02    0.44750099E-02   -0.97408258E-03
    0.11139685E+02    0.48018939E-02   -0.10572412E-02
    0.12097282E+02    0.51279115E-02   -0.11379096E-02
    0.13075170E+02    0.54543768E-02   -0.12171056E-02
    0.14076981E+02    0.57827858E-02   -0.12956314E-02
    0.15107319E+02    0.61146626E-02   -0.13741593E-02
    0.16172191E+02    0.64519537E-02   -0.14533492E-02
    0.17279729E+02    0.67970308E-02   -0.15338950E-02
    0.18441479E+02    0.71531980E-02   -0.16166705E-02
    0.19674947E+02    0.75252697E-02   -0.17028532E-02
    0.21009310E+02    0.79212739E-02   -0.17943440E-02
    0.22501225E+02    0.83564512E-02   -0.18947130E-02
    0.24299234E+02    0.88711903E-02   -0.20132514E-02
    0.14064785E+01    0.73679852E-03   -0.34348814E-04
    0.14712294E+01    0.77031545E-03   -0.37543234E-04
    0.19121622E+01    0.99700755E-03   -0.62867159E-04
    0.25780527E+01    0.13332149E-02   -0.11229866E-03
    0.33387463E+01    0.17060548E-02   -0.18342784E-03
    0.41446904E+01    0.20857263E-02   -0.27266146E-03
    0.49766206E+01    0.24596241E-02   -0.37535448E-03
    0.58263807E+01    0.28225575E-02   -0.48593221E-03
    0.66904232E+01    0.31735732E-02   -0.59789772E-03
    0.75673898E+01    0.35144472E-02   -0.70501692E-03
    0.84571136E+01    0.38480407E-02   -0.80400564E-03
    0.93601789E+01    0.41768147E-02   -0.89535027E-03
    0.10277730E+02    0.45024999E-02   -0.98118696E-03
    0.11211406E+02    0.48265477E-02   -0.10634095E-02
    0.12163359E+02    0.51501626E-02   -0.11433521E-02
    0.13136328E+02    0.54745957E-02   -0.12219686E-02
    0.14133805E+02    0.58012436E-02   -0.13000179E-02
    0.15160282E+02    0.61315671E-02   -0.13781405E-02
    0.16221678E+02    0.64674933E-02   -0.14569876E-02
    0.17326053E+02    0.68113345E-02   -0.15372259E-02
    0.18484892E+02    0.71663960E-02   -0.16197310E-02
    0.19715644E+02    0.75374467E-02   -0.17056703E-02
    0.21047427E+02    0.79324927E-02   -0.17969333E-02
    0.22536818E+02    0.83667435E-02   -0.18970846E-02
    0.24332197E+02    0.88805189E-02   -0.20154010E-02
    0.22066215E+01    0.11466893E-02   -0.83129397E-04
    0.22484467E+01    0.11678266E-02   -0.86216871E-04
    0.25587812E+01    0.13236036E-02   -0.11068996E-03
    0.30882604E+01    0.15847413E-02   -0.15843635E-03
    0.37467617E+01    0.19003548E-02   -0.22705978E-03
    0.44798945E+01    0.22386201E-02   -0.31302065E-03
    0.52590635E+01    0.25823414E-02   -0.41176415E-03
    0.60694076E+01    0.29230087E-02   -0.51775639E-03
    0.69030978E+01    0.32575216E-02   -0.62465908E-03
    0.77560548E+01    0.35861021E-02   -0.72684180E-03
    0.86263415E+01    0.39103431E-02   -0.82175601E-03
    0.95133561E+01    0.42317307E-02   -0.91010804E-03
    0.10417424E+02    0.45514441E-02   -0.99377828E-03
    0.11339605E+02    0.48705148E-02   -0.10743816E-02
    0.12281624E+02    0.51899076E-02   -0.11530541E-02
    0.13245910E+02    0.55107752E-02   -0.12306577E-02
    0.14235710E+02    0.58343019E-02   -0.13078677E-02
    0.15255332E+02    0.61618824E-02   -0.13852793E-02
    0.16310544E+02    0.64953745E-02   -0.14635096E-02
    0.17409282E+02    0.68370209E-02   -0.15432068E-02
    0.18562926E+02    0.71900883E-02   -0.16252272E-02
    0.19788825E+02    0.75593248E-02   -0.17107313E-02
    0.21115993E+02    0.79526493E-02   -0.18015875E-02
    0.22600866E+02    0.83852540E-02   -0.19013491E-02
    0.24391532E+02    0.88973111E-02   -0.20192686E-02
    0.30101246E+01    0.15465992E-02   -0.15094356E-03
    0.30409183E+01    0.15616473E-02   -0.15387881E-03
    0.32770463E+01    0.16763155E-02   -0.17713804E-03
    0.37052698E+01    0.18807883E-02   -0.22246927E-03
    0.42696481E+01    0.21430696E-02   -0.28751800E-03
    0.49255585E+01    0.24372121E-02   -0.36883503E-03
    0.56435291E+01    0.27460207E-02   -0.46195612E-03
    0.64054180E+01    0.30596274E-02   -0.56141776E-03
    0.72003077E+01    0.33734161E-02   -0.66126247E-03
    0.80217241E+01    0.36861381E-02   -0.75680098E-03
    0.88659708E+01    0.39979891E-02   -0.84636327E-03
    0.97311673E+01    0.43094382E-02   -0.93077274E-03
    0.10616704E+02    0.46209736E-02   -0.10115542E-02
    0.11522947E+02    0.49331737E-02   -0.10899517E-02
    0.12451103E+02    0.52467401E-02   -0.11668868E-02
    0.13403201E+02    0.55625688E-02   -0.12430806E-02
    0.14382181E+02    0.58817010E-02   -0.13191109E-02
    0.15392102E+02    0.62054266E-02   -0.13955246E-02
    0.16438537E+02    0.65354612E-02   -0.14728779E-02
    0.17529255E+02    0.68740117E-02   -0.15518155E-02
    0.18675489E+02    0.72242252E-02   -0.16331456E-02
    0.19894454E+02    0.75908652E-02   -0.17180240E-02
    0.21215015E+02    0.79817280E-02   -0.18083020E-02
    0.22693409E+02    0.84119797E-02   -0.19075046E-02
    0.24477306E+02    0.89215825E-02   -0.20248560E-02
    0.38172143E+01    0.19334764E-02   -0.23492915E-03
    0.38415439E+01    0.19448842E-02   -0.23766809E-03
    0.40310430E+01    0.20332068E-02   -0.25936090E-03
    0.43862625E+01    0.21962107E-02   -0.30158843E-03
    0.48723885E+01    0.24137999E-02   -0.36207036E-03
    0.54563176E+01    0.26667986E-02   -0.43745543E-03
    0.61122578E+01    0.29405752E-02   -0.52335205E-03
    0.68219979E+01    0.32256135E-02   -0.61450584E-03
    0.75732890E+01    0.35166958E-02   -0.70570624E-03
    0.83581297E+01    0.38114397E-02   -0.79347154E-03
    0.91714619E+01    0.41088315E-02   -0.87690277E-03
    0.10010289E+02    0.44083878E-02   -0.95676766E-03
    0.10873117E+02    0.47099642E-02   -0.10341194E-02
    0.11759616E+02    0.50136840E-02   -0.11098575E-02
    0.12670447E+02    0.53200093E-02   -0.11846683E-02
    0.13607206E+02    0.56295246E-02   -0.12591008E-02
    0.14572488E+02    0.59430953E-02   -0.13336554E-02
    0.15570070E+02    0.62619363E-02   -0.14088020E-02
    0.16605294E+02    0.65875538E-02   -0.14850500E-02
    0.17685730E+02    0.69221549E-02   -0.15630099E-02
    0.18822438E+02    0.72687439E-02   -0.16434639E-02
    0.20032463E+02    0.76320134E-02   -0.17275317E-02
    0.21344487E+02    0.80197135E-02   -0.18170668E-02
    0.22814493E+02    0.84469046E-02   -0.19155469E-02
    0.24589607E+02    0.89533160E-02   -0.20321652E-02
    0.46286125E+01    0.23054837E-02   -0.33140500E-03
    0.46486975E+01    0.23144679E-02   -0.33390784E-03
    0.48064786E+01    0.23846717E-02   -0.35372055E-03
    0.51080552E+01    0.25169904E-02   -0.39223048E-03
    0.55311029E+01    0.26985512E-02   -0.44723278E-03
    0.60518039E+01    0.29157796E-02   -0.51545578E-03
    0.66492575E+01    0.31572203E-02   -0.59266891E-03
    0.73070229E+01    0.34146476E-02   -0.67415531E-03
    0.80129666E+01    0.36828565E-02   -0.75582766E-03
    0.87584965E+01    0.39587591E-02   -0.83539979E-03
    0.95377483E+01    0.42404548E-02   -0.91244070E-03
    0.10346923E+02    0.45267636E-02   -0.98743808E-03
    0.11183810E+02    0.48170667E-02   -0.10610386E-02
    0.12047469E+02    0.51111114E-02   -0.11337955E-02
    0.12938051E+02    0.54089868E-02   -0.12061655E-02
    0.13856731E+02    0.57110784E-02   -0.12785651E-02
    0.14805753E+02    0.60181188E-02   -0.13513857E-02
    0.15788604E+02    0.63311168E-02   -0.14250381E-02
    0.16810375E+02    0.66514738E-02   -0.14999696E-02
    0.17878422E+02    0.69812938E-02   -0.15767618E-02
    0.19003607E+02    0.73235039E-02   -0.16561506E-02
    0.20202784E+02    0.76826595E-02   -0.17392490E-02
    0.21504419E+02    0.80665307E-02   -0.18278669E-02
    0.22964190E+02    0.84899805E-02   -0.19254731E-02
    0.24728560E+02    0.89925704E-02   -0.20411960E-02
    0.54452235E+01    0.26620758E-02   -0.43600643E-03
    0.54623066E+01    0.26693467E-02   -0.43823782E-03
    0.55971995E+01    0.27264967E-02   -0.45588587E-03
    0.58582108E+01    0.28357950E-02   -0.49010567E-03
    0.62305300E+01    0.29888403E-02   -0.53875959E-03
    0.66970692E+01    0.31762101E-02   -0.59874048E-03
    0.72414798E+01    0.33893471E-02   -0.66625296E-03
    0.78497764E+01    0.36215060E-02   -0.73751333E-03
    0.85108190E+01    0.38678499E-02   -0.80967385E-03
    0.92161633E+01    0.41249683E-02   -0.88129983E-03
    0.99596711E+01    0.43904929E-02   -0.95209292E-03
    0.10737096E+02    0.46628280E-02   -0.10221932E-02
    0.11545736E+02    0.49409404E-02   -0.10918766E-02
    0.12384180E+02    0.52243181E-02   -0.11614336E-02
    0.13252153E+02    0.55128342E-02   -0.12311520E-02
    0.14150456E+02    0.58066489E-02   -0.13013020E-02
    0.15081005E+02    0.61062606E-02   -0.13721804E-02
    0.16047007E+02    0.64125848E-02   -0.14441307E-02
    0.17053302E+02    0.67269408E-02   -0.15175691E-02
    0.18107026E+02    0.70512262E-02   -0.15930023E-02
    0.19218832E+02    0.73883942E-02   -0.16711808E-02
    0.20405364E+02    0.77428710E-02   -0.17531437E-02
    0.21694849E+02    0.81221423E-02   -0.18407047E-02
    0.23142611E+02    0.85412232E-02   -0.19372880E-02
    0.24894339E+02    0.90393334E-02   -0.20519454E-02
    0.62680747E+01    0.30040945E-02   -0.54363767E-03
    0.62829209E+01    0.30101175E-02   -0.54556467E-03
    0.64005424E+01    0.30576631E-02   -0.56078852E-03
    0.66300026E+01    0.31495595E-02   -0.59021814E-03
    0.69611641E+01    0.32802902E-02   -0.63188727E-03
    0.73816690E+01    0.34433733E-02   -0.68309049E-03
    0.78789169E+01    0.36324889E-02   -0.74080845E-03
    0.84414033E+01    0.38422394E-02   -0.80234127E-03
    0.90593786E+01    0.40682780E-02   -0.86580056E-03
    0.97250176E+01    0.43072504E-02   -0.93019410E-03
    0.10432322E+02    0.45566536E-02   -0.99511432E-03
    0.11176919E+02    0.48146984E-02   -0.10604462E-02
    0.11955848E+02    0.50801628E-02   -0.11262070E-02
    0.12767389E+02    0.53522937E-02   -0.11924773E-02
    0.13610947E+02    0.56307492E-02   -0.12593934E-02
    0.14487018E+02    0.59155394E-02   -0.13271308E-02
    0.15397241E+02    0.62070605E-02   -0.13959087E-02
    0.16344563E+02    0.65060387E-02   -0.14660022E-02
    0.17333592E+02    0.68136619E-02   -0.15377679E-02
    0.18371246E+02    0.71318210E-02   -0.16117139E-02
    0.19467968E+02    0.74632379E-02   -0.16885000E-02
    0.20640184E+02    0.78123548E-02   -0.17692102E-02
    0.21915856E+02    0.81865809E-02   -0.18555622E-02
    0.23349920E+02    0.86007318E-02   -0.19509781E-02
    0.25087176E+02    0.90935310E-02   -0.20644298E-02
    0.70983138E+01    0.33338229E-02   -0.64881397E-03
    0.71114269E+01    0.33389236E-02   -0.65042121E-03
    0.72155555E+01    0.33793195E-02   -0.66311302E-03
    0.74198539E+01    0.34580319E-02   -0.68763415E-03
    0.77171953E+01    0.35713861E-02   -0.72238399E-03
    0.80985390E+01    0.37148770E-02   -0.76529716E-03
    0.85542170E+01    0.38838321E-02   -0.81423021E-03
    0.90749429E+01    0.40739173E-02   -0.86734898E-03
    0.96524421E+01    0.42814031E-02   -0.92334531E-03
    0.10279750E+02    0.45032089E-02   -0.98136987E-03
    0.10951285E+02    0.47369681E-02   -0.10409328E-02
    0.11662797E+02    0.49807823E-02   -0.11017353E-02
    0.12411269E+02    0.52333979E-02   -0.11636423E-02
    0.13194829E+02    0.54939198E-02   -0.12266110E-02
    0.14012679E+02    0.57618788E-02   -0.12906600E-02
    0.14865093E+02    0.60371597E-02   -0.13558822E-02
    0.15753486E+02    0.63200199E-02   -0.14224344E-02
    0.16680588E+02    0.66110452E-02   -0.14905352E-02
    0.17650799E+02    0.69114165E-02   -0.15605129E-02
    0.18670832E+02    0.72228133E-02   -0.16328182E-02
    0.19750926E+02    0.75479976E-02   -0.17081111E-02
    0.20907283E+02    0.78911950E-02   -0.17874064E-02
    0.22167590E+02    0.82598176E-02   -0.18724317E-02
    0.23586353E+02    0.86683230E-02   -0.19665579E-02
    0.25307384E+02    0.91554174E-02   -0.20786549E-02
    0.79372267E+01    0.36544296E-02   -0.74736952E-03
    0.79489560E+01    0.36588372E-02   -0.74868411E-03
    0.80422479E+01    0.36938246E-02   -0.75907827E-03
    0.82260405E+01    0.37624100E-02   -0.77923700E-03
    0.84952112E+01    0.38620965E-02   -0.80802997E-03
    0.88430676E+01    0.39896394E-02   -0.84403664E-03
    0.92621887E+01    0.41415611E-02   -0.88580916E-03
    0.97451577E+01    0.43144141E-02   -0.93208817E-03
    0.10285094E+02    0.45050837E-02   -0.98185350E-03
    0.10875972E+02    0.47109516E-02   -0.10343688E-02
    0.11512782E+02    0.49297081E-02   -0.10890925E-02
    0.12191568E+02    0.51596509E-02   -0.11456706E-02
    0.12909420E+02    0.53994923E-02   -0.12038745E-02
    0.13664444E+02    0.56482566E-02   -0.12635750E-02
    0.14455749E+02    0.59054521E-02   -0.13247408E-02
    0.15283472E+02    0.61708499E-02   -0.13873903E-02
    0.16148865E+02    0.64446247E-02   -0.14516328E-02
    0.17054487E+02    0.67273084E-02   -0.15176547E-02
    0.18004561E+02    0.70199005E-02   -0.15857284E-02
    0.19005617E+02    0.73241106E-02   -0.16562912E-02
    0.20067701E+02    0.76425028E-02   -0.17299572E-02
    0.21206791E+02    0.79793139E-02   -0.18077447E-02
    0.22450291E+02    0.83417149E-02   -0.18913171E-02
    0.23852244E+02    0.87441712E-02   -0.19840110E-02
    0.25555375E+02    0.92248304E-02   -0.20946374E-02
    0.87862684E+01    0.39689083E-02   -0.83824392E-03
    0.87968657E+01    0.39727788E-02   -0.83932716E-03
    0.88812553E+01    0.40035582E-02   -0.84791300E-03
    0.90480212E+01    0.40641612E-02   -0.86466924E-03
    0.92934147E+01    0.41528059E-02   -0.88885829E-03
    0.96124289E+01    0.42671312E-02   -0.91955279E-03
    0.99993541E+01    0.44045242E-02   -0.95575927E-03
    0.10448303E+02    0.45622397E-02   -0.99654611E-03
    0.10953634E+02    0.47377786E-02   -0.10411371E-02
    0.11510244E+02    0.49288426E-02   -0.10888778E-02
    0.12113757E+02    0.51334631E-02   -0.11392682E-02
    0.12760614E+02    0.53500393E-02   -0.11919324E-02
    0.13448125E+02    0.55773373E-02   -0.12466183E-02
    0.14174483E+02    0.58144462E-02   -0.13031540E-02
    0.14938796E+02    0.60607834E-02   -0.13614593E-02
    0.15741139E+02    0.63161160E-02   -0.14215184E-02
    0.16582665E+02    0.65804901E-02   -0.14834001E-02
    0.17465809E+02    0.68544571E-02   -0.15472657E-02
    0.18394651E+02    0.71389477E-02   -0.16133664E-02
    0.19375563E+02    0.74355074E-02   -0.16820835E-02
    0.20418412E+02    0.77467423E-02   -0.17540378E-02
    0.21538963E+02    0.80766215E-02   -0.18301976E-02
    0.22764325E+02    0.84324412E-02   -0.19122163E-02
    0.24148054E+02    0.88283174E-02   -0.20033817E-02
    0.25831689E+02    0.93020220E-02   -0.21123914E-02
    0.96471061E+01    0.42795007E-02   -0.92284026E-03
    0.96567587E+01    0.42829418E-02   -0.92375373E-03
    0.97336960E+01    0.43103377E-02   -0.93101060E-03
    0.98860927E+01    0.43644397E-02   -0.94526631E-03
    0.10111167E+02    0.44439634E-02   -0.96603068E-03
    0.10405140E+02    0.45471469E-02   -0.99267565E-03
    0.10763607E+02    0.46720291E-02   -0.10245251E-02
    0.11181913E+02    0.48164149E-02   -0.10608756E-02
    0.11655481E+02    0.49782944E-02   -0.11011203E-02
    0.12180060E+02    0.51557809E-02   -0.11447251E-02
    0.12751911E+02    0.53471427E-02   -0.11912322E-02
    0.13367925E+02    0.55509651E-02   -0.12402994E-02
    0.14025698E+02    0.57661136E-02   -0.12916672E-02
    0.14723590E+02    0.59917283E-02   -0.13451533E-02
    0.15460781E+02    0.62272531E-02   -0.14006551E-02
    0.16237352E+02    0.64724130E-02   -0.14581391E-02
    0.17054411E+02    0.67272846E-02   -0.15176492E-02
    0.17914313E+02    0.69922855E-02   -0.15793154E-02
    0.18821034E+02    0.72683190E-02   -0.16433655E-02
    0.19780813E+02    0.75569306E-02   -0.17101775E-02
    0.20803358E+02    0.78605227E-02   -0.17803333E-02
    0.21904225E+02    0.81831973E-02   -0.18547813E-02
    0.23110228E+02    0.85319206E-02   -0.19351447E-02
    0.24474408E+02    0.89207629E-02   -0.20246673E-02
    0.26137029E+02    0.93869991E-02   -0.21319519E-02
    0.10521679E+02    0.45878595E-02   -0.10031026E-02
    0.10530530E+02    0.45909469E-02   -0.10038917E-02
    0.10601128E+02    0.46155505E-02   -0.10101719E-02
    0.10741224E+02    0.46642613E-02   -0.10225566E-02
    0.10948734E+02    0.47360874E-02   -0.10407109E-02
    0.11220784E+02    0.48297681E-02   -0.10642144E-02
    0.11553973E+02    0.49437469E-02   -0.10925718E-02
    0.11944633E+02    0.50763706E-02   -0.11252763E-02
    0.12389080E+02    0.52259609E-02   -0.11618332E-02
    0.12883825E+02    0.53909981E-02   -0.12018246E-02
    0.13425733E+02    0.55699775E-02   -0.12448556E-02
    0.14012155E+02    0.57617085E-02   -0.12906195E-02
    0.14641014E+02    0.59651671E-02   -0.13388764E-02
    0.15310884E+02    0.61795815E-02   -0.13894453E-02
    0.16021075E+02    0.64044185E-02   -0.14422191E-02
    0.16771722E+02    0.66394428E-02   -0.14971627E-02
    0.17563940E+02    0.68846932E-02   -0.15542997E-02
    0.18400046E+02    0.71405902E-02   -0.16137473E-02
    0.19283941E+02    0.74079840E-02   -0.16757147E-02
    0.20221762E+02    0.76883004E-02   -0.17405527E-02
    0.21223071E+02    0.79840931E-02   -0.18088479E-02
    0.22303232E+02    0.82991239E-02   -0.18814993E-02
    0.23488757E+02    0.86404654E-02   -0.19601326E-02
    0.24832151E+02    0.90218205E-02   -0.20479162E-02
    0.26472313E+02    0.94800196E-02   -0.21533520E-02
    0.11412281E+02    0.48953878E-02   -0.10805714E-02
    0.11420442E+02    0.48981782E-02   -0.10812650E-02
    0.11485571E+02    0.49204253E-02   -0.10867899E-02
    0.11615004E+02    0.49645250E-02   -0.10977154E-02
    0.11807167E+02    0.50298204E-02   -0.11138336E-02
    0.12059868E+02    0.51152952E-02   -0.11348205E-02
    0.12370478E+02    0.52197238E-02   -0.11603157E-02
    0.12736117E+02    0.53418849E-02   -0.11899610E-02
    0.13153849E+02    0.54803850E-02   -0.12233598E-02
    0.13620843E+02    0.56339891E-02   -0.12601674E-02
    0.14134523E+02    0.58014767E-02   -0.13000733E-02
    0.14692682E+02    0.59817915E-02   -0.13428058E-02
    0.15293584E+02    0.61740713E-02   -0.13881485E-02
    0.15936047E+02    0.63776263E-02   -0.14359450E-02
    0.16619544E+02    0.65920015E-02   -0.14860887E-02
    0.17344310E+02    0.68169702E-02   -0.15385382E-02
    0.18111500E+02    0.70525933E-02   -0.15933197E-02
    0.18923428E+02    0.72992873E-02   -0.16505395E-02
    0.19783953E+02    0.75578690E-02   -0.17103945E-02
    0.20699132E+02    0.78297567E-02   -0.17732322E-02
    0.21678404E+02    0.81173375E-02   -0.18395974E-02
    0.22736943E+02    0.84245427E-02   -0.19103976E-02
    0.23900965E+02    0.87580492E-02   -0.19872065E-02
    0.25222413E+02    0.91315493E-02   -0.20731712E-02
    0.26838737E+02    0.95814360E-02   -0.21766611E-02
    0.12321676E+02    0.52033523E-02   -0.11563300E-02
    0.12329235E+02    0.52058889E-02   -0.11569478E-02
    0.12389588E+02    0.52261311E-02   -0.11618747E-02
    0.12509671E+02    0.52663372E-02   -0.11716499E-02
    0.12688292E+02    0.53259560E-02   -0.11861077E-02
    0.12923776E+02    0.54042540E-02   -0.12050235E-02
    0.13214094E+02    0.55002790E-02   -0.12281380E-02
    0.13557000E+02    0.56130753E-02   -0.12551695E-02
    0.13950172E+02    0.57415341E-02   -0.12858192E-02
    0.14391349E+02    0.58846626E-02   -0.13198130E-02
    0.14878451E+02    0.60414434E-02   -0.13568937E-02
    0.15409688E+02    0.62110176E-02   -0.13968391E-02
    0.15983656E+02    0.63926302E-02   -0.14394592E-02
    0.16599432E+02    0.65857243E-02   -0.14846227E-02
    0.17256675E+02    0.67899087E-02   -0.15322364E-02
    0.17955741E+02    0.70049654E-02   -0.15822603E-02
    0.18697860E+02    0.72310070E-02   -0.16347181E-02
    0.19485371E+02    0.74684586E-02   -0.16897080E-02
    0.20322115E+02    0.77181409E-02   -0.17474380E-02
    0.21214090E+02    0.79814566E-02   -0.18082393E-02
    0.22170628E+02    0.82606990E-02   -0.18726349E-02
    0.23206726E+02    0.85596412E-02   -0.19415286E-02
    0.24348300E+02    0.88850756E-02   -0.20164508E-02
    0.25646709E+02    0.92503632E-02   -0.21005130E-02
    0.27237866E+02    0.96913115E-02   -0.22019512E-02
    0.13253271E+02    0.55132029E-02   -0.12312404E-02
    0.13260299E+02    0.55155200E-02   -0.12317966E-02
    0.13316433E+02    0.55340156E-02   -0.12362346E-02
    0.13428231E+02    0.55707985E-02   -0.12450522E-02
    0.13594787E+02    0.56254575E-02   -0.12581290E-02
    0.13814828E+02    0.56974032E-02   -0.12753045E-02
    0.14086794E+02    0.57859747E-02   -0.12963894E-02
    0.14408946E+02    0.58903457E-02   -0.13211604E-02
    0.14779472E+02    0.60096809E-02   -0.13493932E-02
    0.15196592E+02    0.61431518E-02   -0.13808688E-02
    0.15658665E+02    0.62900137E-02   -0.14153931E-02
    0.16164281E+02    0.64494685E-02   -0.14527672E-02
    0.16712353E+02    0.66209483E-02   -0.14928468E-02
    0.17302215E+02    0.68039750E-02   -0.15355121E-02
    0.17933720E+02    0.69982262E-02   -0.15806952E-02
    0.18607368E+02    0.72035693E-02   -0.16283547E-02
    0.19324478E+02    0.74201668E-02   -0.16785338E-02
    0.20087438E+02    0.76483744E-02   -0.17313157E-02
    0.20900092E+02    0.78890732E-02   -0.17869172E-02
    0.21768397E+02    0.81436263E-02   -0.18456540E-02
    0.22701591E+02    0.84143413E-02   -0.19080484E-02
    0.23714503E+02    0.87048617E-02   -0.19749717E-02
    0.24832744E+02    0.90219878E-02   -0.20479547E-02
    0.26107072E+02    0.93786604E-02   -0.21300362E-02
    0.27671770E+02    0.98104213E-02   -0.22293322E-02
    0.14211368E+02    0.58264104E-02   -0.13059946E-02
    0.14217922E+02    0.58285356E-02   -0.13064991E-02
    0.14270290E+02    0.58455059E-02   -0.13105263E-02
    0.14374671E+02    0.58792747E-02   -0.13185356E-02
    0.14530383E+02    0.59295234E-02   -0.13304427E-02
    0.14736460E+02    0.59958644E-02   -0.13461302E-02
    0.14991716E+02    0.60777233E-02   -0.13654555E-02
    0.15294820E+02    0.61744651E-02   -0.13882412E-02
    0.15644378E+02    0.62854881E-02   -0.14143309E-02
    0.16039021E+02    0.64100703E-02   -0.14435421E-02
    0.16477487E+02    0.65476390E-02   -0.14757239E-02
    0.16958707E+02    0.66975821E-02   -0.15107244E-02
    0.17481892E+02    0.68594158E-02   -0.15484197E-02
    0.18046618E+02    0.70327621E-02   -0.15887148E-02
    0.18652938E+02    0.72173879E-02   -0.16315600E-02
    0.19301501E+02    0.74132624E-02   -0.16769362E-02
    0.19993730E+02    0.76204744E-02   -0.17248651E-02
    0.20732075E+02    0.78394812E-02   -0.17754779E-02
    0.21520401E+02    0.80711998E-02   -0.18289452E-02
    0.22364635E+02    0.83169115E-02   -0.18856006E-02
    0.23273934E+02    0.85789379E-02   -0.19459671E-02
    0.24262964E+02    0.88609221E-02   -0.20108853E-02
    0.25357030E+02    0.91693376E-02   -0.20818570E-02
    0.26606258E+02    0.95171450E-02   -0.21618818E-02
    0.28143216E+02    0.99391388E-02   -0.22589456E-02
    0.15201569E+02    0.61447393E-02   -0.13812426E-02
    0.15207696E+02    0.61466937E-02   -0.13817029E-02
    0.15256667E+02    0.61623079E-02   -0.13853795E-02
    0.15354344E+02    0.61934156E-02   -0.13926999E-02
    0.15500217E+02    0.62397748E-02   -0.14035971E-02
    0.15693565E+02    0.63010642E-02   -0.14179865E-02
    0.15933495E+02    0.63768218E-02   -0.14357565E-02
    0.16219008E+02    0.64666552E-02   -0.14567914E-02
    0.16549057E+02    0.65699968E-02   -0.14809486E-02
    0.16922615E+02    0.66863712E-02   -0.15081097E-02
    0.17338751E+02    0.68152543E-02   -0.15381387E-02
    0.17796698E+02    0.69562371E-02   -0.15709370E-02
    0.18295935E+02    0.71088745E-02   -0.16063903E-02
    0.18836272E+02    0.72729307E-02   -0.16444339E-02
    0.19417950E+02    0.74482297E-02   -0.16850272E-02
    0.20041772E+02    0.76347855E-02   -0.17281725E-02
    0.20709272E+02    0.78327500E-02   -0.17739236E-02
    0.21422970E+02    0.80427071E-02   -0.18223694E-02
    0.22186761E+02    0.82653781E-02   -0.18737140E-02
    0.23006556E+02    0.85021490E-02   -0.19282797E-02
    0.23891436E+02    0.87553370E-02   -0.19865816E-02
    0.24855907E+02    0.90285149E-02   -0.20494558E-02
    0.25924963E+02    0.93280024E-02   -0.21183730E-02
    0.27148069E+02    0.96666171E-02   -0.21962728E-02
    0.28655983E+02    0.10078485E-01   -0.22910026E-02
    0.16231448E+02    0.64705601E-02   -0.14577055E-02
    0.16237187E+02    0.64723613E-02   -0.14581270E-02
    0.16283062E+02    0.64867554E-02   -0.14614943E-02
    0.16374617E+02    0.65154548E-02   -0.14682026E-02
    0.16511480E+02    0.65582606E-02   -0.14782062E-02
    0.16693118E+02    0.66149521E-02   -0.14914472E-02
    0.16918880E+02    0.66852105E-02   -0.15078390E-02
    0.17188032E+02    0.67686847E-02   -0.15272935E-02
    0.17499814E+02    0.68649404E-02   -0.15497052E-02
    0.17853490E+02    0.69736543E-02   -0.15749864E-02
    0.18248411E+02    0.70943851E-02   -0.16030261E-02
    0.18684076E+02    0.72268283E-02   -0.16337492E-02
    0.19160205E+02    0.73707343E-02   -0.16670924E-02
    0.19676823E+02    0.75258311E-02   -0.17029831E-02
    0.20234353E+02    0.76920437E-02   -0.17414173E-02
    0.20833743E+02    0.78694915E-02   -0.17824018E-02
    0.21476643E+02    0.80584112E-02   -0.18259925E-02
    0.22165646E+02    0.82592537E-02   -0.18723017E-02
    0.22904684E+02    0.84728742E-02   -0.19215292E-02
    0.23699659E+02    0.87006274E-02   -0.19739976E-02
    0.24559580E+02    0.89448359E-02   -0.20302116E-02
    0.25498791E+02    0.92090099E-02   -0.20909938E-02
    0.26541965E+02    0.94993317E-02   -0.21577889E-02
    0.27737878E+02    0.98284947E-02   -0.22334895E-02
    0.29215365E+02    0.10229818E-01   -0.23257931E-02
    0.17311757E+02    0.68069211E-02   -0.15361982E-02
    0.17317138E+02    0.68085824E-02   -0.15365850E-02
    0.17360159E+02    0.68218618E-02   -0.15396773E-02
    0.17446063E+02    0.68483674E-02   -0.15458483E-02
    0.17574583E+02    0.68879695E-02   -0.15550615E-02
    0.17745343E+02    0.69404713E-02   -0.15672701E-02
    0.17957881E+02    0.70056202E-02   -0.15824124E-02
    0.18211685E+02    0.70831822E-02   -0.16004242E-02
    0.18506229E+02    0.71728779E-02   -0.16212345E-02
    0.18841023E+02    0.72743682E-02   -0.16447669E-02
    0.19215658E+02    0.73874387E-02   -0.16709596E-02
    0.19629867E+02    0.75117728E-02   -0.16997305E-02
    0.20083587E+02    0.76472290E-02   -0.17310506E-02
    0.20577035E+02    0.77937027E-02   -0.17648964E-02
    0.21110804E+02    0.79511246E-02   -0.18012354E-02
    0.21685983E+02    0.81195521E-02   -0.18401078E-02
    0.22304331E+02    0.82994423E-02   -0.18815728E-02
    0.22968520E+02    0.84912243E-02   -0.19257600E-02
    0.23682516E+02    0.86957388E-02   -0.19728727E-02
    0.24452216E+02    0.89144847E-02   -0.20232220E-02
    0.25286557E+02    0.91495715E-02   -0.20773112E-02
    0.26199721E+02    0.94044460E-02   -0.21359581E-02
    0.27216042E+02    0.96853123E-02   -0.22005717E-02
    0.28383568E+02    0.10004579E-01   -0.22739907E-02
    0.29829089E+02    0.10394860E-01   -0.23637591E-02
    0.18458785E+02    0.71584610E-02   -0.16178909E-02
    0.18463832E+02    0.71599953E-02   -0.16182466E-02
    0.18504187E+02    0.71722577E-02   -0.16210907E-02
    0.18584804E+02    0.71967255E-02   -0.16267670E-02
    0.18705502E+02    0.72333233E-02   -0.16352551E-02
    0.18866029E+02    0.72819332E-02   -0.16465194E-02
    0.19066078E+02    0.73423543E-02   -0.16605187E-02
    0.19305318E+02    0.74144096E-02   -0.16772016E-02
    0.19583420E+02    0.74978578E-02   -0.16965108E-02
    0.19900100E+02    0.75925501E-02   -0.17184134E-02
    0.20255156E+02    0.76982297E-02   -0.17428454E-02
    0.20648524E+02    0.78148170E-02   -0.17697795E-02
    0.21080330E+02    0.79421686E-02   -0.17991673E-02
    0.21550968E+02    0.80801268E-02   -0.18310074E-02
    0.22061185E+02    0.82288865E-02   -0.18653083E-02
    0.22612203E+02    0.83885290E-02   -0.19021036E-02
    0.23205883E+02    0.85593991E-02   -0.19414729E-02
    0.23844973E+02    0.87420979E-02   -0.19835339E-02
    0.24533475E+02    0.89374616E-02   -0.20285128E-02
    0.25277276E+02    0.91469653E-02   -0.20767124E-02
    0.26085241E+02    0.93725857E-02   -0.21286396E-02
    0.26971377E+02    0.96179998E-02   -0.21850794E-02
    0.27959663E+02    0.98890461E-02   -0.22474296E-02
    0.29097367E+02    0.10197964E-01   -0.23184692E-02
    0.30509087E+02    0.10576595E-01   -0.24055692E-02
    0.19699680E+02    0.75326709E-02   -0.17045655E-02
    0.19704409E+02    0.75340856E-02   -0.17048928E-02
    0.19742228E+02    0.75453970E-02   -0.17075095E-02
    0.19817809E+02    0.75679833E-02   -0.17127338E-02
    0.19931042E+02    0.76017820E-02   -0.17205466E-02
    0.20081774E+02    0.76466898E-02   -0.17309259E-02
    0.20269829E+02    0.77025930E-02   -0.17438522E-02
    0.20495022E+02    0.77694456E-02   -0.17592855E-02
    0.20757191E+02    0.78468950E-02   -0.17771892E-02
    0.21056225E+02    0.79350806E-02   -0.17975307E-02
    0.21392101E+02    0.80336669E-02   -0.18202846E-02
    0.21764929E+02    0.81426139E-02   -0.18454207E-02
    0.22175007E+02    0.82619693E-02   -0.18729278E-02
    0.22622883E+02    0.83916144E-02   -0.19028143E-02
    0.23109446E+02    0.85316960E-02   -0.19350929E-02
    0.23636039E+02    0.86824884E-02   -0.19698219E-02
    0.24204621E+02    0.88443853E-02   -0.20070769E-02
    0.24818005E+02    0.90178312E-02   -0.20469992E-02
    0.25480228E+02    0.92038188E-02   -0.20897980E-02
    0.26197162E+02    0.94037343E-02   -0.21357947E-02
    0.26977591E+02    0.96197100E-02   -0.21854735E-02
    0.27835334E+02    0.98551147E-02   -0.22396142E-02
    0.28793982E+02    0.10115880E-01   -0.22996027E-02
    0.29899956E+02    0.10413851E-01   -0.23681294E-02
    0.31275470E+02    0.10780112E-01   -0.24523781E-02
    0.21087148E+02    0.79441728E-02   -0.17996300E-02
    0.21091566E+02    0.79454712E-02   -0.17999299E-02
    0.21126902E+02    0.79558540E-02   -0.18023276E-02
    0.21197547E+02    0.79765997E-02   -0.18071180E-02
    0.21303447E+02    0.80076788E-02   -0.18142909E-02
    0.21444535E+02    0.80490190E-02   -0.18238253E-02
    0.21620740E+02    0.81004961E-02   -0.18357122E-02
    0.21832003E+02    0.81621760E-02   -0.18499301E-02
    0.22078301E+02    0.82338691E-02   -0.18664549E-02
    0.22359674E+02    0.83154744E-02   -0.18852694E-02
    0.22676252E+02    0.84070266E-02   -0.19063639E-02
    0.23028299E+02    0.85083927E-02   -0.19297199E-02
    0.23416263E+02    0.86197339E-02   -0.19553523E-02
    0.23840832E+02    0.87409169E-02   -0.19832622E-02
    0.24303023E+02    0.88722627E-02   -0.20134985E-02
    0.24804289E+02    0.90139613E-02   -0.20461098E-02
    0.25346678E+02    0.91664365E-02   -0.20811894E-02
    0.25933063E+02    0.93302568E-02   -0.21188923E-02
    0.26567508E+02    0.95064113E-02   -0.21594153E-02
    0.27255857E+02    0.96962559E-02   -0.22030882E-02
    0.28006800E+02    0.99019090E-02   -0.22503906E-02
    0.28833943E+02    0.10126714E-01   -0.23020909E-02
    0.29760440E+02    0.10376442E-01   -0.23595205E-02
    0.30831766E+02    0.10662489E-01   -0.24253102E-02
    0.32167460E+02    0.11015224E-01   -0.25064658E-02
    0.22759369E+02    0.84310117E-02   -0.19118872E-02
    0.22763462E+02    0.84321922E-02   -0.19121590E-02
    0.22796207E+02    0.84416339E-02   -0.19143331E-02
    0.22861694E+02    0.84605012E-02   -0.19186784E-02
    0.22959920E+02    0.84887535E-02   -0.19251901E-02
    0.23090889E+02    0.85263657E-02   -0.19338643E-02
    0.23254622E+02    0.85733945E-02   -0.19446925E-02
    0.23451170E+02    0.86297208E-02   -0.19576544E-02
    0.23680634E+02    0.86952021E-02   -0.19727492E-02
    0.23943184E+02    0.87700573E-02   -0.19899741E-02
    0.24239089E+02    0.88541588E-02   -0.20093272E-02
    0.24568753E+02    0.89474268E-02   -0.20308085E-02
    0.24932758E+02    0.90501379E-02   -0.20544333E-02
    0.25331923E+02    0.91623002E-02   -0.20802378E-02
    0.25767382E+02    0.92840818E-02   -0.21082647E-02
    0.26240690E+02    0.94158350E-02   -0.21385747E-02
    0.26753974E+02    0.95580102E-02   -0.21712763E-02
    0.27310160E+02    0.97111769E-02   -0.22065192E-02
    0.27913322E+02    0.98764008E-02   -0.22445168E-02
    0.28569263E+02    0.10054966E-01   -0.22855917E-02
    0.29286548E+02    0.10249013E-01   -0.23302073E-02
    0.30078519E+02    0.10461617E-01   -0.23791153E-02
    0.30967804E+02    0.10698601E-01   -0.24336218E-02
    0.31998732E+02    0.10970912E-01   -0.24962738E-02
    0.33287633E+02    0.11307870E-01   -0.25738057E-02
