    0.25210763E-04   -0.18392028E-01    0.27365623E+01
    0.43166450E+00    0.84521440E-01    0.28239725E+01
    0.12954469E+01    0.25025159E+00    0.27947641E+01
    0.21605958E+01    0.40628929E+00    0.27384592E+01
    0.30280431E+01    0.54694686E+00    0.26591076E+01
    0.38987532E+01    0.66757551E+00    0.25623187E+01
    0.47737376E+01    0.76476278E+00    0.24547969E+01
    0.56540720E+01    0.83634955E+00    0.23438119E+01
    0.65409159E+01    0.88128474E+00    0.22366716E+01
    0.74355368E+01    0.90304373E+00    0.21383713E+01
    0.83393398E+01    0.91064652E+00    0.20490415E+01
    0.92539055E+01    0.90981997E+00    0.19677699E+01
    0.10181039E+02    0.90384729E+00    0.18935249E+01
    0.11122835E+02    0.89468781E+00    0.18253317E+01
    0.12081768E+02    0.88354968E+00    0.17623573E+01
    0.13060817E+02    0.87117339E+00    0.17038225E+01
    0.14063651E+02    0.85804783E+00    0.16490941E+01
    0.15094899E+02    0.84446468E+00    0.15975761E+01
    0.16160590E+02    0.83059199E+00    0.15487344E+01
    0.17268871E+02    0.81652782E+00    0.15020613E+01
    0.18431306E+02    0.80226348E+00    0.14570357E+01
    0.19665412E+02    0.78775331E+00    0.14130616E+01
    0.21000381E+02    0.77279741E+00    0.13693566E+01
    0.22492887E+02    0.75698676E+00    0.13245922E+01
    0.24291514E+02    0.73916494E+00    0.12755807E+01
    0.61247032E+00    0.11971844E+00    0.28202311E+01
    0.74930243E+00    0.14621827E+00    0.28165539E+01
    0.14329350E+01    0.27587465E+00    0.27875374E+01
    0.22457280E+01    0.42087941E+00    0.27316011E+01
    0.30893632E+01    0.55616293E+00    0.26527755E+01
    0.39465677E+01    0.67353217E+00    0.25566387E+01
    0.48128672E+01    0.76851316E+00    0.24498652E+01
    0.56871478E+01    0.83851478E+00    0.23396884E+01
    0.65695282E+01    0.88229150E+00    0.22333685E+01
    0.74607189E+01    0.90341654E+00    0.21357522E+01
    0.83618005E+01    0.91070963E+00    0.20469406E+01
    0.92741515E+01    0.90973610E+00    0.19660658E+01
    0.10199445E+02    0.90369319E+00    0.18921261E+01
    0.11139685E+02    0.89450558E+00    0.18241728E+01
    0.12097282E+02    0.88335992E+00    0.17613846E+01
    0.13075170E+02    0.87098752E+00    0.17030036E+01
    0.14076981E+02    0.85787280E+00    0.16483988E+01
    0.15107319E+02    0.84430099E+00    0.15969832E+01
    0.16172191E+02    0.83044210E+00    0.15482256E+01
    0.17279729E+02    0.81639216E+00    0.15016231E+01
    0.18441479E+02    0.80214152E+00    0.14566581E+01
    0.19674947E+02    0.78764347E+00    0.14127356E+01
    0.21009310E+02    0.77269980E+00    0.13690763E+01
    0.22501225E+02    0.75690112E+00    0.13243531E+01
    0.24299234E+02    0.73909124E+00    0.12753806E+01
    0.14064785E+01    0.27096653E+00    0.27889805E+01
    0.14712294E+01    0.28296414E+00    0.27854033E+01
    0.19121622E+01    0.36285757E+00    0.27571787E+01
    0.25780527E+01    0.47627058E+00    0.27027996E+01
    0.33387463E+01    0.59255582E+00    0.26261953E+01
    0.41446904E+01    0.69743280E+00    0.25328126E+01
    0.49766206E+01    0.78363289E+00    0.24291892E+01
    0.58263807E+01    0.84721510E+00    0.23224089E+01
    0.66904232E+01    0.88628766E+00    0.22195291E+01
    0.75673898E+01    0.90486543E+00    0.21247347E+01
    0.84571136E+01    0.91092739E+00    0.20380933E+01
    0.93601789E+01    0.90935279E+00    0.19588650E+01
    0.10277730E+02    0.90302870E+00    0.18862070E+01
    0.11211406E+02    0.89372526E+00    0.18192641E+01
    0.12163359E+02    0.88254835E+00    0.17572618E+01
    0.13136328E+02    0.87019464E+00    0.16995275E+01
    0.14133805E+02    0.85712543E+00    0.16454443E+01
    0.15160282E+02    0.84360351E+00    0.15944613E+01
    0.16221678E+02    0.82980433E+00    0.15460593E+01
    0.17326053E+02    0.81581386E+00    0.14997580E+01
    0.18484892E+02    0.80162244E+00    0.14550497E+01
    0.19715644E+02    0.78717459E+00    0.14113468E+01
    0.21047427E+02    0.77228348E+00    0.13678816E+01
    0.22536818E+02    0.75653577E+00    0.13233338E+01
    0.24332197E+02    0.73877684E+00    0.12745273E+01
    0.22066215E+01    0.41419686E+00    0.27347800E+01
    0.22484467E+01    0.42134269E+00    0.27313789E+01
    0.25587812E+01    0.47312881E+00    0.27045577E+01
    0.30882604E+01    0.55599813E+00    0.26528902E+01
    0.37467617E+01    0.64816501E+00    0.25801503E+01
    0.44798945E+01    0.73495560E+00    0.24915878E+01
    0.52590635E+01    0.80754472E+00    0.23934689E+01
    0.60694076E+01    0.86078413E+00    0.22926195E+01
    0.69030978E+01    0.89234954E+00    0.21956341E+01
    0.77560548E+01    0.90700621E+00    0.21055948E+01
    0.86263415E+01    0.91110560E+00    0.20226079E+01
    0.95133561E+01    0.90855753E+00    0.19462175E+01
    0.10417424E+02    0.90177950E+00    0.18757626E+01
    0.11339605E+02    0.89229310E+00    0.18105617E+01
    0.12281624E+02    0.88108375E+00    0.17499612E+01
    0.13245910E+02    0.86877112E+00    0.16933491E+01
    0.14235710E+02    0.85577767E+00    0.16401838E+01
    0.15255332E+02    0.84235879E+00    0.15899532E+01
    0.16310544E+02    0.82866428E+00    0.15421872E+01
    0.17409282E+02    0.81477607E+00    0.14964221E+01
    0.18562926E+02    0.80069097E+00    0.14521703E+01
    0.19788825E+02    0.78633302E+00    0.14088603E+01
    0.21115993E+02    0.77153639E+00    0.13657396E+01
    0.22600866E+02    0.75587955E+00    0.13215052E+01
    0.24391532E+02    0.73821206E+00    0.12729955E+01
    0.30101246E+01    0.54423515E+00    0.26609395E+01
    0.30409183E+01    0.54889047E+00    0.26577844E+01
    0.32770463E+01    0.58371658E+00    0.26328853E+01
    0.37052698E+01    0.64273972E+00    0.25849630E+01
    0.42696481E+01    0.71185265E+00    0.25175634E+01
    0.49255585E+01    0.77901410E+00    0.24356437E+01
    0.56435291E+01    0.83565162E+00    0.23451283E+01
    0.64054180E+01    0.87616413E+00    0.22524617E+01
    0.72003077E+01    0.89902735E+00    0.21632265E+01
    0.80217241E+01    0.90916848E+00    0.20793541E+01
    0.88659708E+01    0.91095012E+00    0.20012018E+01
    0.97311673E+01    0.90723353E+00    0.19285969E+01
    0.10616704E+02    0.89990242E+00    0.18611409E+01
    0.11522947E+02    0.89020542E+00    0.17983194E+01
    0.12451103E+02    0.87896125E+00    0.17396314E+01
    0.13403201E+02    0.86671897E+00    0.16845816E+01
    0.14382181E+02    0.85384544E+00    0.16326986E+01
    0.15392102E+02    0.84057120E+00    0.15835292E+01
    0.16438537E+02    0.82702596E+00    0.15366586E+01
    0.17529255E+02    0.81328375E+00    0.14916451E+01
    0.18675489E+02    0.79934384E+00    0.14480413E+01
    0.19894454E+02    0.78512638E+00    0.14052962E+01
    0.21215015E+02    0.77046219E+00    0.13626628E+01
    0.22693409E+02    0.75493458E+00    0.13188765E+01
    0.24477306E+02    0.73739808E+00    0.12707907E+01
    0.38172143E+01    0.65725151E+00    0.25719259E+01
    0.38415439E+01    0.66035378E+00    0.25690674E+01
    0.40310430E+01    0.68387671E+00    0.25465364E+01
    0.43862625E+01    0.72484802E+00    0.25031999E+01
    0.48723885E+01    0.77411364E+00    0.24423575E+01
    0.54563176E+01    0.82261139E+00    0.23686012E+01
    0.61122578E+01    0.86296752E+00    0.22874272E+01
    0.68219979E+01    0.89017576E+00    0.22046810E+01
    0.75732890E+01    0.90494047E+00    0.21241297E+01
    0.83581297E+01    0.91069967E+00    0.20472834E+01
    0.91714619E+01    0.91014141E+00    0.19747496E+01
    0.10010289E+02    0.90522727E+00    0.19066323E+01
    0.10873117E+02    0.89733777E+00    0.18427675E+01
    0.11759616E+02    0.88743084E+00    0.17828459E+01
    0.12670447E+02    0.87618909E+00    0.17265177E+01
    0.13607206E+02    0.86405541E+00    0.16734056E+01
    0.14572488E+02    0.85134018E+00    0.16231136E+01
    0.15570070E+02    0.83824909E+00    0.15752828E+01
    0.16605294E+02    0.82489994E+00    0.15295344E+01
    0.17685730E+02    0.81135269E+00    0.14854787E+01
    0.18822438E+02    0.79759576E+00    0.14426969E+01
    0.20032463E+02    0.78355976E+00    0.14006689E+01
    0.21344487E+02    0.76906537E+00    0.13586698E+01
    0.22814493E+02    0.75370411E+00    0.13154596E+01
    0.24589607E+02    0.73633623E+00    0.12679196E+01
    0.46286125E+01    0.75040678E+00    0.24730202E+01
    0.46486975E+01    0.75243646E+00    0.24705017E+01
    0.48064786E+01    0.76790453E+00    0.24506711E+01
    0.51080552E+01    0.79510242E+00    0.24125676E+01
    0.55311029E+01    0.82796238E+00    0.23592024E+01
    0.60518039E+01    0.85987000E+00    0.22947564E+01
    0.66492575E+01    0.88497515E+00    0.22242196E+01
    0.73070229E+01    0.90097717E+00    0.21518639E+01
    0.80129666E+01    0.90911187E+00    0.20802058E+01
    0.87584965E+01    0.91107825E+00    0.20107288E+01
    0.95377483E+01    0.90842028E+00    0.19442232E+01
    0.10346923E+02    0.90241525E+00    0.18810152E+01
    0.11183810E+02    0.89402702E+00    0.18211495E+01
    0.12047469E+02    0.88396866E+00    0.17645122E+01
    0.12938051E+02    0.87275911E+00    0.17108731E+01
    0.13856731E+02    0.86077435E+00    0.16599884E+01
    0.14805753E+02    0.84826247E+00    0.16115728E+01
    0.15788604E+02    0.83539936E+00    0.15653102E+01
    0.16810375E+02    0.82229115E+00    0.15208979E+01
    0.17878422E+02    0.80897844E+00    0.14779863E+01
    0.19003607E+02    0.79545273E+00    0.14361888E+01
    0.20202784E+02    0.78163478E+00    0.13950137E+01
    0.21504419E+02    0.76735213E+00    0.13537835E+01
    0.22964190E+02    0.75219045E+00    0.13112630E+01
    0.24728560E+02    0.73502836E+00    0.12643910E+01
    0.54452235E+01    0.82180107E+00    0.23699966E+01
    0.54623066E+01    0.82304695E+00    0.23678481E+01
    0.55971995E+01    0.83254079E+00    0.23509217E+01
    0.58582108E+01    0.84911163E+00    0.23184744E+01
    0.62305300E+01    0.86864672E+00    0.22731990E+01
    0.66970692E+01    0.88649446E+00    0.22187735E+01
    0.72414798E+01    0.89980584E+00    0.21588260E+01
    0.78497764E+01    0.90787035E+00    0.20962390E+01
    0.85108190E+01    0.91101137E+00    0.20331462E+01
    0.92161633E+01    0.90997089E+00    0.19709565E+01
    0.99596711E+01    0.90561199E+00    0.19105655E+01
    0.10737096E+02    0.89871976E+00    0.18524545E+01
    0.11545736E+02    0.88994035E+00    0.17968141E+01
    0.12384180E+02    0.87980354E+00    0.17436890E+01
    0.13252153E+02    0.86868988E+00    0.16929987E+01
    0.14150456E+02    0.85690576E+00    0.16445816E+01
    0.15081005E+02    0.84464776E+00    0.15982402E+01
    0.16047007E+02    0.83206232E+00    0.15537413E+01
    0.17053302E+02    0.81922975E+00    0.15108405E+01
    0.18107026E+02    0.80618707E+00    0.14692268E+01
    0.19218832E+02    0.79293006E+00    0.14285539E+01
    0.20405364E+02    0.77936288E+00    0.13883749E+01
    0.21694849E+02    0.76532349E+00    0.13480214E+01
    0.23142611E+02    0.75039820E+00    0.13063075E+01
    0.24894339E+02    0.73347830E+00    0.12602179E+01
    0.62680747E+01    0.87035206E+00    0.22687125E+01
    0.62829209E+01    0.87101270E+00    0.22669443E+01
    0.64005424E+01    0.87596848E+00    0.22530341E+01
    0.66300026E+01    0.88434235E+00    0.22264204E+01
    0.69611641E+01    0.89380993E+00    0.21892164E+01
    0.73816690E+01    0.90221062E+00    0.21439983E+01
    0.78789169E+01    0.90811624E+00    0.20933534E+01
    0.84414033E+01    0.91089693E+00    0.20395451E+01
    0.90593786E+01    0.91051155E+00    0.19843501E+01
    0.97250176E+01    0.90727441E+00    0.19290883E+01
    0.10432322E+02    0.90164327E+00    0.18746578E+01
    0.11176919E+02    0.89410200E+00    0.18216207E+01
    0.11955848E+02    0.88508432E+00    0.17702917E+01
    0.12767389E+02    0.87495362E+00    0.17208053E+01
    0.13610947E+02    0.86400627E+00    0.16732025E+01
    0.14487018E+02    0.85246650E+00    0.16274011E+01
    0.15397241E+02    0.84050396E+00    0.15832896E+01
    0.16344563E+02    0.82822854E+00    0.15407122E+01
    0.17333592E+02    0.81571979E+00    0.14994550E+01
    0.18371246E+02    0.80298700E+00    0.14592710E+01
    0.19467968E+02    0.79002459E+00    0.14198567E+01
    0.20640184E+02    0.77675643E+00    0.13807881E+01
    0.21915856E+02    0.76298676E+00    0.13414275E+01
    0.23349920E+02    0.74833261E+00    0.13006165E+01
    0.25087176E+02    0.73168834E+00    0.12554054E+01
    0.70983138E+01    0.89695306E+00    0.21742201E+01
    0.71114269E+01    0.89723148E+00    0.21727991E+01
    0.72155555E+01    0.89932003E+00    0.21615945E+01
    0.74198539E+01    0.90280553E+00    0.21400053E+01
    0.77171953E+01    0.90661035E+00    0.21095028E+01
    0.80985390E+01    0.90962719E+00    0.20719195E+01
    0.85542170E+01    0.91106011E+00    0.20291688E+01
    0.90749429E+01    0.91046652E+00    0.19830100E+01
    0.96524421E+01    0.90773849E+00    0.19349208E+01
    0.10279750E+02    0.90301110E+00    0.18860549E+01
    0.10951285E+02    0.89652599E+00    0.18372633E+01
    0.11662797E+02    0.88857517E+00    0.17891304E+01
    0.12411269E+02    0.87946292E+00    0.17420429E+01
    0.13194829E+02    0.86943515E+00    0.16962217E+01
    0.14012679E+02    0.85871721E+00    0.16517605E+01
    0.14865093E+02    0.84748332E+00    0.16086724E+01
    0.15753486E+02    0.83585581E+00    0.15669004E+01
    0.16680588E+02    0.82393895E+00    0.15263504E+01
    0.17650799E+02    0.81178328E+00    0.14868484E+01
    0.18670832E+02    0.79939953E+00    0.14482115E+01
    0.19750926E+02    0.78676840E+00    0.14101461E+01
    0.20907283E+02    0.77381614E+00    0.13722872E+01
    0.22167590E+02    0.76035298E+00    0.13340080E+01
    0.23586353E+02    0.74599796E+00    0.12942104E+01
    0.25307384E+02    0.72966180E+00    0.12499717E+01
    0.79372267E+01    0.90857620E+00    0.20876110E+01
    0.79489560E+01    0.90866387E+00    0.20864603E+01
    0.80422479E+01    0.90929690E+00    0.20773618E+01
    0.82260405E+01    0.91024238E+00    0.20597308E+01
    0.84952112E+01    0.91099008E+00    0.20345814E+01
    0.88430676E+01    0.91098444E+00    0.20032241E+01
    0.92621887E+01    0.90978591E+00    0.19670723E+01
    0.97451577E+01    0.90713980E+00    0.19274807E+01
    0.10285094E+02    0.90296443E+00    0.18856528E+01
    0.10875972E+02    0.89730840E+00    0.18425656E+01
    0.11512782E+02    0.89032334E+00    0.17989920E+01
    0.12191568E+02    0.88219988E+00    0.17555129E+01
    0.12909420E+02    0.87312779E+00    0.17125281E+01
    0.13664444E+02    0.86330227E+00    0.16703033E+01
    0.14455749E+02    0.85287791E+00    0.16289765E+01
    0.15283472E+02    0.84199157E+00    0.15886237E+01
    0.16148865E+02    0.83074357E+00    0.15492491E+01
    0.17054487E+02    0.81921485E+00    0.15107918E+01
    0.18004561E+02    0.80743628E+00    0.14731335E+01
    0.19005617E+02    0.79542905E+00    0.14361170E+01
    0.20067701E+02    0.78316085E+00    0.13994929E+01
    0.21206791E+02    0.77055119E+00    0.13629176E+01
    0.22450291E+02    0.75742466E+00    0.13258158E+01
    0.23852244E+02    0.74339861E+00    0.12870992E+01
    0.25555375E+02    0.72740044E+00    0.12439278E+01
    0.87862684E+01    0.91105391E+00    0.20082572E+01
    0.87968657E+01    0.91104276E+00    0.20073163E+01
    0.88812553E+01    0.91092516E+00    0.19998553E+01
    0.90480212E+01    0.91054345E+00    0.19853295E+01
    0.92934147E+01    0.90965424E+00    0.19644478E+01
    0.96124289E+01    0.90798261E+00    0.19381552E+01
    0.99993541E+01    0.90531100E+00    0.19074800E+01
    0.10448303E+02    0.90149607E+00    0.18734749E+01
    0.10953634E+02    0.89650130E+00    0.18370986E+01
    0.11510244E+02    0.89035275E+00    0.17991601E+01
    0.12113757E+02    0.88315816E+00    0.17603534E+01
    0.12760614E+02    0.87504040E+00    0.17212029E+01
    0.13448125E+02    0.86613140E+00    0.16821033E+01
    0.14174483E+02    0.85658821E+00    0.16433389E+01
    0.14938796E+02    0.84651686E+00    0.16050897E+01
    0.15741139E+02    0.83601657E+00    0.15674605E+01
    0.16582665E+02    0.82518857E+00    0.15304954E+01
    0.17465809E+02    0.81407194E+00    0.14941665E+01
    0.18394651E+02    0.80270434E+00    0.14583987E+01
    0.19375563E+02    0.79109895E+00    0.14230656E+01
    0.20418412E+02    0.77921744E+00    0.13879503E+01
    0.21538963E+02    0.76698363E+00    0.13527342E+01
    0.22764325E+02    0.75421318E+00    0.13168726E+01
    0.24148054E+02    0.74053900E+00    0.12793139E+01
    0.25831689E+02    0.72490725E+00    0.12372879E+01
    0.96471061E+01    0.90777142E+00    0.19353516E+01
    0.96567587E+01    0.90771175E+00    0.19345724E+01
    0.97336960E+01    0.90721665E+00    0.19283950E+01
    0.98860927E+01    0.90616019E+00    0.19163254E+01
    0.10111167E+02    0.90442933E+00    0.18988595E+01
    0.10405140E+02    0.90189119E+00    0.18766750E+01
    0.10763607E+02    0.89845307E+00    0.18505570E+01
    0.11181913E+02    0.89404767E+00    0.18212792E+01
    0.11655481E+02    0.88866091E+00    0.17896079E+01
    0.12180060E+02    0.88234215E+00    0.17562256E+01
    0.12751911E+02    0.87515180E+00    0.17217141E+01
    0.13367925E+02    0.86718037E+00    0.16865358E+01
    0.14025698E+02    0.85854615E+00    0.16510783E+01
    0.14723590E+02    0.84934443E+00    0.16156120E+01
    0.15460781E+02    0.83967355E+00    0.15803348E+01
    0.16237352E+02    0.82960287E+00    0.15453746E+01
    0.17054411E+02    0.81921582E+00    0.15107950E+01
    0.17914313E+02    0.80853915E+00    0.14766006E+01
    0.18821034E+02    0.79761240E+00    0.14427477E+01
    0.19780813E+02    0.78642496E+00    0.14091318E+01
    0.20803358E+02    0.77495557E+00    0.13755772E+01
    0.21904225E+02    0.76310904E+00    0.13417721E+01
    0.23110228E+02    0.75072246E+00    0.13072027E+01
    0.24474408E+02    0.73742554E+00    0.12708650E+01
    0.26137029E+02    0.72218431E+00    0.12300530E+01
    0.10521679E+02    0.90080904E+00    0.18680724E+01
    0.10530530E+02    0.90072530E+00    0.18674239E+01
    0.10601128E+02    0.90005219E+00    0.18622728E+01
    0.10741224E+02    0.89867834E+00    0.18521587E+01
    0.10948734E+02    0.89655278E+00    0.18374421E+01
    0.11220784E+02    0.89362207E+00    0.18186239E+01
    0.11553973E+02    0.88984438E+00    0.17962708E+01
    0.11944633E+02    0.88522013E+00    0.17710020E+01
    0.12389080E+02    0.87974198E+00    0.17433909E+01
    0.12883825E+02    0.87345714E+00    0.17140111E+01
    0.13425733E+02    0.86642417E+00    0.16833372E+01
    0.14012155E+02    0.85872410E+00    0.16517880E+01
    0.14641014E+02    0.85043513E+00    0.16196990E+01
    0.15310884E+02    0.84163371E+00    0.15873322E+01
    0.16021075E+02    0.83239785E+00    0.15548918E+01
    0.16771722E+02    0.82278031E+00    0.15225171E+01
    0.17563940E+02    0.81285445E+00    0.14902716E+01
    0.18400046E+02    0.80263929E+00    0.14581978E+01
    0.19283941E+02    0.79216923E+00    0.14262667E+01
    0.20221762E+02    0.78142093E+00    0.13943880E+01
    0.21223071E+02    0.77037502E+00    0.13624134E+01
    0.22303232E+02    0.75894259E+00    0.13300619E+01
    0.23488757E+02    0.74695895E+00    0.12968446E+01
    0.24832151E+02    0.73405846E+00    0.12617789E+01
    0.26472313E+02    0.71923192E+00    0.12222421E+01
    0.11412281E+02    0.89147182E+00    0.18056856E+01
    0.11420442E+02    0.89137949E+00    0.18051395E+01
    0.11485571E+02    0.89063754E+00    0.18007966E+01
    0.11615004E+02    0.88913350E+00    0.17922573E+01
    0.11807167E+02    0.88686658E+00    0.17797789E+01
    0.12059868E+02    0.88381724E+00    0.17637326E+01
    0.12370478E+02    0.87997552E+00    0.17445234E+01
    0.12736117E+02    0.87535365E+00    0.17226428E+01
    0.13153849E+02    0.86996728E+00    0.16985355E+01
    0.13620843E+02    0.86387619E+00    0.16726653E+01
    0.14134523E+02    0.85711597E+00    0.16454071E+01
    0.14692682E+02    0.84975242E+00    0.16171384E+01
    0.15293584E+02    0.84185960E+00    0.15881469E+01
    0.15936047E+02    0.83349595E+00    0.15586816E+01
    0.16619544E+02    0.82471806E+00    0.15289303E+01
    0.17344310E+02    0.81558609E+00    0.14990246E+01
    0.18111500E+02    0.80613272E+00    0.14690568E+01
    0.18923428E+02    0.79639969E+00    0.14390587E+01
    0.19783953E+02    0.78638892E+00    0.14090254E+01
    0.20699132E+02    0.77610417E+00    0.13788993E+01
    0.21678404E+02    0.76549839E+00    0.13485166E+01
    0.22736943E+02    0.75449146E+00    0.13176454E+01
    0.23900965E+02    0.74292525E+00    0.12858079E+01
    0.25222413E+02    0.73044155E+00    0.12520601E+01
    0.26838737E+02    0.71605181E+00    0.12138497E+01
    0.12321676E+02    0.88058569E+00    0.17475045E+01
    0.12329235E+02    0.88049145E+00    0.17470419E+01
    0.12389588E+02    0.87973560E+00    0.17433600E+01
    0.12509671E+02    0.87822282E+00    0.17361044E+01
    0.12688292E+02    0.87596256E+00    0.17254624E+01
    0.12923776E+02    0.87294297E+00    0.17116978E+01
    0.13214094E+02    0.86918481E+00    0.16951369E+01
    0.13557000E+02    0.86471251E+00    0.16761383E+01
    0.13950172E+02    0.85953990E+00    0.16550462E+01
    0.14391349E+02    0.85372484E+00    0.16322334E+01
    0.14878451E+02    0.84730813E+00    0.16080215E+01
    0.15409688E+02    0.84034110E+00    0.15827097E+01
    0.15983656E+02    0.83288155E+00    0.15565565E+01
    0.16599432E+02    0.82497473E+00    0.15297831E+01
    0.17256675E+02    0.81668025E+00    0.15025539E+01
    0.17955741E+02    0.80803278E+00    0.14750057E+01
    0.18697860E+02    0.79907655E+00    0.14472242E+01
    0.19485371E+02    0.78982349E+00    0.14192544E+01
    0.20322115E+02    0.78029344E+00    0.13910925E+01
    0.21214090E+02    0.77047219E+00    0.13626915E+01
    0.22170628E+02    0.76032131E+00    0.13339192E+01
    0.23206726E+02    0.74975750E+00    0.13045400E+01
    0.24348300E+02    0.73862342E+00    0.12741110E+01
    0.25646709E+02    0.72657328E+00    0.12417232E+01
    0.27237866E+02    0.71263834E+00    0.12048865E+01
    0.13253271E+02    0.86867534E+00    0.16929360E+01
    0.13260299E+02    0.86858388E+00    0.16925419E+01
    0.13316433E+02    0.86785264E+00    0.16894018E+01
    0.13428231E+02    0.86639151E+00    0.16831995E+01
    0.13594787E+02    0.86421840E+00    0.16740805E+01
    0.13814828E+02    0.86132754E+00    0.16622186E+01
    0.14086794E+02    0.85774391E+00    0.16478875E+01
    0.14408946E+02    0.85349339E+00    0.16313417E+01
    0.14779472E+02    0.84860815E+00    0.16128618E+01
    0.15196592E+02    0.84312673E+00    0.15927368E+01
    0.15658665E+02    0.83709253E+00    0.15712176E+01
    0.16164281E+02    0.83054429E+00    0.15485725E+01
    0.16712353E+02    0.82353419E+00    0.15250121E+01
    0.17302215E+02    0.81611136E+00    0.15007169E+01
    0.17933720E+02    0.80830189E+00    0.14758528E+01
    0.18607368E+02    0.80015923E+00    0.14505366E+01
    0.19324478E+02    0.79169557E+00    0.14248479E+01
    0.20087438E+02    0.78293756E+00    0.13988354E+01
    0.20900092E+02    0.77389487E+00    0.13725142E+01
    0.21768397E+02    0.76454268E+00    0.13458139E+01
    0.22701591E+02    0.75485123E+00    0.13186449E+01
    0.23714503E+02    0.74474179E+00    0.12907703E+01
    0.24832744E+02    0.73405291E+00    0.12617640E+01
    0.26107072E+02    0.72244995E+00    0.12307573E+01
    0.27671770E+02    0.70899000E+00    0.11953353E+01
    0.14211368E+02    0.85609997E+00    0.16414363E+01
    0.14217922E+02    0.85601318E+00    0.16410988E+01
    0.14270290E+02    0.85532033E+00    0.16384084E+01
    0.14374671E+02    0.85394425E+00    0.16330800E+01
    0.14530383E+02    0.85189539E+00    0.16252221E+01
    0.14736460E+02    0.84917470E+00    0.16149775E+01
    0.14991716E+02    0.84582230E+00    0.16025304E+01
    0.15294820E+02    0.84184347E+00    0.15880886E+01
    0.15644378E+02    0.83727910E+00    0.15718712E+01
    0.16039021E+02    0.83216567E+00    0.15540953E+01
    0.16477487E+02    0.82652878E+00    0.15349865E+01
    0.16958707E+02    0.82041995E+00    0.15147359E+01
    0.17481892E+02    0.81387186E+00    0.14935263E+01
    0.18046618E+02    0.80692276E+00    0.14715267E+01
    0.18652938E+02    0.79961362E+00    0.14488661E+01
    0.19301501E+02    0.79196406E+00    0.14256516E+01
    0.19993730E+02    0.78399868E+00    0.14019646E+01
    0.20732075E+02    0.77574035E+00    0.13778467E+01
    0.21520401E+02    0.76718160E+00    0.13532978E+01
    0.22364635E+02    0.75830743E+00    0.13282851E+01
    0.23273934E+02    0.74908769E+00    0.13026944E+01
    0.24262964E+02    0.73943771E+00    0.12763215E+01
    0.25357030E+02    0.72920739E+00    0.12487557E+01
    0.26606258E+02    0.71806362E+00    0.12191545E+01
    0.28143216E+02    0.70509439E+00    0.11851817E+01
    0.15201569E+02    0.84306152E+00    0.15925007E+01
    0.15207696E+02    0.84298128E+00    0.15922099E+01
    0.15256667E+02    0.84234137E+00    0.15898900E+01
    0.15354344E+02    0.84106543E+00    0.15852931E+01
    0.15500217E+02    0.83915943E+00    0.15785074E+01
    0.15693565E+02    0.83663691E+00    0.15696245E+01
    0.15933495E+02    0.83352885E+00    0.15587957E+01
    0.16219008E+02    0.82983867E+00    0.15461761E+01
    0.16549057E+02    0.82561686E+00    0.15319262E+01
    0.16922615E+02    0.82087467E+00    0.15162279E+01
    0.17338751E+02    0.81565544E+00    0.14992478E+01
    0.17796698E+02    0.80998280E+00    0.14811527E+01
    0.18295935E+02    0.80389978E+00    0.14620886E+01
    0.18836272E+02    0.79743182E+00    0.14421968E+01
    0.19417950E+02    0.79060500E+00    0.14215913E+01
    0.20041772E+02    0.78345434E+00    0.14003580E+01
    0.20709272E+02    0.77599212E+00    0.13785750E+01
    0.21422970E+02    0.76822292E+00    0.13562657E+01
    0.22186761E+02    0.76015317E+00    0.13334481E+01
    0.23006556E+02    0.75176363E+00    0.13100813E+01
    0.23891436E+02    0.74301776E+00    0.12860602E+01
    0.24855907E+02    0.73383665E+00    0.12611820E+01
    0.25924963E+02    0.72407177E+00    0.12350650E+01
    0.27148069E+02    0.71340118E+00    0.12068869E+01
    0.28655983E+02    0.70093891E+00    0.11744001E+01
    0.16231448E+02    0.82967872E+00    0.15456324E+01
    0.16237187E+02    0.82960498E+00    0.15453818E+01
    0.16283062E+02    0.82901640E+00    0.15433819E+01
    0.16374617E+02    0.82784365E+00    0.15394125E+01
    0.16511480E+02    0.82609552E+00    0.15335309E+01
    0.16693118E+02    0.82377920E+00    0.15258222E+01
    0.16918880E+02    0.82092175E+00    0.15163825E+01
    0.17188032E+02    0.81753916E+00    0.15053353E+01
    0.17499814E+02    0.81364910E+00    0.14928137E+01
    0.17853490E+02    0.80928413E+00    0.14789507E+01
    0.18248411E+02    0.80447568E+00    0.14638754E+01
    0.18684076E+02    0.79924120E+00    0.14477275E+01
    0.19160205E+02    0.79361554E+00    0.14306226E+01
    0.19676823E+02    0.78762187E+00    0.14126715E+01
    0.20234353E+02    0.78127915E+00    0.13939734E+01
    0.20833743E+02    0.77462199E+00    0.13746131E+01
    0.21476643E+02    0.76764875E+00    0.13546286E+01
    0.22165646E+02    0.76037325E+00    0.13340648E+01
    0.22904684E+02    0.75279117E+00    0.13129276E+01
    0.23699659E+02    0.74488696E+00    0.12911676E+01
    0.24559580E+02    0.73661976E+00    0.12686857E+01
    0.25498791E+02    0.72791448E+00    0.12452997E+01
    0.26541965E+02    0.71862351E+00    0.12206338E+01
    0.27737878E+02    0.70843934E+00    0.11938983E+01
    0.29215365E+02    0.69649985E+00    0.11629294E+01
    0.17311757E+02    0.81599226E+00    0.15003329E+01
    0.17317138E+02    0.81592510E+00    0.15001164E+01
    0.17360159E+02    0.81538844E+00    0.14983887E+01
    0.17446063E+02    0.81431779E+00    0.14949535E+01
    0.17574583E+02    0.81272298E+00    0.14898508E+01
    0.17745343E+02    0.81061667E+00    0.14831503E+01
    0.17957881E+02    0.80800664E+00    0.14749235E+01
    0.18211685E+02    0.80491985E+00    0.14652608E+01
    0.18506229E+02    0.80136778E+00    0.14542609E+01
    0.18841023E+02    0.79737554E+00    0.14420251E+01
    0.19215658E+02    0.79296715E+00    0.14286656E+01
    0.19629867E+02    0.78816244E+00    0.14142786E+01
    0.20083587E+02    0.78298111E+00    0.13989636E+01
    0.20577035E+02    0.77745606E+00    0.13828184E+01
    0.21110804E+02    0.77159284E+00    0.13659014E+01
    0.21685983E+02    0.76541777E+00    0.13482883E+01
    0.22304331E+02    0.75893120E+00    0.13300300E+01
    0.22968520E+02    0.75214680E+00    0.13111421E+01
    0.23682516E+02    0.74505473E+00    0.12916269E+01
    0.24452216E+02    0.73763590E+00    0.12714345E+01
    0.25286557E+02    0.72985268E+00    0.12504827E+01
    0.26199721E+02    0.72162941E+00    0.12285830E+01
    0.27216042E+02    0.71282347E+00    0.12053720E+01
    0.28383568E+02    0.70313678E+00    0.11801010E+01
    0.29829089E+02    0.69173807E+00    0.11506709E+01
    0.18458785E+02    0.80193437E+00    0.14560163E+01
    0.18463832E+02    0.80187402E+00    0.14558293E+01
    0.18504187E+02    0.80139214E+00    0.14543363E+01
    0.18584804E+02    0.80042932E+00    0.14513655E+01
    0.18705502E+02    0.79898534E+00    0.14469453E+01
    0.18866029E+02    0.79707931E+00    0.14411229E+01
    0.19066078E+02    0.79471815E+00    0.14339618E+01
    0.19305318E+02    0.79191946E+00    0.14255180E+01
    0.19583420E+02    0.78869599E+00    0.14158732E+01
    0.19900100E+02    0.78506212E+00    0.14051063E+01
    0.20255156E+02    0.78104507E+00    0.13932891E+01
    0.20648524E+02    0.77666408E+00    0.13805205E+01
    0.21080330E+02    0.77192464E+00    0.13668526E+01
    0.21550968E+02    0.76685565E+00    0.13523700E+01
    0.22061185E+02    0.76146376E+00    0.13371315E+01
    0.22612203E+02    0.75576358E+00    0.13211823E+01
    0.23205883E+02    0.74976591E+00    0.13045632E+01
    0.23844973E+02    0.74346934E+00    0.12872923E+01
    0.24533475E+02    0.73686647E+00    0.12693526E+01
    0.25277276E+02    0.72993780E+00    0.12507106E+01
    0.26085241E+02    0.72264373E+00    0.12312714E+01
    0.26971377E+02    0.71491108E+00    0.12108499E+01
    0.27959663E+02    0.70660234E+00    0.11891085E+01
    0.29097367E+02    0.69742879E+00    0.11653254E+01
    0.30509087E+02    0.68659104E+00    0.11374854E+01
    0.19699680E+02    0.78735851E+00    0.14118911E+01
    0.19704409E+02    0.78730403E+00    0.14117298E+01
    0.19742228E+02    0.78686849E+00    0.14104418E+01
    0.19817809E+02    0.78600098E+00    0.14078797E+01
    0.19931042E+02    0.78471025E+00    0.14040667E+01
    0.20081774E+02    0.78300162E+00    0.13990240E+01
    0.20269829E+02    0.78088013E+00    0.13928069E+01
    0.20495022E+02    0.77836553E+00    0.13854655E+01
    0.20757191E+02    0.77546344E+00    0.13770458E+01
    0.21056225E+02    0.77218748E+00    0.13676062E+01
    0.21392101E+02    0.76855387E+00    0.13572099E+01
    0.21764929E+02    0.76457943E+00    0.13459177E+01
    0.22175007E+02    0.76027567E+00    0.13337912E+01
    0.22622883E+02    0.75565437E+00    0.13208784E+01
    0.23109446E+02    0.75073030E+00    0.13072244E+01
    0.23636039E+02    0.74551016E+00    0.12928741E+01
    0.24204621E+02    0.73999618E+00    0.12778387E+01
    0.24818005E+02    0.73419064E+00    0.12621347E+01
    0.25480228E+02    0.72808337E+00    0.12457508E+01
    0.26197162E+02    0.72165203E+00    0.12286429E+01
    0.26977591E+02    0.71485778E+00    0.12107099E+01
    0.27835334E+02    0.70763016E+00    0.11917881E+01
    0.28793982E+02    0.69983474E+00    0.11715388E+01
    0.29899956E+02    0.69119536E+00    0.11492773E+01
    0.31275470E+02    0.68094611E+00    0.11230889E+01
    0.21087148E+02    0.77185036E+00    0.13666396E+01
    0.21091566E+02    0.77180224E+00    0.13665016E+01
    0.21126902E+02    0.77141778E+00    0.13653997E+01
    0.21197547E+02    0.77065130E+00    0.13632042E+01
    0.21303447E+02    0.76950722E+00    0.13599318E+01
    0.21444535E+02    0.76799205E+00    0.13556073E+01
    0.21620740E+02    0.76611226E+00    0.13502573E+01
    0.21832003E+02    0.76386999E+00    0.13439163E+01
    0.22078301E+02    0.76128489E+00    0.13366274E+01
    0.22359674E+02    0.75835867E+00    0.13284284E+01
    0.22676252E+02    0.75510946E+00    0.13193627E+01
    0.23028299E+02    0.75154487E+00    0.13094760E+01
    0.23416263E+02    0.74767524E+00    0.12988101E+01
    0.23840832E+02    0.74350962E+00    0.12874023E+01
    0.24303023E+02    0.73905508E+00    0.12752825E+01
    0.24804289E+02    0.73431888E+00    0.12624799E+01
    0.25346678E+02    0.72930208E+00    0.12490090E+01
    0.25933063E+02    0.72399937E+00    0.12348724E+01
    0.26567508E+02    0.71840087E+00    0.12200454E+01
    0.27255857E+02    0.71248586E+00    0.12044866E+01
    0.28006800E+02    0.70621400E+00    0.11880964E+01
    0.28833943E+02    0.69951623E+00    0.11707146E+01
    0.29760440E+02    0.69226526E+00    0.11520247E+01
    0.30831766E+02    0.68419475E+00    0.11313631E+01
    0.32167460E+02    0.67457631E+00    0.11069139E+01
    0.22759369E+02    0.75426353E+00    0.13170124E+01
    0.22763462E+02    0.75422195E+00    0.13168970E+01
    0.22796207E+02    0.75388956E+00    0.13159743E+01
    0.22861694E+02    0.75322599E+00    0.13141333E+01
    0.22959920E+02    0.75223352E+00    0.13113823E+01
    0.23090889E+02    0.75091632E+00    0.13077383E+01
    0.23254622E+02    0.74927997E+00    0.13032240E+01
    0.23451170E+02    0.74733007E+00    0.12978626E+01
    0.23680634E+02    0.74507316E+00    0.12916773E+01
    0.23943184E+02    0.74251580E+00    0.12846920E+01
    0.24239089E+02    0.73966607E+00    0.12769418E+01
    0.24568753E+02    0.73653311E+00    0.12684515E+01
    0.24932758E+02    0.73312062E+00    0.12592558E+01
    0.25331923E+02    0.72943710E+00    0.12493703E+01
    0.25767382E+02    0.72548507E+00    0.12388260E+01
    0.26240690E+02    0.72126748E+00    0.12276251E+01
    0.26753974E+02    0.71678336E+00    0.12157766E+01
    0.27310160E+02    0.71202629E+00    0.12032815E+01
    0.27913322E+02    0.70698486E+00    0.11901057E+01
    0.28569263E+02    0.70163604E+00    0.11762083E+01
    0.29286548E+02    0.69594164E+00    0.11614891E+01
    0.30078519E+02    0.68983436E+00    0.11457858E+01
    0.30967804E+02    0.68319327E+00    0.11288097E+01
    0.31998732E+02    0.67576495E+00    0.11099291E+01
    0.33287633E+02    0.66686770E+00    0.10874485E+01
