    0.24083814E-04    0.31462715E-06    0.45141523E-01
    0.33329511E+00    0.75202896E-03    0.45118389E-01
    0.10002354E+01    0.22369594E-02    0.44974618E-01
    0.16682308E+01    0.36649837E-02    0.44695504E-01
    0.23380009E+01    0.49996685E-02    0.44297261E-01
    0.30102902E+01    0.62066077E-02    0.43803284E-01
    0.36858797E+01    0.72538212E-02    0.43242961E-01
    0.43656001E+01    0.81116995E-02    0.42650311E-01
    0.50503465E+01    0.87525015E-02    0.42061919E-01
    0.57410978E+01    0.91798855E-02    0.41507798E-01
    0.64389386E+01    0.94669283E-02    0.40992439E-01
    0.71450895E+01    0.96659701E-02    0.40512861E-01
    0.78609441E+01    0.98076669E-02    0.40065138E-01
    0.85881199E+01    0.99105315E-02    0.39645129E-01
    0.93285274E+01    0.99866652E-02    0.39248937E-01
    0.10084467E+02    0.10043942E-01    0.38873223E-01
    0.10858771E+02    0.10087792E-01    0.38514710E-01
    0.11655015E+02    0.10121869E-01    0.38170401E-01
    0.12477852E+02    0.10149001E-01    0.37837574E-01
    0.13333574E+02    0.10171044E-01    0.37513164E-01
    0.14231108E+02    0.10189561E-01    0.37193936E-01
    0.15183982E+02    0.10205796E-01    0.36875788E-01
    0.16214732E+02    0.10220782E-01    0.36552966E-01
    0.17367121E+02    0.10235703E-01    0.36214960E-01
    0.18755869E+02    0.10252481E-01    0.35835682E-01
    0.58509222E+00    0.13171359E-02    0.45080629E-01
    0.67336360E+00    0.15141687E-02    0.45062617E-01
    0.11587941E+01    0.25827281E-02    0.44920044E-01
    0.17678594E+01    0.38705580E-02    0.44643251E-01
    0.24100998E+01    0.51360594E-02    0.44248291E-01
    0.30666235E+01    0.63006869E-02    0.43758575E-01
    0.37320292E+01    0.73185738E-02    0.43203221E-01
    0.44046336E+01    0.81544693E-02    0.42616185E-01
    0.50841256E+01    0.87779850E-02    0.42033794E-01
    0.57708350E+01    0.91945784E-02    0.41484941E-01
    0.64654670E+01    0.94758029E-02    0.40973693E-01
    0.71690053E+01    0.96715364E-02    0.40497302E-01
    0.78826883E+01    0.98112565E-02    0.40052104E-01
    0.86080274E+01    0.99129044E-02    0.39634076E-01
    0.93468581E+01    0.99882718E-02    0.39239496E-01
    0.10101426E+02    0.10045049E-01    0.38865103E-01
    0.10874523E+02    0.10088560E-01    0.38507672E-01
    0.11669691E+02    0.10122411E-01    0.38164268E-01
    0.12491562E+02    0.10149399E-01    0.37832215E-01
    0.13346405E+02    0.10171341E-01    0.37508453E-01
    0.14243131E+02    0.10189781E-01    0.37189790E-01
    0.15195250E+02    0.10205972E-01    0.36872142E-01
    0.16225285E+02    0.10220923E-01    0.36549764E-01
    0.17376974E+02    0.10235822E-01    0.36212168E-01
    0.18764993E+02    0.10252593E-01    0.35833283E-01
    0.13436073E+01    0.29808345E-02    0.44847133E-01
    0.13843288E+01    0.30677672E-02    0.44829721E-01
    0.16750378E+01    0.36790994E-02    0.44692019E-01
    0.21420259E+01    0.46213109E-02    0.44424678E-01
    0.26965772E+01    0.56620464E-02    0.44043657E-01
    0.32965327E+01    0.66722807E-02    0.43571721E-01
    0.39231352E+01    0.75768825E-02    0.43037491E-01
    0.45676848E+01    0.83251929E-02    0.42473996E-01
    0.52260196E+01    0.88791558E-02    0.41916732E-01
    0.58962263E+01    0.92538283E-02    0.41389472E-01
    0.65776296E+01    0.95120307E-02    0.40895073E-01
    0.72703222E+01    0.96944365E-02    0.40431904E-01
    0.79749434E+01    0.98260760E-02    0.39997128E-01
    0.86925879E+01    0.99227780E-02    0.39587363E-01
    0.94247920E+01    0.99949715E-02    0.39199531E-01
    0.10173582E+02    0.10049696E-01    0.38830694E-01
    0.10941581E+02    0.10091778E-01    0.38477805E-01
    0.11732205E+02    0.10124698E-01    0.38138244E-01
    0.12549983E+02    0.10151072E-01    0.37809448E-01
    0.13401100E+02    0.10172581E-01    0.37488421E-01
    0.14294395E+02    0.10190715E-01    0.37172147E-01
    0.15243313E+02    0.10206713E-01    0.36856627E-01
    0.16270305E+02    0.10221526E-01    0.36536124E-01
    0.17419017E+02    0.10236336E-01    0.36200270E-01
    0.18803933E+02    0.10253067E-01    0.35823060E-01
    0.21079831E+01    0.45544952E-02    0.44445931E-01
    0.21341692E+01    0.46059186E-02    0.44429605E-01
    0.23332517E+01    0.49906301E-02    0.44300450E-01
    0.26882311E+01    0.56470972E-02    0.44049836E-01
    0.31479899E+01    0.64344919E-02    0.43693196E-01
    0.36749747E+01    0.72383881E-02    0.43252334E-01
    0.42460925E+01    0.79762160E-02    0.42754919E-01
    0.48478920E+01    0.85877746E-02    0.42232694E-01
    0.54726221E+01    0.90348479E-02    0.41717871E-01
    0.61158643E+01    0.93478584E-02    0.41225669E-01
    0.67752139E+01    0.95708019E-02    0.40759096E-01
    0.74495568E+01    0.97322333E-02    0.40318029E-01
    0.81386752E+01    0.98509719E-02    0.39900816E-01
    0.88430422E+01    0.99394788E-02    0.39505284E-01
    0.95637345E+01    0.10006405E-01    0.39129097E-01
    0.10302430E+02    0.10057619E-01    0.38769696E-01
    0.11061487E+02    0.10097366E-01    0.38424818E-01
    0.11844111E+02    0.10128704E-01    0.38092018E-01
    0.12654658E+02    0.10153976E-01    0.37768849E-01
    0.13499177E+02    0.10174756E-01    0.37452695E-01
    0.14386384E+02    0.10192397E-01    0.37140695E-01
    0.15329608E+02    0.10208020E-01    0.36828900E-01
    0.16351182E+02    0.10222611E-01    0.36511727E-01
    0.17494584E+02    0.10237296E-01    0.36178951E-01
    0.18873956E+02    0.10253881E-01    0.35804739E-01
    0.28755686E+01    0.59769699E-02    0.43908392E-01
    0.28948196E+01    0.60101797E-02    0.43893537E-01
    0.30445633E+01    0.62639842E-02    0.43776136E-01
    0.33244382E+01    0.67159999E-02    0.43548644E-01
    0.37060954E+01    0.72822976E-02    0.43225567E-01
    0.41630208E+01    0.78780740E-02    0.42827756E-01
    0.46748908E+01    0.84303133E-02    0.42381139E-01
    0.52275577E+01    0.88802027E-02    0.41915474E-01
    0.58116173E+01    0.92143207E-02    0.41453728E-01
    0.64209889E+01    0.94608538E-02    0.41005157E-01
    0.70518668E+01    0.96436489E-02    0.40573944E-01
    0.77020257E+01    0.97802183E-02    0.40161433E-01
    0.83703845E+01    0.98831771E-02    0.39767454E-01
    0.90567488E+01    0.99614757E-02    0.39390948E-01
    0.97616760E+01    0.10021586E-01    0.39030301E-01
    0.10486438E+02    0.10068292E-01    0.38683965E-01
    0.11233068E+02    0.10104995E-01    0.38349970E-01
    0.12004510E+02    0.10134236E-01    0.38026416E-01
    0.12804908E+02    0.10158037E-01    0.37711135E-01
    0.13640128E+02    0.10177813E-01    0.37401841E-01
    0.14518724E+02    0.10194784E-01    0.37095820E-01
    0.15453873E+02    0.10209914E-01    0.36789253E-01
    0.16467739E+02    0.10224172E-01    0.36476766E-01
    0.17603573E+02    0.10238675E-01    0.36148356E-01
    0.18975024E+02    0.10255069E-01    0.35778363E-01
    0.36465806E+01    0.71979671E-02    0.43276702E-01
    0.36617804E+01    0.72196475E-02    0.43263664E-01
    0.37812724E+01    0.73866621E-02    0.43160702E-01
    0.40100553E+01    0.76890154E-02    0.42961613E-01
    0.43317200E+01    0.80739820E-02    0.42679947E-01
    0.47285724E+01    0.84807863E-02    0.42334890E-01
    0.51849069E+01    0.88507867E-02    0.41950460E-01
    0.56882347E+01    0.91531285E-02    0.41548633E-01
    0.62292495E+01    0.93920621E-02    0.41142767E-01
    0.68013053E+01    0.95781164E-02    0.40741368E-01
    0.73998298E+01    0.97220899E-02    0.40349404E-01
    0.80218361E+01    0.98333903E-02    0.39969365E-01
    0.86655636E+01    0.99196599E-02    0.39602249E-01
    0.93302386E+01    0.99868156E-02    0.39248055E-01
    0.10015936E+02    0.10039421E-01    0.38906176E-01
    0.10723527E+02    0.10080990E-01    0.38575510E-01
    0.11454714E+02    0.10114153E-01    0.38254916E-01
    0.12212163E+02    0.10140938E-01    0.37942666E-01
    0.12999782E+02    0.10163030E-01    0.37637238E-01
    0.13823232E+02    0.10181635E-01    0.37336476E-01
    0.14690881E+02    0.10197744E-01    0.37037886E-01
    0.15615724E+02    0.10212364E-01    0.36738071E-01
    0.16619720E+02    0.10226216E-01    0.36431519E-01
    0.17745829E+02    0.10240397E-01    0.36108669E-01
    0.19107071E+02    0.10256666E-01    0.35744102E-01
    0.44217084E+01    0.81729480E-02    0.42601264E-01
    0.44342520E+01    0.81864336E-02    0.42590306E-01
    0.45334287E+01    0.82903943E-02    0.42503798E-01
    0.47259390E+01    0.84783438E-02    0.42337155E-01
    0.50017750E+01    0.87148761E-02    0.42102541E-01
    0.53491450E+01    0.89598459E-02    0.41816735E-01
    0.57564932E+01    0.91875240E-02    0.41495954E-01
    0.62136921E+01    0.93861562E-02    0.41154075E-01
    0.67124887E+01    0.95528099E-02    0.40801933E-01
    0.72464963E+01    0.96891486E-02    0.40447210E-01
    0.78109817E+01    0.97992593E-02    0.40095211E-01
    0.84026073E+01    0.98874024E-02    0.39749172E-01
    0.90191988E+01    0.99577564E-02    0.39410861E-01
    0.96595708E+01    0.10013887E-01    0.39081042E-01
    0.10323417E+02    0.10058866E-01    0.38759827E-01
    0.11011266E+02    0.10095049E-01    0.38446944E-01
    0.11724522E+02    0.10124419E-01    0.38141433E-01
    0.12465587E+02    0.10148644E-01    0.37842374E-01
    0.13238138E+02    0.10168782E-01    0.37548349E-01
    0.14047622E+02    0.10186098E-01    0.37257553E-01
    0.14902213E+02    0.10201313E-01    0.36967780E-01
    0.15814702E+02    0.10215187E-01    0.36675768E-01
    0.16806816E+02    0.10228650E-01    0.36376406E-01
    0.17921172E+02    0.10242543E-01    0.36060150E-01
    0.19270032E+02    0.10258531E-01    0.35702239E-01
    0.52018160E+01    0.88625447E-02    0.41936568E-01
    0.52124826E+01    0.88698968E-02    0.41927819E-01
    0.52971087E+01    0.89264995E-02    0.41858817E-01
    0.54627725E+01    0.90290695E-02    0.41725706E-01
    0.57030814E+01    0.91607272E-02    0.41537138E-01
    0.60100529E+01    0.93040318E-02    0.41304055E-01
    0.63753116E+01    0.94451283E-02    0.41037643E-01
    0.67909759E+01    0.95752323E-02    0.40748380E-01
    0.72501648E+01    0.96899667E-02    0.40444850E-01
    0.77471990E+01    0.97882206E-02    0.40133867E-01
    0.82776096E+01    0.98706771E-02    0.39820472E-01
    0.88380537E+01    0.99389418E-02    0.39507984E-01
    0.94262045E+01    0.99950911E-02    0.39198809E-01
    0.10040652E+02    0.10041061E-01    0.38894266E-01
    0.10680839E+02    0.10078790E-01    0.38594864E-01
    0.11347042E+02    0.10109759E-01    0.38300883E-01
    0.12040424E+02    0.10135441E-01    0.38011851E-01
    0.12763160E+02    0.10156920E-01    0.37727097E-01
    0.13518716E+02    0.10175185E-01    0.37445608E-01
    0.14312340E+02    0.10191042E-01    0.37165989E-01
    0.15152008E+02    0.10205292E-01    0.36886148E-01
    0.16050302E+02    0.10218574E-01    0.36603053E-01
    0.17028694E+02    0.10231486E-01    0.36311869E-01
    0.18129417E+02    0.10244989E-01    0.36003222E-01
    0.19463852E+02    0.10260864E-01    0.35652770E-01
    0.59878847E+01    0.92945113E-02    0.41320601E-01
    0.59971534E+01    0.92985067E-02    0.41313678E-01
    0.60708512E+01    0.93295325E-02    0.41258895E-01
    0.62159277E+01    0.93870080E-02    0.41152449E-01
    0.64281422E+01    0.94632815E-02    0.41000085E-01
    0.67019856E+01    0.95497391E-02    0.40809135E-01
    0.70313920E+01    0.96386065E-02    0.40587450E-01
    0.74103460E+01    0.97242552E-02    0.40342754E-01
    0.78333112E+01    0.98030444E-02    0.40081749E-01
    0.82954787E+01    0.98731237E-02    0.39810217E-01
    0.87928775E+01    0.99340295E-02    0.39532500E-01
    0.93223960E+01    0.99861251E-02    0.39252098E-01
    0.98817613E+01    0.10030274E-01    0.38971299E-01
    0.10469507E+02    0.10067335E-01    0.38691791E-01
    0.11084953E+02    0.10098438E-01    0.38414513E-01
    0.11728224E+02    0.10124553E-01    0.38139896E-01
    0.12400309E+02    0.10146721E-01    0.37868020E-01
    0.13103211E+02    0.10165582E-01    0.37598471E-01
    0.13840215E+02    0.10181981E-01    0.37330456E-01
    0.14616393E+02    0.10196476E-01    0.37062883E-01
    0.15439534E+02    0.10209694E-01    0.36793813E-01
    0.16322012E+02    0.10222220E-01    0.36520508E-01
    0.17285031E+02    0.10234716E-01    0.36238269E-01
    0.18370401E+02    0.10247898E-01    0.35938111E-01
    0.19688509E+02    0.10263539E-01    0.35596079E-01
    0.67810112E+01    0.95724355E-02    0.40755152E-01
    0.67891972E+01    0.95747341E-02    0.40749588E-01
    0.68543843E+01    0.95927036E-02    0.40705480E-01
    0.69832018E+01    0.96265259E-02    0.40619357E-01
    0.71727513E+01    0.96724026E-02    0.40494870E-01
    0.74191617E+01    0.97260619E-02    0.40337185E-01
    0.77180193E+01    0.97830681E-02    0.40151655E-01
    0.80647738E+01    0.98399613E-02    0.39944060E-01
    0.84550644E+01    0.98941487E-02    0.39719550E-01
    0.88849489E+01    0.99439480E-02    0.39482662E-01
    0.93510451E+01    0.99886371E-02    0.39237341E-01
    0.98506049E+01    0.10028072E-01    0.38986538E-01
    0.10381549E+02    0.10062280E-01    0.38732624E-01
    0.10942482E+02    0.10091821E-01    0.38477405E-01
    0.11532716E+02    0.10117234E-01    0.38221838E-01
    0.12152308E+02    0.10139060E-01    0.37966678E-01
    0.12802149E+02    0.10157964E-01    0.37712189E-01
    0.13484119E+02    0.10174424E-01    0.37458164E-01
    0.14201369E+02    0.10189013E-01    0.37204202E-01
    0.14958820E+02    0.10202228E-01    0.36949178E-01
    0.15764091E+02    0.10214476E-01    0.36691556E-01
    0.16629354E+02    0.10226346E-01    0.36428674E-01
    0.17575541E+02    0.10238329E-01    0.36156208E-01
    0.18644007E+02    0.10251140E-01    0.35865211E-01
    0.19944040E+02    0.10266500E-01    0.35532439E-01
    0.75824238E+01    0.97582308E-02    0.40235105E-01
    0.75897455E+01    0.97596153E-02    0.40230570E-01
    0.76481123E+01    0.97704650E-02    0.40194530E-01
    0.77637713E+01    0.97911194E-02    0.40123794E-01
    0.79346959E+01    0.98196862E-02    0.40021052E-01
    0.81581247E+01    0.98538064E-02    0.39889500E-01
    0.84308280E+01    0.98910525E-02    0.39733215E-01
    0.87493780E+01    0.99292105E-02    0.39556222E-01
    0.91103870E+01    0.99666750E-02    0.39362621E-01
    0.95106968E+01    0.10002119E-01    0.39155861E-01
    0.99475164E+01    0.10034815E-01    0.38939285E-01
    0.10418515E+02    0.10064420E-01    0.38715423E-01
    0.10921886E+02    0.10090841E-01    0.38486561E-01
    0.11456394E+02    0.10114220E-01    0.38254201E-01
    0.12021422E+02    0.10134806E-01    0.38019553E-01
    0.12617037E+02    0.10152945E-01    0.37783413E-01
    0.13244095E+02    0.10168924E-01    0.37546145E-01
    0.13904406E+02    0.10183277E-01    0.37307790E-01
    0.14601025E+02    0.10196213E-01    0.37068056E-01
    0.15338753E+02    0.10208159E-01    0.36825972E-01
    0.16125061E+02    0.10219585E-01    0.36580226E-01
    0.16971931E+02    0.10230761E-01    0.36328334E-01
    0.17900019E+02    0.10242288E-01    0.36065972E-01
    0.18950199E+02    0.10254768E-01    0.35784839E-01
    0.20230566E+02    0.10269906E-01    0.35461934E-01
    0.83935124E+01    0.98862160E-02    0.39754325E-01
    0.84001272E+01    0.98870794E-02    0.39750577E-01
    0.84529002E+01    0.98938737E-02    0.39720769E-01
    0.85576892E+01    0.99068685E-02    0.39662064E-01
    0.87130533E+01    0.99251150E-02    0.39576119E-01
    0.89170005E+01    0.99473156E-02    0.39465429E-01
    0.91671566E+01    0.99720380E-02    0.39332789E-01
    0.94609468E+01    0.99980095E-02    0.39181099E-01
    0.97957670E+01    0.10024104E-01    0.39013478E-01
    0.10169132E+02    0.10049413E-01    0.38832810E-01
    0.10578799E+02    0.10073402E-01    0.38641451E-01
    0.11022856E+02    0.10095587E-01    0.38441829E-01
    0.11499804E+02    0.10115946E-01    0.38235771E-01
    0.12008616E+02    0.10134375E-01    0.38024749E-01
    0.12548804E+02    0.10151038E-01    0.37809906E-01
    0.13120500E+02    0.10165994E-01    0.37592022E-01
    0.13724575E+02    0.10179596E-01    0.37371616E-01
    0.14362814E+02    0.10191965E-01    0.37148727E-01
    0.15038212E+02    0.10203485E-01    0.36923189E-01
    0.15755483E+02    0.10214356E-01    0.36694246E-01
    0.16521970E+02    0.10224899E-01    0.36460545E-01
    0.17349477E+02    0.10235490E-01    0.36219962E-01
    0.18258384E+02    0.10246580E-01    0.35968283E-01
    0.19289063E+02    0.10258754E-01    0.35697363E-01
    0.20548325E+02    0.10273716E-01    0.35384907E-01
    0.92158696E+01    0.99765422E-02    0.39307326E-01
    0.92218945E+01    0.99770939E-02    0.39304186E-01
    0.92699905E+01    0.99814571E-02    0.39279193E-01
    0.93656419E+01    0.99899059E-02    0.39229836E-01
    0.95078126E+01    0.10001883E-01    0.39157320E-01
    0.96950554E+01    0.10016587E-01    0.39063349E-01
    0.99256215E+01    0.10033317E-01    0.38949923E-01
    0.10197584E+02    0.10051212E-01    0.38819291E-01
    0.10508961E+02    0.10069557E-01    0.38673570E-01
    0.10857829E+02    0.10087746E-01    0.38515131E-01
    0.11242428E+02    0.10105393E-01    0.38345920E-01
    0.11661242E+02    0.10122100E-01    0.38167798E-01
    0.12113080E+02    0.10137814E-01    0.37982483E-01
    0.12597145E+02    0.10152394E-01    0.37791128E-01
    0.13113111E+02    0.10165818E-01    0.37594777E-01
    0.13661213E+02    0.10178261E-01    0.37394283E-01
    0.14242372E+02    0.10189767E-01    0.37190052E-01
    0.14858385E+02    0.10200591E-01    0.36982228E-01
    0.15512222E+02    0.10210806E-01    0.36770739E-01
    0.16208530E+02    0.10220699E-01    0.36554848E-01
    0.16954548E+02    0.10230539E-01    0.36333381E-01
    0.17761913E+02    0.10240593E-01    0.36104198E-01
    0.18650732E+02    0.10251218E-01    0.35863430E-01
    0.19660853E+02    0.10263205E-01    0.35603018E-01
    0.20897724E+02    0.10277977E-01    0.35301526E-01
    0.10051348E+02    0.10041767E-01    0.38889120E-01
    0.10056872E+02    0.10042131E-01    0.38886465E-01
    0.10100993E+02    0.10045021E-01    0.38865310E-01
    0.10188846E+02    0.10050663E-01    0.38823440E-01
    0.10319682E+02    0.10058645E-01    0.38761581E-01
    0.10492447E+02    0.10068630E-01    0.38681190E-01
    0.10705854E+02    0.10080082E-01    0.38583512E-01
    0.10958470E+02    0.10092577E-01    0.38470309E-01
    0.11248804E+02    0.10105664E-01    0.38343164E-01
    0.11575396E+02    0.10118878E-01    0.38203824E-01
    0.11936898E+02    0.10131930E-01    0.38053957E-01
    0.12332149E+02    0.10144665E-01    0.37894946E-01
    0.12760252E+02    0.10156842E-01    0.37728211E-01
    0.13220643E+02    0.10168364E-01    0.37554823E-01
    0.13713170E+02    0.10179357E-01    0.37375692E-01
    0.14238191E+02    0.10189690E-01    0.37191493E-01
    0.14796706E+02    0.10199552E-01    0.37002636E-01
    0.15390548E+02    0.10208946E-01    0.36809419E-01
    0.16022683E+02    0.10218193E-01    0.36611516E-01
    0.16697718E+02    0.10227255E-01    0.36408515E-01
    0.17422802E+02    0.10236383E-01    0.36199200E-01
    0.18209418E+02    0.10245978E-01    0.35981502E-01
    0.19077399E+02    0.10256318E-01    0.35751762E-01
    0.20066053E+02    0.10267985E-01    0.35502282E-01
    0.21279385E+02    0.10282546E-01    0.35211972E-01
    0.10902139E+02    0.10089895E-01    0.38495353E-01
    0.10907232E+02    0.10090140E-01    0.38493084E-01
    0.10947927E+02    0.10092079E-01    0.38474987E-01
    0.11029036E+02    0.10095873E-01    0.38439104E-01
    0.11150017E+02    0.10101371E-01    0.38386052E-01
    0.11310105E+02    0.10108231E-01    0.38316740E-01
    0.11508360E+02    0.10116283E-01    0.38232145E-01
    0.11743726E+02    0.10125116E-01    0.38133466E-01
    0.12015100E+02    0.10134593E-01    0.38022117E-01
    0.12321398E+02    0.10144336E-01    0.37899204E-01
    0.12661618E+02    0.10154166E-01    0.37766159E-01
    0.13034912E+02    0.10163911E-01    0.37624033E-01
    0.13440650E+02    0.10173463E-01    0.37473985E-01
    0.13878488E+02    0.10182757E-01    0.37316927E-01
    0.14348451E+02    0.10191702E-01    0.37153630E-01
    0.14851031E+02    0.10200468E-01    0.36984657E-01
    0.15387318E+02    0.10208897E-01    0.36810450E-01
    0.15959198E+02    0.10217296E-01    0.36631029E-01
    0.16569653E+02    0.10225540E-01    0.36446345E-01
    0.17223264E+02    0.10233965E-01    0.36255874E-01
    0.17927105E+02    0.10242614E-01    0.36058519E-01
    0.18692510E+02    0.10251706E-01    0.35852382E-01
    0.19539042E+02    0.10261727E-01    0.35633723E-01
    0.20505451E+02    0.10273219E-01    0.35395237E-01
    0.21694222E+02    0.10287671E-01    0.35116425E-01
    0.11770884E+02    0.10126096E-01    0.38122222E-01
    0.11775601E+02    0.10126266E-01    0.38120271E-01
    0.11813305E+02    0.10127613E-01    0.38104707E-01
    0.11888511E+02    0.10130257E-01    0.38073772E-01
    0.12000831E+02    0.10134112E-01    0.38027910E-01
    0.12149714E+02    0.10138978E-01    0.37967722E-01
    0.12334481E+02    0.10144736E-01    0.37894023E-01
    0.12554368E+02    0.10151196E-01    0.37807742E-01
    0.12808579E+02    0.10158135E-01    0.37709734E-01
    0.13096332E+02    0.10165416E-01    0.37601039E-01
    0.13416916E+02    0.10172935E-01    0.37482643E-01
    0.13769750E+02    0.10180535E-01    0.37355495E-01
    0.14154439E+02    0.10188138E-01    0.37220429E-01
    0.14570844E+02    0.10195694E-01    0.37078225E-01
    0.15019159E+02    0.10203185E-01    0.36929415E-01
    0.15500006E+02    0.10210619E-01    0.36774610E-01
    0.16014575E+02    0.10218080E-01    0.36614003E-01
    0.16564814E+02    0.10225475E-01    0.36447782E-01
    0.17153731E+02    0.10233093E-01    0.36275788E-01
    0.17785890E+02    0.10240887E-01    0.36097539E-01
    0.18468301E+02    0.10249050E-01    0.35911872E-01
    0.19212158E+02    0.10257866E-01    0.35717084E-01
    0.20036747E+02    0.10267635E-01    0.35509504E-01
    0.20980243E+02    0.10278946E-01    0.35282024E-01
    0.22143539E+02    0.10293285E-01    0.35014919E-01
    0.12660835E+02    0.10154144E-01    0.37766462E-01
    0.12665222E+02    0.10154264E-01    0.37764767E-01
    0.12700284E+02    0.10155217E-01    0.37751242E-01
    0.12770268E+02    0.10157111E-01    0.37724376E-01
    0.12874898E+02    0.10159863E-01    0.37684477E-01
    0.13013785E+02    0.10163383E-01    0.37631970E-01
    0.13186450E+02    0.10167552E-01    0.37567498E-01
    0.13392357E+02    0.10172385E-01    0.37491618E-01
    0.13630948E+02    0.10177617E-01    0.37405134E-01
    0.13901689E+02    0.10183223E-01    0.37308747E-01
    0.14204108E+02    0.10189064E-01    0.37203257E-01
    0.14537849E+02    0.10195120E-01    0.37089359E-01
    0.14902724E+02    0.10201322E-01    0.36967612E-01
    0.15298776E+02    0.10207554E-01    0.36838788E-01
    0.15726353E+02    0.10213951E-01    0.36703360E-01
    0.16186205E+02    0.10220401E-01    0.36561628E-01
    0.16679618E+02    0.10227017E-01    0.36413850E-01
    0.17208606E+02    0.10233784E-01    0.36260063E-01
    0.17776207E+02    0.10240768E-01    0.36100227E-01
    0.18386977E+02    0.10248088E-01    0.35933653E-01
    0.19047866E+02    0.10255963E-01    0.35759411E-01
    0.19769928E+02    0.10264487E-01    0.35575729E-01
    0.20572173E+02    0.10273998E-01    0.35379167E-01
    0.21492176E+02    0.10285176E-01    0.35162752E-01
    0.22629171E+02    0.10299418E-01    0.34907427E-01
    0.13576104E+02    0.10176437E-01    0.37424861E-01
    0.13580195E+02    0.10176525E-01    0.37423386E-01
    0.13612901E+02    0.10177230E-01    0.37411615E-01
    0.13678216E+02    0.10178621E-01    0.37388194E-01
    0.13775952E+02    0.10180664E-01    0.37353285E-01
    0.13905842E+02    0.10183306E-01    0.37307284E-01
    0.14067562E+02    0.10186483E-01    0.37250597E-01
    0.14260753E+02    0.10190102E-01    0.37183718E-01
    0.14485048E+02    0.10194186E-01    0.37107210E-01
    0.14740109E+02    0.10198586E-01    0.37021449E-01
    0.15025662E+02    0.10203287E-01    0.36927289E-01
    0.15341542E+02    0.10208201E-01    0.36825079E-01
    0.15687735E+02    0.10213408E-01    0.36715460E-01
    0.16064445E+02    0.10218767E-01    0.36598726E-01
    0.16472159E+02    0.10224232E-01    0.36475442E-01
    0.16911744E+02    0.10229991E-01    0.36345812E-01
    0.17384577E+02    0.10235914E-01    0.36210015E-01
    0.17892735E+02    0.10242200E-01    0.36067980E-01
    0.18439289E+02    0.10248699E-01    0.35919620E-01
    0.19028788E+02    0.10255730E-01    0.35764364E-01
    0.19668123E+02    0.10263293E-01    0.35601192E-01
    0.20368208E+02    0.10271604E-01    0.35428404E-01
    0.21147769E+02    0.10280936E-01    0.35242648E-01
    0.22043763E+02    0.10292007E-01    0.35037313E-01
    0.23153687E+02    0.10306198E-01    0.34793823E-01
    0.14522042E+02    0.10194842E-01    0.37094699E-01
    0.14525866E+02    0.10194910E-01    0.37093407E-01
    0.14556448E+02    0.10195444E-01    0.37083081E-01
    0.14617547E+02    0.10196496E-01    0.37062495E-01
    0.14709043E+02    0.10198054E-01    0.37031814E-01
    0.14830763E+02    0.10200129E-01    0.36991356E-01
    0.14982503E+02    0.10202605E-01    0.36941413E-01
    0.15164042E+02    0.10205482E-01    0.36882246E-01
    0.15375165E+02    0.10208712E-01    0.36814329E-01
    0.15615694E+02    0.10212363E-01    0.36738081E-01
    0.15885516E+02    0.10216218E-01    0.36653782E-01
    0.16184622E+02    0.10220380E-01    0.36562109E-01
    0.16513150E+02    0.10224780E-01    0.36463179E-01
    0.16871440E+02    0.10229475E-01    0.36357532E-01
    0.17260102E+02    0.10234415E-01    0.36245366E-01
    0.17680107E+02    0.10239601E-01    0.36126973E-01
    0.18132915E+02    0.10245032E-01    0.36002269E-01
    0.18620662E+02    0.10250873E-01    0.35871397E-01
    0.19146448E+02    0.10257119E-01    0.35733963E-01
    0.19714814E+02    0.10263851E-01    0.35589493E-01
    0.20332588E+02    0.10271166E-01    0.35437047E-01
    0.21010545E+02    0.10279294E-01    0.35274884E-01
    0.21767114E+02    0.10288553E-01    0.35099815E-01
    0.22638608E+02    0.10299539E-01    0.34905360E-01
    0.23720715E+02    0.10313644E-01    0.34673783E-01
    0.15505884E+02    0.10210709E-01    0.36772747E-01
    0.15509466E+02    0.10210764E-01    0.36771612E-01
    0.15538112E+02    0.10211200E-01    0.36762547E-01
    0.15595366E+02    0.10212062E-01    0.36744479E-01
    0.15681157E+02    0.10213315E-01    0.36717522E-01
    0.15795389E+02    0.10214913E-01    0.36681786E-01
    0.15937947E+02    0.10216988E-01    0.36637579E-01
    0.16108722E+02    0.10219366E-01    0.36585206E-01
    0.16307619E+02    0.10222027E-01    0.36524848E-01
    0.16534590E+02    0.10225068E-01    0.36456780E-01
    0.16789651E+02    0.10228432E-01    0.36381442E-01
    0.17072925E+02    0.10232054E-01    0.36299069E-01
    0.17384674E+02    0.10235915E-01    0.36209987E-01
    0.17725356E+02    0.10240148E-01    0.36114365E-01
    0.18095687E+02    0.10244579E-01    0.36012417E-01
    0.18496728E+02    0.10249399E-01    0.35904299E-01
    0.18930012E+02    0.10254528E-01    0.35790106E-01
    0.19397727E+02    0.10260077E-01    0.35669590E-01
    0.19902996E+02    0.10266011E-01    0.35542623E-01
    0.20450346E+02    0.10272585E-01    0.35408536E-01
    0.21046541E+02    0.10279711E-01    0.35266412E-01
    0.21702206E+02    0.10287767E-01    0.35114604E-01
    0.22435463E+02    0.10296941E-01    0.34950056E-01
    0.23281953E+02    0.10307842E-01    0.34766463E-01
    0.24335470E+02    0.10321959E-01    0.34546828E-01
    0.16537902E+02    0.10225113E-01    0.36455792E-01
    0.16541260E+02    0.10225158E-01    0.36454791E-01
    0.16568122E+02    0.10225519E-01    0.36446799E-01
    0.16621829E+02    0.10226245E-01    0.36430896E-01
    0.16702349E+02    0.10227315E-01    0.36407150E-01
    0.16809642E+02    0.10228686E-01    0.36375578E-01
    0.16943669E+02    0.10230400E-01    0.36336540E-01
    0.17104405E+02    0.10232460E-01    0.36289983E-01
    0.17291854E+02    0.10234798E-01    0.36236328E-01
    0.17506068E+02    0.10237444E-01    0.36175719E-01
    0.17747173E+02    0.10240413E-01    0.36108295E-01
    0.18015396E+02    0.10243638E-01    0.36034334E-01
    0.18311107E+02    0.10247213E-01    0.35954080E-01
    0.18634860E+02    0.10251036E-01    0.35867634E-01
    0.18987460E+02    0.10255222E-01    0.35775121E-01
    0.19370046E+02    0.10259738E-01    0.35676652E-01
    0.19784214E+02    0.10264650E-01    0.35572167E-01
    0.20232191E+02    0.10269926E-01    0.35461536E-01
    0.20717118E+02    0.10275770E-01    0.35344439E-01
    0.21243502E+02    0.10282111E-01    0.35220310E-01
    0.21818035E+02    0.10289192E-01    0.35088237E-01
    0.22451180E+02    0.10297143E-01    0.34946586E-01
    0.23160737E+02    0.10306291E-01    0.34792315E-01
    0.23981641E+02    0.10317141E-01    0.34619532E-01
    0.25005696E+02    0.10331221E-01    0.34411828E-01
    0.17633657E+02    0.10239041E-01    0.36139942E-01
    0.17636807E+02    0.10239079E-01    0.36139061E-01
    0.17662003E+02    0.10239383E-01    0.36132025E-01
    0.17712393E+02    0.10239991E-01    0.36117975E-01
    0.17787977E+02    0.10240912E-01    0.36096960E-01
    0.17888759E+02    0.10242151E-01    0.36069076E-01
    0.18014760E+02    0.10243631E-01    0.36034508E-01
    0.18166021E+02    0.10245440E-01    0.35993264E-01
    0.18342624E+02    0.10247579E-01    0.35945590E-01
    0.18544705E+02    0.10249987E-01    0.35891550E-01
    0.18772474E+02    0.10252685E-01    0.35831317E-01
    0.19026249E+02    0.10255699E-01    0.35765024E-01
    0.19306484E+02    0.10258962E-01    0.35692902E-01
    0.19613813E+02    0.10262626E-01    0.35614851E-01
    0.19949117E+02    0.10266562E-01    0.35531180E-01
    0.20313600E+02    0.10270930E-01    0.35441664E-01
    0.20708906E+02    0.10275670E-01    0.35346398E-01
    0.21137295E+02    0.10280807E-01    0.35245102E-01
    0.21601913E+02    0.10286560E-01    0.35137533E-01
    0.22107240E+02    0.10292816E-01    0.35023063E-01
    0.22659883E+02    0.10299811E-01    0.34900702E-01
    0.23270135E+02    0.10307690E-01    0.34768981E-01
    0.23955446E+02    0.10316789E-01    0.34624965E-01
    0.24750005E+02    0.10327634E-01    0.34462846E-01
    0.25743514E+02    0.10341711E-01    0.34267206E-01
    0.18819082E+02    0.10253247E-01    0.35819090E-01
    0.18822033E+02    0.10253282E-01    0.35818318E-01
    0.18845645E+02    0.10253556E-01    0.35812139E-01
    0.18892878E+02    0.10254097E-01    0.35799798E-01
    0.18963758E+02    0.10254932E-01    0.35781301E-01
    0.19058324E+02    0.10256090E-01    0.35756699E-01
    0.19176641E+02    0.10257462E-01    0.35726204E-01
    0.19318807E+02    0.10259110E-01    0.35689748E-01
    0.19484965E+02    0.10261106E-01    0.35647414E-01
    0.19675316E+02    0.10263381E-01    0.35599387E-01
    0.19890143E+02    0.10265861E-01    0.35545814E-01
    0.20129833E+02    0.10268721E-01    0.35486613E-01
    0.20394909E+02    0.10271929E-01    0.35421938E-01
    0.20686074E+02    0.10275391E-01    0.35351848E-01
    0.21004268E+02    0.10279222E-01    0.35276362E-01
    0.21350746E+02    0.10283406E-01    0.35195426E-01
    0.21727190E+02    0.10288067E-01    0.35108907E-01
    0.22135881E+02    0.10293186E-01    0.35016637E-01
    0.22579961E+02    0.10298788E-01    0.34918219E-01
    0.23063869E+02    0.10304988E-01    0.34813082E-01
    0.23594116E+02    0.10311936E-01    0.34700330E-01
    0.24180801E+02    0.10319814E-01    0.34578465E-01
    0.24841002E+02    0.10328917E-01    0.34444617E-01
    0.25608099E+02    0.10339782E-01    0.34293473E-01
    0.26569541E+02    0.10353856E-01    0.34109954E-01
    0.20144529E+02    0.10268890E-01    0.35483009E-01
    0.20147286E+02    0.10268922E-01    0.35482334E-01
    0.20169346E+02    0.10269177E-01    0.35476927E-01
    0.20213487E+02    0.10269699E-01    0.35466115E-01
    0.20279751E+02    0.10270511E-01    0.35449913E-01
    0.20368208E+02    0.10271604E-01    0.35428404E-01
    0.20478959E+02    0.10272915E-01    0.35401628E-01
    0.20612145E+02    0.10274483E-01    0.35369559E-01
    0.20767957E+02    0.10276387E-01    0.35332334E-01
    0.20946652E+02    0.10278558E-01    0.35289952E-01
    0.21148569E+02    0.10280946E-01    0.35242461E-01
    0.21374151E+02    0.10283690E-01    0.35190008E-01
    0.21623979E+02    0.10286828E-01    0.35132479E-01
    0.21898809E+02    0.10290231E-01    0.35069925E-01
    0.22199628E+02    0.10293989E-01    0.35002361E-01
    0.22527728E+02    0.10298121E-01    0.34929705E-01
    0.22884819E+02    0.10302692E-01    0.34851708E-01
    0.23273191E+02    0.10307729E-01    0.34768330E-01
    0.23695966E+02    0.10313312E-01    0.34678961E-01
    0.24157530E+02    0.10319493E-01    0.34583238E-01
    0.24664276E+02    0.10326440E-01    0.34480100E-01
    0.25226085E+02    0.10334302E-01    0.34368203E-01
    0.25859613E+02    0.10343376E-01    0.34244784E-01
    0.26597348E+02    0.10354283E-01    0.34104734E-01
    0.27524256E+02    0.10368397E-01    0.33933968E-01
    0.21742000E+02    0.10288246E-01    0.35105533E-01
    0.21744554E+02    0.10288277E-01    0.35104951E-01
    0.21764995E+02    0.10288527E-01    0.35100297E-01
    0.21805906E+02    0.10289037E-01    0.35090993E-01
    0.21867345E+02    0.10289827E-01    0.35077047E-01
    0.21949405E+02    0.10290862E-01    0.35058510E-01
    0.22052216E+02    0.10292112E-01    0.35035415E-01
    0.22175956E+02    0.10293697E-01    0.35007657E-01
    0.22320854E+02    0.10295468E-01    0.34975380E-01
    0.22487213E+02    0.10297605E-01    0.34938635E-01
    0.22675416E+02    0.10300010E-01    0.34897304E-01
    0.22885953E+02    0.10302706E-01    0.34851462E-01
    0.23119450E+02    0.10305738E-01    0.34801153E-01
    0.23376705E+02    0.10309109E-01    0.34746288E-01
    0.23658740E+02    0.10312810E-01    0.34686760E-01
    0.23966873E+02    0.10316943E-01    0.34622594E-01
    0.24302828E+02    0.10321522E-01    0.34553498E-01
    0.24668885E+02    0.10326503E-01    0.34479170E-01
    0.25068134E+02    0.10332098E-01    0.34399454E-01
    0.25504877E+02    0.10338289E-01    0.34313549E-01
    0.25985361E+02    0.10345223E-01    0.34220667E-01
    0.26519198E+02    0.10353100E-01    0.34119420E-01
    0.27122538E+02    0.10362205E-01    0.34007268E-01
    0.27826811E+02    0.10373088E-01    0.33879432E-01
    0.28714059E+02    0.10387167E-01    0.33722721E-01
