    0.18851822E-04   -0.27346647E-05    0.15092206E-02
    0.32278523E+00    0.13662682E-04    0.15090538E-02
    0.96869475E+00    0.40483445E-04    0.15076878E-02
    0.16156261E+01    0.65790564E-04    0.15050808E-02
    0.22642761E+01    0.88576687E-04    0.15015035E-02
    0.29153659E+01    0.10782956E-03    0.14973185E-02
    0.35696519E+01    0.12252903E-03    0.14929666E-02
    0.42279385E+01    0.13227464E-03    0.14888673E-02
    0.48910927E+01    0.13892700E-03    0.14851244E-02
    0.55600623E+01    0.14386398E-03    0.14816802E-02
    0.62358980E+01    0.14777969E-03    0.14785075E-02
    0.69197816E+01    0.15105652E-03    0.14755611E-02
    0.76130629E+01    0.15391826E-03    0.14728010E-02
    0.83173085E+01    0.15650500E-03    0.14701926E-02
    0.90343686E+01    0.15890825E-03    0.14677207E-02
    0.97664712E+01    0.16119145E-03    0.14653557E-02
    0.10516359E+02    0.16340041E-03    0.14630859E-02
    0.11287494E+02    0.16557124E-03    0.14608775E-02
    0.12084384E+02    0.16773549E-03    0.14587190E-02
    0.12913123E+02    0.16992122E-03    0.14565991E-02
    0.13782355E+02    0.17216023E-03    0.14544906E-02
    0.14705181E+02    0.17449202E-03    0.14523617E-02
    0.15703429E+02    0.17697447E-03    0.14501719E-02
    0.16819479E+02    0.17971207E-03    0.14478496E-02
    0.18164436E+02    0.18297249E-03    0.14452068E-02
    0.45798619E+00    0.19354341E-04    0.15088759E-02
    0.56030496E+00    0.23640813E-04    0.15087087E-02
    0.10715040E+01    0.44635915E-04    0.15073512E-02
    0.16792852E+01    0.68157998E-04    0.15047665E-02
    0.23101293E+01    0.90062901E-04    0.15012259E-02
    0.29511201E+01    0.10876257E-03    0.14970769E-02
    0.35989118E+01    0.12306155E-03    0.14927807E-02
    0.42526715E+01    0.13256783E-03    0.14887240E-02
    0.49124881E+01    0.13910775E-03    0.14850077E-02
    0.55788927E+01    0.14398505E-03    0.14815908E-02
    0.62526934E+01    0.14786723E-03    0.14784316E-02
    0.69349210E+01    0.15112333E-03    0.14754991E-02
    0.76268263E+01    0.15397148E-03    0.14727475E-02
    0.83299083E+01    0.15654908E-03    0.14701467E-02
    0.90459697E+01    0.15894564E-03    0.14676829E-02
    0.97772037E+01    0.16122394E-03    0.14653215E-02
    0.10526327E+02    0.16342907E-03    0.14630566E-02
    0.11296782E+02    0.16559692E-03    0.14608518E-02
    0.12093060E+02    0.16775872E-03    0.14586967E-02
    0.12921242E+02    0.16994237E-03    0.14565788E-02
    0.13789962E+02    0.17217959E-03    0.14544726E-02
    0.14712311E+02    0.17450990E-03    0.14523459E-02
    0.15710106E+02    0.17699097E-03    0.14501574E-02
    0.16825713E+02    0.17972725E-03    0.14478369E-02
    0.18170208E+02    0.18298641E-03    0.14451960E-02
    0.10517207E+01    0.43840148E-04    0.15074131E-02
    0.11001394E+01    0.45785008E-04    0.15072504E-02
    0.14298552E+01    0.58743013E-04    0.15059421E-02
    0.19277873E+01    0.77142603E-04    0.15034590E-02
    0.24966102E+01    0.95914647E-04    0.15000548E-02
    0.30992701E+01    0.11247461E-03    0.14960916E-02
    0.37213615E+01    0.12517336E-03    0.14919869E-02
    0.43567856E+01    0.13375671E-03    0.14881126E-02
    0.50028896E+01    0.13985031E-03    0.14845232E-02
    0.56586579E+01    0.14449000E-03    0.14812009E-02
    0.63239655E+01    0.14823430E-03    0.14781173E-02
    0.69992495E+01    0.15140437E-03    0.14752351E-02
    0.76853656E+01    0.15419639E-03    0.14725225E-02
    0.83835397E+01    0.15673544E-03    0.14699571E-02
    0.90953797E+01    0.15910426E-03    0.14675231E-02
    0.98229363E+01    0.16136160E-03    0.14651790E-02
    0.10568818E+02    0.16355099E-03    0.14629302E-02
    0.11336386E+02    0.16570631E-03    0.14607421E-02
    0.12130064E+02    0.16785767E-03    0.14586012E-02
    0.12955881E+02    0.17003255E-03    0.14564924E-02
    0.13822425E+02    0.17226224E-03    0.14543947E-02
    0.14742743E+02    0.17458619E-03    0.14522778E-02
    0.15738609E+02    0.17706138E-03    0.14500953E-02
    0.16852329E+02    0.17979209E-03    0.14477829E-02
    0.18194857E+02    0.18304579E-03    0.14451500E-02
    0.16500427E+01    0.67073799E-04    0.15049132E-02
    0.16813183E+01    0.68233168E-04    0.15047562E-02
    0.19133767E+01    0.76633600E-04    0.15035373E-02
    0.23093047E+01    0.90036357E-04    0.15012310E-02
    0.28017114E+01    0.10477391E-03    0.14980728E-02
    0.33499253E+01    0.11817281E-03    0.14944141E-02
    0.39325635E+01    0.12841736E-03    0.14906615E-02
    0.45385135E+01    0.13567539E-03    0.14870655E-02
    0.51619210E+01    0.14108922E-03    0.14836912E-02
    0.57997356E+01    0.14534999E-03    0.14805236E-02
    0.64505088E+01    0.14886871E-03    0.14775598E-02
    0.71137907E+01    0.15189610E-03    0.14747672E-02
    0.77898247E+01    0.15459305E-03    0.14721254E-02
    0.84794022E+01    0.15706545E-03    0.14696222E-02
    0.91838150E+01    0.15938615E-03    0.14672295E-02
    0.99048776E+01    0.16160751E-03    0.14649274E-02
    0.10645020E+02    0.16376877E-03    0.14627049E-02
    0.11407461E+02    0.16590190E-03    0.14605472E-02
    0.12196515E+02    0.16803474E-03    0.14584253E-02
    0.13018117E+02    0.17019441E-03    0.14563377E-02
    0.13880776E+02    0.17241097E-03    0.14542543E-02
    0.14797466E+02    0.17472337E-03    0.14521543E-02
    0.15789881E+02    0.17718795E-03    0.14499841E-02
    0.16900222E+02    0.17990895E-03    0.14476860E-02
    0.18239226E+02    0.18315263E-03    0.14450670E-02
    0.22508772E+01    0.88138714E-04    0.15015827E-02
    0.22739038E+01    0.88890087E-04    0.15014426E-02
    0.24504729E+01    0.94495988E-04    0.15003482E-02
    0.27706850E+01    0.10391608E-03    0.14982790E-02
    0.31927095E+01    0.11468693E-03    0.14954629E-02
    0.36831789E+01    0.12453422E-03    0.14922316E-02
    0.42200549E+01    0.13218046E-03    0.14889138E-02
    0.47897716E+01    0.13804866E-03    0.14856706E-02
    0.53841653E+01    0.14268998E-03    0.14825542E-02
    0.59983948E+01    0.14649636E-03    0.14795900E-02
    0.66296962E+01    0.14973272E-03    0.14767801E-02
    0.72766631E+01    0.15257660E-03    0.14741146E-02
    0.79388397E+01    0.15514777E-03    0.14715682E-02
    0.86164998E+01    0.15753191E-03    0.14691430E-02
    0.93105459E+01    0.15978661E-03    0.14668136E-02
    0.10022495E+02    0.16195830E-03    0.14645686E-02
    0.10754546E+02    0.16408046E-03    0.14623837E-02
    0.11509734E+02    0.16618187E-03    0.14602647E-02
    0.12292225E+02    0.16828916E-03    0.14581776E-02
    0.13107829E+02    0.17042731E-03    0.14561163E-02
    0.13964948E+02    0.17262531E-03    0.14540580E-02
    0.14876451E+02    0.17492098E-03    0.14519770E-02
    0.15863926E+02    0.17737052E-03    0.14498271E-02
    0.16969423E+02    0.18007785E-03    0.14475464E-02
    0.18303365E+02    0.18330701E-03    0.14449446E-02
    0.28543937E+01    0.10620732E-03    0.14977262E-02
    0.28725866E+01    0.10669539E-03    0.14975992E-02
    0.30142881E+01    0.11037523E-03    0.14966550E-02
    0.32799102E+01    0.11665733E-03    0.14948828E-02
    0.36434200E+01    0.12385083E-03    0.14924888E-02
    0.40800639E+01    0.13043114E-03    0.14897615E-02
    0.45705556E+01    0.13599510E-03    0.14868854E-02
    0.51012770E+01    0.14062683E-03    0.14840057E-02
    0.56630690E+01    0.14451745E-03    0.14811795E-02
    0.62499485E+01    0.14785295E-03    0.14784438E-02
    0.68581329E+01    0.15078197E-03    0.14758160E-02
    0.74853818E+01    0.15341809E-03    0.14732893E-02
    0.81305775E+01    0.15584440E-03    0.14708664E-02
    0.87934740E+01    0.15812199E-03    0.14685328E-02
    0.94745649E+01    0.16029845E-03    0.14662835E-02
    0.10175044E+02    0.16240816E-03    0.14641031E-02
    0.10896851E+02    0.16448202E-03    0.14619812E-02
    0.11642813E+02    0.16654461E-03    0.14598992E-02
    0.12416920E+02    0.16861939E-03    0.14578556E-02
    0.13224837E+02    0.17072957E-03    0.14558297E-02
    0.14074831E+02    0.17290425E-03    0.14538011E-02
    0.14979650E+02    0.17517845E-03    0.14517478E-02
    0.15960741E+02    0.17760895E-03    0.14496264E-02
    0.17059966E+02    0.18029826E-03    0.14473646E-02
    0.18387340E+02    0.18350917E-03    0.14447833E-02
    0.34611319E+01    0.12045519E-03    0.14936773E-02
    0.34761508E+01    0.12075116E-03    0.14935787E-02
    0.35941346E+01    0.12297534E-03    0.14928113E-02
    0.38196442E+01    0.12674056E-03    0.14913695E-02
    0.41359860E+01    0.13114798E-03    0.14894165E-02
    0.45253500E+01    0.13554249E-03    0.14871421E-02
    0.49721071E+01    0.13960098E-03    0.14846872E-02
    0.54639636E+01    0.14323219E-03    0.14821577E-02
    0.59918463E+01    0.14645968E-03    0.14796211E-02
    0.65493302E+01    0.14934987E-03    0.14771272E-02
    0.71320304E+01    0.15197338E-03    0.14746948E-02
    0.77371062E+01    0.15439378E-03    0.14723252E-02
    0.83629039E+01    0.15666394E-03    0.14700292E-02
    0.90087211E+01    0.15882538E-03    0.14678056E-02
    0.96746706E+01    0.16091226E-03    0.14656498E-02
    0.10361631E+02    0.16295286E-03    0.14635424E-02
    0.11071280E+02    0.16497115E-03    0.14614832E-02
    0.11806225E+02    0.16698758E-03    0.14594590E-02
    0.12570274E+02    0.16902365E-03    0.14574622E-02
    0.13368926E+02    0.17110154E-03    0.14554801E-02
    0.14210304E+02    0.17324702E-03    0.14534886E-02
    0.15107011E+02    0.17549576E-03    0.14514664E-02
    0.16080333E+02    0.17790313E-03    0.14493774E-02
    0.17171905E+02    0.18057013E-03    0.14471412E-02
    0.18491245E+02    0.18375960E-03    0.14445904E-02
    0.40717681E+01    0.13032276E-03    0.14898116E-02
    0.40845423E+01    0.13048944E-03    0.14897343E-02
    0.41854110E+01    0.13176168E-03    0.14891249E-02
    0.43805871E+01    0.13401901E-03    0.14879729E-02
    0.46589958E+01    0.13685033E-03    0.14863923E-02
    0.50078592E+01    0.13989032E-03    0.14844968E-02
    0.54149525E+01    0.14290113E-03    0.14823976E-02
    0.58698177E+01    0.14576270E-03    0.14801931E-02
    0.63641247E+01    0.14843799E-03    0.14779354E-02
    0.68915592E+01    0.15093126E-03    0.14756775E-02
    0.74475311E+01    0.15326802E-03    0.14734395E-02
    0.80288650E+01    0.15547730E-03    0.14712366E-02
    0.86335406E+01    0.15758929E-03    0.14690828E-02
    0.92605031E+01    0.15962916E-03    0.14669773E-02
    0.99095465E+01    0.16162152E-03    0.14649131E-02
    0.10581269E+02    0.16358664E-03    0.14628931E-02
    0.11277105E+02    0.16554251E-03    0.14609064E-02
    0.11999451E+02    0.16750788E-03    0.14589432E-02
    0.12751927E+02    0.16950073E-03    0.14570040E-02
    0.13539868E+02    0.17154057E-03    0.14550650E-02
    0.14371242E+02    0.17365288E-03    0.14531166E-02
    0.15258494E+02    0.17587255E-03    0.14511359E-02
    0.16222730E+02    0.17825255E-03    0.14490751E-02
    0.17305322E+02    0.18089425E-03    0.14468770E-02
    0.18615209E+02    0.18405804E-03    0.14443595E-02
    0.46870706E+01    0.13711364E-03    0.14862329E-02
    0.46981721E+01    0.13721695E-03    0.14861723E-02
    0.47861258E+01    0.13801622E-03    0.14856900E-02
    0.49577089E+01    0.13948329E-03    0.14847642E-02
    0.52053412E+01    0.14141313E-03    0.14834611E-02
    0.55197816E+01    0.14360176E-03    0.14818762E-02
    0.58916080E+01    0.14588895E-03    0.14800910E-02
    0.63122179E+01    0.14817429E-03    0.14781701E-02
    0.67743205E+01    0.15040331E-03    0.14761659E-02
    0.72720645E+01    0.15255768E-03    0.14741329E-02
    0.78009649E+01    0.15463493E-03    0.14720834E-02
    0.83577514E+01    0.15664605E-03    0.14700473E-02
    0.89402102E+01    0.15860323E-03    0.14680388E-02
    0.95470546E+01    0.16052190E-03    0.14660521E-02
    0.10177841E+02    0.16241638E-03    0.14640946E-02
    0.10832940E+02    0.16430220E-03    0.14621631E-02
    0.11513576E+02    0.16619238E-03    0.14602539E-02
    0.12221954E+02    0.16810240E-03    0.14583579E-02
    0.12961519E+02    0.17004723E-03    0.14564783E-02
    0.13737444E+02    0.17204601E-03    0.14545963E-02
    0.14557539E+02    0.17412193E-03    0.14526884E-02
    0.15434085E+02    0.17630820E-03    0.14507475E-02
    0.16387993E+02    0.17865752E-03    0.14487337E-02
    0.17460341E+02    0.18127054E-03    0.14465723E-02
    0.18759407E+02    0.18440440E-03    0.14440877E-02
    0.53078974E+01    0.14215658E-03    0.14829385E-02
    0.53177030E+01    0.14222614E-03    0.14828877E-02
    0.53955671E+01    0.14276843E-03    0.14824956E-02
    0.55483351E+01    0.14378815E-03    0.14817362E-02
    0.57706777E+01    0.14517593E-03    0.14806618E-02
    0.60558347E+01    0.14681475E-03    0.14793275E-02
    0.63965764E+01    0.14860099E-03    0.14777910E-02
    0.67859590E+01    0.15045628E-03    0.14761170E-02
    0.72177949E+01    0.15233309E-03    0.14743459E-02
    0.76868763E+01    0.15420217E-03    0.14725167E-02
    0.81890291E+01    0.15605308E-03    0.14706555E-02
    0.87210752E+01    0.15788206E-03    0.14687819E-02
    0.92807598E+01    0.15969298E-03    0.14669109E-02
    0.98666811E+01    0.16149282E-03    0.14650448E-02
    0.10478244E+02    0.16329054E-03    0.14631963E-02
    0.11115653E+02    0.16509448E-03    0.14613580E-02
    0.11779965E+02    0.16691663E-03    0.14595313E-02
    0.12473223E+02    0.16876794E-03    0.14577084E-02
    0.13198717E+02    0.17066222E-03    0.14558935E-02
    0.13961465E+02    0.17261645E-03    0.14540660E-02
    0.14769126E+02    0.17465234E-03    0.14522184E-02
    0.15633814E+02    0.17680236E-03    0.14503216E-02
    0.16576232E+02    0.17911814E-03    0.14483472E-02
    0.17637138E+02    0.18169849E-03    0.14462291E-02
    0.18924072E+02    0.18479942E-03    0.14437811E-02
    0.59352103E+01    0.14613917E-03    0.14798891E-02
    0.59439812E+01    0.14618914E-03    0.14798484E-02
    0.60137419E+01    0.14658195E-03    0.14795183E-02
    0.61511763E+01    0.14733165E-03    0.14788897E-02
    0.63524537E+01    0.14837903E-03    0.14779881E-02
    0.66125699E+01    0.14965166E-03    0.14768537E-02
    0.69259755E+01    0.15108389E-03    0.14755357E-02
    0.72871247E+01    0.15261958E-03    0.14740726E-02
    0.76908718E+01    0.15421746E-03    0.14725014E-02
    0.81327126E+01    0.15585205E-03    0.14708586E-02
    0.86088992E+01    0.15750626E-03    0.14691697E-02
    0.91164741E+01    0.15917169E-03    0.14674538E-02
    0.96532611E+01    0.16084714E-03    0.14657168E-02
    0.10217844E+02    0.16253396E-03    0.14639718E-02
    0.10809558E+02    0.16423620E-03    0.14622284E-02
    0.11428503E+02    0.16595959E-03    0.14604898E-02
    0.12075617E+02    0.16771201E-03    0.14587416E-02
    0.12752813E+02    0.16950305E-03    0.14570018E-02
    0.13463249E+02    0.17134437E-03    0.14552533E-02
    0.14211807E+02    0.17325082E-03    0.14534852E-02
    0.15006000E+02    0.17524411E-03    0.14516894E-02
    0.15857777E+02    0.17735537E-03    0.14498400E-02
    0.16787627E+02    0.17963453E-03    0.14479143E-02
    0.17835964E+02    0.18217977E-03    0.14458376E-02
    0.19109512E+02    0.18524391E-03    0.14434387E-02
    0.65700972E+01    0.14944951E-03    0.14770372E-02
    0.65780216E+01    0.14948737E-03    0.14770029E-02
    0.66411254E+01    0.14978666E-03    0.14767311E-02
    0.67658277E+01    0.15036459E-03    0.14762016E-02
    0.69493254E+01    0.15118663E-03    0.14754405E-02
    0.71878742E+01    0.15220827E-03    0.14744677E-02
    0.74772048E+01    0.15338576E-03    0.14733215E-02
    0.78129150E+01    0.15467978E-03    0.14720384E-02
    0.81907854E+01    0.15605932E-03    0.14706492E-02
    0.86070012E+01    0.15749985E-03    0.14691763E-02
    0.90582891E+01    0.15898528E-03    0.14676431E-02
    0.95419890E+01    0.16050631E-03    0.14660682E-02
    0.10056088E+02    0.16205791E-03    0.14644636E-02
    0.10599236E+02    0.16363803E-03    0.14628397E-02
    0.11170765E+02    0.16524770E-03    0.14612032E-02
    0.11770732E+02    0.16689166E-03    0.14595566E-02
    0.12399999E+02    0.16857469E-03    0.14579000E-02
    0.13060387E+02    0.17030422E-03    0.14562332E-02
    0.13754945E+02    0.17209052E-03    0.14545553E-02
    0.14488441E+02    0.17394828E-03    0.14528469E-02
    0.15268251E+02    0.17589678E-03    0.14511147E-02
    0.16106164E+02    0.17796659E-03    0.14493228E-02
    0.17022452E+02    0.18020703E-03    0.14474398E-02
    0.18057161E+02    0.18271355E-03    0.14454117E-02
    0.19316131E+02    0.18573936E-03    0.14430612E-02
    0.72138047E+01    0.15231648E-03    0.14743619E-02
    0.72210227E+01    0.15234651E-03    0.14743331E-02
    0.72785540E+01    0.15258438E-03    0.14741070E-02
    0.73925115E+01    0.15304780E-03    0.14736576E-02
    0.75608151E+01    0.15371488E-03    0.14730021E-02
    0.77806386E+01    0.15455847E-03    0.14721601E-02
    0.80486889E+01    0.15554939E-03    0.14711640E-02
    0.83614857E+01    0.15665902E-03    0.14700341E-02
    0.87156047E+01    0.15786384E-03    0.14688002E-02
    0.91078686E+01    0.15914420E-03    0.14674822E-02
    0.95354812E+01    0.16048629E-03    0.14660889E-02
    0.99961170E+01    0.16187996E-03    0.14646498E-02
    0.10487979E+02    0.16331864E-03    0.14631683E-02
    0.11009841E+02    0.16479963E-03    0.14616573E-02
    0.11561090E+02    0.16632217E-03    0.14601208E-02
    0.12141785E+02    0.16788896E-03    0.14585706E-02
    0.12752756E+02    0.16950290E-03    0.14570019E-02
    0.13395764E+02    0.17117076E-03    0.14554158E-02
    0.14073781E+02    0.17290159E-03    0.14538036E-02
    0.14791475E+02    0.17470836E-03    0.14521679E-02
    0.15556101E+02    0.17661014E-03    0.14504862E-02
    0.16379296E+02    0.17863620E-03    0.14487512E-02
    0.17281107E+02    0.18083540E-03    0.14469248E-02
    0.18301198E+02    0.18330179E-03    0.14449487E-02
    0.19544454E+02    0.18628498E-03    0.14426497E-02
    0.78677830E+01    0.15488496E-03    0.14718326E-02
    0.78744015E+01    0.15490958E-03    0.14718079E-02
    0.79271923E+01    0.15510490E-03    0.14716114E-02
    0.80319522E+01    0.15548854E-03    0.14712253E-02
    0.81871213E+01    0.15604630E-03    0.14706623E-02
    0.83905523E+01    0.15675969E-03    0.14699327E-02
    0.86397005E+01    0.15760999E-03    0.14690610E-02
    0.89318236E+01    0.15857600E-03    0.14680675E-02
    0.92641673E+01    0.15964071E-03    0.14669653E-02
    0.96341217E+01    0.16078885E-03    0.14657767E-02
    0.10039344E+02    0.16200829E-03    0.14645160E-02
    0.10477852E+02    0.16328941E-03    0.14631974E-02
    0.10948093E+02    0.16462605E-03    0.14618334E-02
    0.11449001E+02    0.16601571E-03    0.14604337E-02
    0.11980059E+02    0.16745587E-03    0.14589957E-02
    0.12541370E+02    0.16894751E-03    0.14575342E-02
    0.13133766E+02    0.17049448E-03    0.14560525E-02
    0.13758980E+02    0.17210079E-03    0.14545458E-02
    0.14419929E+02    0.17377567E-03    0.14530044E-02
    0.15121202E+02    0.17553110E-03    0.14514352E-02
    0.15869950E+02    0.17738536E-03    0.14498145E-02
    0.16677661E+02    0.17936638E-03    0.14481386E-02
    0.17564159E+02    0.18152189E-03    0.14463703E-02
    0.18568707E+02    0.18394619E-03    0.14444470E-02
    0.19795169E+02    0.18688447E-03    0.14421932E-02
    0.85337472E+01    0.15725093E-03    0.14694279E-02
    0.85398496E+01    0.15727172E-03    0.14694066E-02
    0.85885511E+01    0.15743739E-03    0.14692399E-02
    0.86853376E+01    0.15776285E-03    0.14689020E-02
    0.88290309E+01    0.15823937E-03    0.14684117E-02
    0.90179931E+01    0.15885537E-03    0.14677747E-02
    0.92502571E+01    0.15959682E-03    0.14670108E-02
    0.95236708E+01    0.16044993E-03    0.14661266E-02
    0.98360372E+01    0.16140089E-03    0.14651388E-02
    0.10185241E+02    0.16243812E-03    0.14640721E-02
    0.10569355E+02    0.16355253E-03    0.14629286E-02
    0.10986729E+02    0.16473474E-03    0.14617230E-02
    0.11436064E+02    0.16598029E-03    0.14604691E-02
    0.11916479E+02    0.16728496E-03    0.14591653E-02
    0.12427576E+02    0.16864753E-03    0.14578277E-02
    0.12969534E+02    0.17006808E-03    0.14564584E-02
    0.13543214E+02    0.17154913E-03    0.14550567E-02
    0.14150348E+02    0.17309544E-03    0.14536244E-02
    0.14793823E+02    0.17471424E-03    0.14521626E-02
    0.15478165E+02    0.17641734E-03    0.14506520E-02
    0.16210433E+02    0.17822241E-03    0.14491011E-02
    0.17001976E+02    0.18015719E-03    0.14474809E-02
    0.17872396E+02    0.18226765E-03    0.14457680E-02
    0.18860533E+02    0.18464704E-03    0.14438992E-02
    0.20069169E+02    0.18753783E-03    0.14417118E-02
    0.92137648E+01    0.15948128E-03    0.14671306E-02
    0.92194172E+01    0.15949921E-03    0.14671121E-02
    0.92645471E+01    0.15964191E-03    0.14669640E-02
    0.93543418E+01    0.15992403E-03    0.14666711E-02
    0.94879086E+01    0.16033967E-03    0.14662408E-02
    0.96639961E+01    0.16087980E-03    0.14656833E-02
    0.98810869E+01    0.16153608E-03    0.14650006E-02
    0.10137501E+02    0.16229793E-03    0.14642152E-02
    0.10431503E+02    0.16315536E-03    0.14633317E-02
    0.10761401E+02    0.16409991E-03    0.14623641E-02
    0.11125641E+02    0.16512224E-03    0.14613299E-02
    0.11522883E+02    0.16621782E-03    0.14602277E-02
    0.11952079E+02    0.16738073E-03    0.14590712E-02
    0.12412537E+02    0.16860782E-03    0.14578671E-02
    0.12904002E+02    0.16989746E-03    0.14566219E-02
    0.13426743E+02    0.17125055E-03    0.14553415E-02
    0.13981676E+02    0.17266784E-03    0.14540196E-02
    0.14570552E+02    0.17415458E-03    0.14526589E-02
    0.15196243E+02    0.17571787E-03    0.14512711E-02
    0.15863234E+02    0.17736882E-03    0.14498286E-02
    0.16578503E+02    0.17912370E-03    0.14483425E-02
    0.17353265E+02    0.18101075E-03    0.14467826E-02
    0.18206898E+02    0.18307480E-03    0.14451276E-02
    0.19177808E+02    0.18540776E-03    0.14433136E-02
    0.20367626E+02    0.18824894E-03    0.14411856E-02
    0.99103825E+01    0.16162403E-03    0.14649105E-02
    0.99156378E+01    0.16163979E-03    0.14648944E-02
    0.99576128E+01    0.16176534E-03    0.14647666E-02
    0.10041212E+02    0.16201383E-03    0.14645102E-02
    0.10165758E+02    0.16238089E-03    0.14641310E-02
    0.10330297E+02    0.16286201E-03    0.14636360E-02
    0.10533665E+02    0.16345016E-03    0.14630349E-02
    0.10774560E+02    0.16413720E-03    0.14623266E-02
    0.11051627E+02    0.16491643E-03    0.14615388E-02
    0.11363537E+02    0.16578117E-03    0.14606673E-02
    0.11709061E+02    0.16672455E-03    0.14597232E-02
    0.12087144E+02    0.16774288E-03    0.14587119E-02
    0.12496976E+02    0.16883054E-03    0.14576470E-02
    0.12938056E+02    0.16998616E-03    0.14565368E-02
    0.13410276E+02    0.17120815E-03    0.14553810E-02
    0.13914009E+02    0.17249565E-03    0.14541757E-02
    0.14450242E+02    0.17385209E-03    0.14529347E-02
    0.15020759E+02    0.17528089E-03    0.14516568E-02
    0.15628436E+02    0.17678906E-03    0.14503331E-02
    0.16277728E+02    0.17838727E-03    0.14489593E-02
    0.16975541E+02    0.18009277E-03    0.14475341E-02
    0.17732965E+02    0.18193060E-03    0.14460401E-02
    0.18569151E+02    0.18394726E-03    0.14444462E-02
    0.19522053E+02    0.18623134E-03    0.14426898E-02
    0.20692086E+02    0.18902109E-03    0.14406180E-02
    0.10626817E+02    0.16371683E-03    0.14627583E-02
    0.10631718E+02    0.16373082E-03    0.14627439E-02
    0.10670877E+02    0.16384249E-03    0.14626290E-02
    0.10748930E+02    0.16406453E-03    0.14624000E-02
    0.10865367E+02    0.16439351E-03    0.14620715E-02
    0.11019465E+02    0.16482660E-03    0.14616300E-02
    0.11210337E+02    0.16535759E-03    0.14610925E-02
    0.11436989E+02    0.16598283E-03    0.14604666E-02
    0.11698377E+02    0.16669555E-03    0.14597516E-02
    0.11993479E+02    0.16749187E-03    0.14589593E-02
    0.12321350E+02    0.16836647E-03    0.14581039E-02
    0.12681192E+02    0.16931539E-03    0.14571843E-02
    0.13072413E+02    0.17033544E-03    0.14562035E-02
    0.13494698E+02    0.17142498E-03    0.14551763E-02
    0.13948085E+02    0.17258241E-03    0.14540968E-02
    0.14433060E+02    0.17380878E-03    0.14529742E-02
    0.14950687E+02    0.17510625E-03    0.14518120E-02
    0.15502799E+02    0.17647829E-03    0.14505993E-02
    0.16092284E+02    0.17793249E-03    0.14493521E-02
    0.16723576E+02    0.17947852E-03    0.14480448E-02
    0.17403521E+02    0.18113277E-03    0.14466838E-02
    0.18143087E+02    0.18292102E-03    0.14452468E-02
    0.18961195E+02    0.18488842E-03    0.14437123E-02
    0.19895329E+02    0.18712334E-03    0.14420161E-02
    0.21044619E+02    0.18985900E-03    0.14400153E-02
    0.11367259E+02    0.16579142E-03    0.14606571E-02
    0.11371841E+02    0.16580404E-03    0.14606445E-02
    0.11408459E+02    0.16590464E-03    0.14605444E-02
    0.11481499E+02    0.16610463E-03    0.14603438E-02
    0.11590579E+02    0.16640254E-03    0.14600397E-02
    0.11735158E+02    0.16679534E-03    0.14596533E-02
    0.11914570E+02    0.16727982E-03    0.14591702E-02
    0.12128068E+02    0.16785233E-03    0.14586064E-02
    0.12374868E+02    0.16850824E-03    0.14579658E-02
    0.12654203E+02    0.16924450E-03    0.14572529E-02
    0.12965377E+02    0.17005726E-03    0.14564687E-02
    0.13307815E+02    0.17094374E-03    0.14556276E-02
    0.13681129E+02    0.17190247E-03    0.14547276E-02
    0.14085176E+02    0.17293046E-03    0.14537766E-02
    0.14520137E+02    0.17402799E-03    0.14527739E-02
    0.14986612E+02    0.17519580E-03    0.14517324E-02
    0.15485747E+02    0.17643610E-03    0.14506358E-02
    0.16019428E+02    0.17775338E-03    0.14495049E-02
    0.16590567E+02    0.17915322E-03    0.14483176E-02
    0.17203584E+02    0.18064706E-03    0.14470782E-02
    0.17865270E+02    0.18225047E-03    0.14457816E-02
    0.18586471E+02    0.18398893E-03    0.14444137E-02
    0.19385878E+02    0.18590591E-03    0.14429346E-02
    0.20300479E+02    0.18808914E-03    0.14413010E-02
    0.21428049E+02    0.19076811E-03    0.14393654E-02
    0.12137370E+02    0.16787717E-03    0.14585822E-02
    0.12141662E+02    0.16788863E-03    0.14585709E-02
    0.12175965E+02    0.16798005E-03    0.14584800E-02
    0.12244427E+02    0.16816214E-03    0.14582994E-02
    0.12346769E+02    0.16843385E-03    0.14580387E-02
    0.12482592E+02    0.16879264E-03    0.14576842E-02
    0.12651410E+02    0.16923716E-03    0.14572600E-02
    0.12852674E+02    0.16976368E-03    0.14567504E-02
    0.13085815E+02    0.17037022E-03    0.14561705E-02
    0.13350283E+02    0.17105342E-03    0.14555249E-02
    0.13645592E+02    0.17181151E-03    0.14548108E-02
    0.13971368E+02    0.17264163E-03    0.14540433E-02
    0.14327403E+02    0.17354237E-03    0.14532186E-02
    0.14713714E+02    0.17451341E-03    0.14523427E-02
    0.15130617E+02    0.17555455E-03    0.14514145E-02
    0.15578823E+02    0.17666634E-03    0.14504382E-02
    0.16059563E+02    0.17785208E-03    0.14494211E-02
    0.16574778E+02    0.17911459E-03    0.14483502E-02
    0.17127408E+02    0.18046208E-03    0.14472299E-02
    0.17721865E+02    0.18190370E-03    0.14460622E-02
    0.18364887E+02    0.18345510E-03    0.14448262E-02
    0.19067200E+02    0.18514248E-03    0.14435165E-02
    0.19847253E+02    0.18700870E-03    0.14421005E-02
    0.20741519E+02    0.18913840E-03    0.14405319E-02
    0.21846338E+02    0.19175938E-03    0.14386610E-02
    0.12945191E+02    0.17000473E-03    0.14565190E-02
    0.12949215E+02    0.17001520E-03    0.14565090E-02
    0.12981385E+02    0.17009891E-03    0.14564289E-02
    0.13045621E+02    0.17026587E-03    0.14562697E-02
    0.13141725E+02    0.17051507E-03    0.14560330E-02
    0.13269414E+02    0.17084457E-03    0.14557210E-02
    0.13428343E+02    0.17125467E-03    0.14553377E-02
    0.13618129E+02    0.17174109E-03    0.14548756E-02
    0.13838380E+02    0.17230290E-03    0.14543562E-02
    0.14088729E+02    0.17293946E-03    0.14537682E-02
    0.14368869E+02    0.17364690E-03    0.14531221E-02
    0.14678602E+02    0.17442541E-03    0.14524203E-02
    0.15017880E+02    0.17527371E-03    0.14516631E-02
    0.15386865E+02    0.17619116E-03    0.14508519E-02
    0.15786000E+02    0.17717838E-03    0.14499924E-02
    0.16216101E+02    0.17823630E-03    0.14490891E-02
    0.16678483E+02    0.17936839E-03    0.14481369E-02
    0.17175142E+02    0.18057799E-03    0.14471348E-02
    0.17709046E+02    0.18187264E-03    0.14460877E-02
    0.18284603E+02    0.18326185E-03    0.14449806E-02
    0.18908498E+02    0.18476208E-03    0.14438101E-02
    0.19591333E+02    0.18639727E-03    0.14425653E-02
    0.20351306E+02    0.18821009E-03    0.14412136E-02
    0.21224346E+02    0.19028535E-03    0.14397100E-02
    0.22305262E+02    0.19284508E-03    0.14379038E-02
    0.13802903E+02    0.17221253E-03    0.14544416E-02
    0.13806677E+02    0.17222213E-03    0.14544326E-02
    0.13836853E+02    0.17229901E-03    0.14543599E-02
    0.13897136E+02    0.17245267E-03    0.14542154E-02
    0.13987390E+02    0.17268236E-03    0.14540064E-02
    0.14107427E+02    0.17298681E-03    0.14537240E-02
    0.14257018E+02    0.17336494E-03    0.14533822E-02
    0.14435914E+02    0.17381597E-03    0.14529677E-02
    0.14643870E+02    0.17433839E-03    0.14524963E-02
    0.14880673E+02    0.17493153E-03    0.14519676E-02
    0.15146173E+02    0.17559329E-03    0.14513804E-02
    0.15440321E+02    0.17632365E-03    0.14507339E-02
    0.15763213E+02    0.17712213E-03    0.14500418E-02
    0.16115141E+02    0.17798864E-03    0.14493037E-02
    0.16496665E+02    0.17892359E-03    0.14485122E-02
    0.16908699E+02    0.17992964E-03    0.14476689E-02
    0.17352635E+02    0.18100922E-03    0.14467838E-02
    0.17830526E+02    0.18216665E-03    0.14458480E-02
    0.18345367E+02    0.18340810E-03    0.14448636E-02
    0.18901558E+02    0.18474543E-03    0.14438230E-02
    0.19505729E+02    0.18619226E-03    0.14427190E-02
    0.20168354E+02    0.18777439E-03    0.14415344E-02
    0.20907363E+02    0.18953277E-03    0.14402447E-02
    0.21758102E+02    0.19155066E-03    0.14388069E-02
    0.22813743E+02    0.19404594E-03    0.14370766E-02
    0.14730806E+02    0.17455626E-03    0.14523046E-02
    0.14734342E+02    0.17456513E-03    0.14522967E-02
    0.14762622E+02    0.17463603E-03    0.14522330E-02
    0.14819139E+02    0.17477765E-03    0.14521054E-02
    0.14903811E+02    0.17498931E-03    0.14519160E-02
    0.15016524E+02    0.17527033E-03    0.14516661E-02
    0.15157145E+02    0.17562060E-03    0.14513563E-02
    0.15325537E+02    0.17603899E-03    0.14509886E-02
    0.15521579E+02    0.17652475E-03    0.14505594E-02
    0.15745187E+02    0.17707763E-03    0.14500810E-02
    0.15996345E+02    0.17769658E-03    0.14495528E-02
    0.16275135E+02    0.17838092E-03    0.14489647E-02
    0.16581778E+02    0.17913171E-03    0.14483357E-02
    0.16916686E+02    0.17994914E-03    0.14476527E-02
    0.17280522E+02    0.18083398E-03    0.14469259E-02
    0.17674292E+02    0.18178845E-03    0.14461565E-02
    0.18099460E+02    0.18281574E-03    0.14453296E-02
    0.18558129E+02    0.18392073E-03    0.14444668E-02
    0.19053319E+02    0.18510922E-03    0.14435421E-02
    0.19589420E+02    0.18639268E-03    0.14425688E-02
    0.20173000E+02    0.18778546E-03    0.14415261E-02
    0.20814394E+02    0.18931159E-03    0.14404048E-02
    0.21531241E+02    0.19101313E-03    0.14391873E-02
    0.22358254E+02    0.19297046E-03    0.14378181E-02
    0.23386820E+02    0.19539800E-03    0.14361667E-02
    0.15768311E+02    0.17713472E-03    0.14500307E-02
    0.15771614E+02    0.17714287E-03    0.14500235E-02
    0.15798038E+02    0.17720808E-03    0.14499665E-02
    0.15850864E+02    0.17733833E-03    0.14498545E-02
    0.15930053E+02    0.17753339E-03    0.14496898E-02
    0.16035554E+02    0.17779304E-03    0.14494713E-02
    0.16167314E+02    0.17811669E-03    0.14491928E-02
    0.16325290E+02    0.17850381E-03    0.14488608E-02
    0.16509464E+02    0.17895488E-03    0.14484857E-02
    0.16719866E+02    0.17946947E-03    0.14480523E-02
    0.16956593E+02    0.18004656E-03    0.14475722E-02
    0.17219843E+02    0.18068655E-03    0.14470460E-02
    0.17509950E+02    0.18139069E-03    0.14464754E-02
    0.17827430E+02    0.18215917E-03    0.14458540E-02
    0.18173042E+02    0.18299323E-03    0.14451907E-02
    0.18547873E+02    0.18389604E-03    0.14444859E-02
    0.18953454E+02    0.18486987E-03    0.14437266E-02
    0.19391935E+02    0.18592036E-03    0.14429236E-02
    0.19866353E+02    0.18705425E-03    0.14420669E-02
    0.20381079E+02    0.18828096E-03    0.14411625E-02
    0.20942611E+02    0.18961659E-03    0.14401852E-02
    0.21561122E+02    0.19108407E-03    0.14391359E-02
    0.22253928E+02    0.19272378E-03    0.14379884E-02
    0.23055032E+02    0.19461516E-03    0.14366961E-02
    0.24053822E+02    0.19696798E-03    0.14351178E-02
    0.17018745E+02    0.18019801E-03    0.14474473E-02
    0.17021806E+02    0.18020546E-03    0.14474411E-02
    0.17046292E+02    0.18026502E-03    0.14473920E-02
    0.17095261E+02    0.18038401E-03    0.14472940E-02
    0.17168711E+02    0.18056237E-03    0.14471476E-02
    0.17266646E+02    0.18080025E-03    0.14469533E-02
    0.17389080E+02    0.18109773E-03    0.14467122E-02
    0.17536053E+02    0.18145388E-03    0.14464246E-02
    0.17707639E+02    0.18186923E-03    0.14460905E-02
    0.17903966E+02    0.18234374E-03    0.14457082E-02
    0.18125234E+02    0.18287796E-03    0.14452804E-02
    0.18371747E+02    0.18347162E-03    0.14448130E-02
    0.18643938E+02    0.18412709E-03    0.14443052E-02
    0.18942421E+02    0.18484341E-03    0.14437471E-02
    0.19268044E+02    0.18562425E-03    0.14431488E-02
    0.19621969E+02    0.18647061E-03    0.14425097E-02
    0.20005787E+02    0.18738669E-03    0.14418233E-02
    0.20421685E+02    0.18837769E-03    0.14410923E-02
    0.20872710E+02    0.18945033E-03    0.14403039E-02
    0.21363203E+02    0.19061434E-03    0.14394756E-02
    0.21899566E+02    0.19188534E-03    0.14385732E-02
    0.22491777E+02    0.19328630E-03    0.14376034E-02
    0.23156757E+02    0.19485526E-03    0.14365329E-02
    0.23927653E+02    0.19667086E-03    0.14353143E-02
    0.24891453E+02    0.19893655E-03    0.14338373E-02
