    0.22381009E-04    0.12972585E+01   -0.87591448E-05
    0.38321279E+00    0.12964201E+01   -0.23931718E-01
    0.11500409E+01    0.12910030E+01   -0.70959251E-01
    0.19180821E+01    0.12805906E+01   -0.11550774E+00
    0.26881637E+01    0.12659953E+01   -0.15601380E+00
    0.34611419E+01    0.12483401E+01   -0.19103580E+00
    0.42379147E+01    0.12290411E+01   -0.21926232E+00
    0.50194369E+01    0.12096252E+01   -0.23950292E+00
    0.58067380E+01    0.11914195E+01   -0.25175608E+00
    0.66009432E+01    0.11746546E+01   -0.25896654E+00
    0.74032998E+01    0.11592028E+01   -0.26320444E+00
    0.82152111E+01    0.11449027E+01   -0.26559667E+00
    0.90382793E+01    0.11315924E+01   -0.26679381E+00
    0.98743644E+01    0.11191281E+01   -0.26719262E+00
    0.10725663E+02    0.11073848E+01   -0.26704319E+00
    0.11594820E+02    0.10962441E+01   -0.26650762E+00
    0.12485092E+02    0.10856142E+01   -0.26569141E+00
    0.13400589E+02    0.10753931E+01   -0.26466757E+00
    0.14346662E+02    0.10654981E+01   -0.26348234E+00
    0.15330546E+02    0.10558479E+01   -0.26216494E+00
    0.16362504E+02    0.10463321E+01   -0.26073077E+00
    0.17458090E+02    0.10368319E+01   -0.25918107E+00
    0.18643216E+02    0.10271719E+01   -0.25749858E+00
    0.19968198E+02    0.10170400E+01   -0.25563181E+00
    0.21564940E+02    0.10056321E+01   -0.25342350E+00
    0.54372427E+00    0.12957266E+01   -0.33904022E-01
    0.66519781E+00    0.12950488E+01   -0.41416127E-01
    0.12720968E+01    0.12896666E+01   -0.78252170E-01
    0.19936587E+01    0.12793255E+01   -0.11969202E+00
    0.27426010E+01    0.12648342E+01   -0.15868109E+00
    0.35035895E+01    0.12473108E+01   -0.19276938E+00
    0.42726522E+01    0.12281649E+01   -0.22034330E+00
    0.50488002E+01    0.12089179E+01   -0.24009139E+00
    0.58321387E+01    0.11908597E+01   -0.25205149E+00
    0.66232988E+01    0.11742039E+01   -0.25911891E+00
    0.74232395E+01    0.11588360E+01   -0.26328235E+00
    0.82331846E+01    0.11446000E+01   -0.26563398E+00
    0.90546192E+01    0.11313401E+01   -0.26680836E+00
    0.98893230E+01    0.11189145E+01   -0.26719425E+00
    0.10739436E+02    0.11072013E+01   -0.26703735E+00
    0.11607562E+02    0.10960867E+01   -0.26649761E+00
    0.12496926E+02    0.10854779E+01   -0.26567923E+00
    0.13411615E+02    0.10752734E+01   -0.26465437E+00
    0.14356962E+02    0.10653943E+01   -0.26346889E+00
    0.15340185E+02    0.10557560E+01   -0.26215176E+00
    0.16371536E+02    0.10462519E+01   -0.26071806E+00
    0.17466555E+02    0.10367611E+01   -0.25916905E+00
    0.18651143E+02    0.10271092E+01   -0.25748738E+00
    0.19975599E+02    0.10169854E+01   -0.25562150E+00
    0.21571793E+02    0.10055847E+01   -0.25341415E+00
    0.12486099E+01    0.12899333E+01   -0.76854177E-01
    0.13060929E+01    0.12892723E+01   -0.80270988E-01
    0.16975337E+01    0.12840557E+01   -0.10307194E+00
    0.22886821E+01    0.12740216E+01   -0.13561363E+00
    0.29639924E+01    0.12599704E+01   -0.16922896E+00
    0.36794742E+01    0.12430071E+01   -0.19972543E+00
    0.44180253E+01    0.12245037E+01   -0.22468960E+00
    0.51724050E+01    0.12059632E+01   -0.24243751E+00
    0.59394640E+01    0.11885110E+01   -0.25324466E+00
    0.67179965E+01    0.11723067E+01   -0.25973957E+00
    0.75078542E+01    0.11572874E+01   -0.26360090E+00
    0.83095559E+01    0.11433186E+01   -0.26578594E+00
    0.91241175E+01    0.11302692E+01   -0.26686686E+00
    0.99529945E+01    0.11180081E+01   -0.26719928E+00
    0.10798096E+02    0.11064211E+01   -0.26701154E+00
    0.11661856E+02    0.10954178E+01   -0.26645423E+00
    0.12547372E+02    0.10848972E+01   -0.26562700E+00
    0.13458633E+02    0.10747640E+01   -0.26459790E+00
    0.14400894E+02    0.10649531E+01   -0.26341136E+00
    0.15381309E+02    0.10553643E+01   -0.26209549E+00
    0.16410075E+02    0.10459097E+01   -0.26066380E+00
    0.17502683E+02    0.10364595E+01   -0.25911776E+00
    0.18684982E+02    0.10268421E+01   -0.25743953E+00
    0.20007198E+02    0.10167527E+01   -0.25557746E+00
    0.21601057E+02    0.10053827E+01   -0.25337423E+00
    0.19589417E+01    0.12799116E+01   -0.11777505E+00
    0.19960723E+01    0.12792844E+01   -0.11982497E+00
    0.22715736E+01    0.12743454E+01   -0.13470905E+00
    0.27416221E+01    0.12648552E+01   -0.15863337E+00
    0.33262106E+01    0.12515824E+01   -0.18538707E+00
    0.39770537E+01    0.12356038E+01   -0.21063327E+00
    0.46687657E+01    0.12182301E+01   -0.23149720E+00
    0.53881536E+01    0.12009039E+01   -0.24607461E+00
    0.61282672E+01    0.11844468E+01   -0.25514466E+00
    0.68854850E+01    0.11690146E+01   -0.26074367E+00
    0.76580873E+01    0.11545774E+01   -0.26412039E+00
    0.84455400E+01    0.11410651E+01   -0.26603291E+00
    0.92481320E+01    0.11283699E+01   -0.26695804E+00
    0.10066803E+02    0.11163979E+01   -0.26720019E+00
    0.10903087E+02    0.11050417E+01   -0.26696065E+00
    0.11759137E+02    0.10942277E+01   -0.26637374E+00
    0.12637839E+02    0.10838573E+01   -0.26553176E+00
    0.13543014E+02    0.10738577E+01   -0.26449576E+00
    0.14479785E+02    0.10641615E+01   -0.26330776E+00
    0.15455196E+02    0.10546643E+01   -0.26199403E+00
    0.16479351E+02    0.10452931E+01   -0.26056628E+00
    0.17567651E+02    0.10359183E+01   -0.25902558E+00
    0.18745852E+02    0.10263629E+01   -0.25735316E+00
    0.20064057E+02    0.10163338E+01   -0.25549808E+00
    0.21653731E+02    0.10050206E+01   -0.25330236E+00
    0.26722565E+01    0.12663317E+01   -0.15522906E+00
    0.26995938E+01    0.12657527E+01   -0.15657618E+00
    0.29092179E+01    0.12611938E+01   -0.16666514E+00
    0.32893759E+01    0.12524560E+01   -0.18380918E+00
    0.37904062E+01    0.12402580E+01   -0.20392029E+00
    0.43726946E+01    0.12256424E+01   -0.22336516E+00
    0.50100774E+01    0.12098512E+01   -0.23931274E+00
    0.56864489E+01    0.11940961E+01   -0.25028617E+00
    0.63921171E+01    0.11789132E+01   -0.25742722E+00
    0.71213345E+01    0.11644727E+01   -0.26197545E+00
    0.78708197E+01    0.11508139E+01   -0.26476142E+00
    0.86389031E+01    0.11379103E+01   -0.26633453E+00
    0.94250437E+01    0.11256997E+01   -0.26706040E+00
    0.10229566E+02    0.11141169E+01   -0.26718587E+00
    0.11053542E+02    0.11030872E+01   -0.26687827E+00
    0.11898773E+02    0.10925297E+01   -0.26625355E+00
    0.12767869E+02    0.10823789E+01   -0.26539143E+00
    0.13664433E+02    0.10725676E+01   -0.26434757E+00
    0.14593412E+02    0.10630205E+01   -0.26315806E+00
    0.15561703E+02    0.10536652E+01   -0.26184675E+00
    0.16579279E+02    0.10444049E+01   -0.26042551E+00
    0.17661423E+02    0.10351355E+01   -0.25889258E+00
    0.18833759E+02    0.10256738E+01   -0.25722846E+00
    0.20146213E+02    0.10157278E+01   -0.25538289E+00
    0.21729878E+02    0.10045002E+01   -0.25319842E+00
    0.33887553E+01    0.12500870E+01   -0.18803130E+00
    0.34103540E+01    0.12495672E+01   -0.18893409E+00
    0.35785830E+01    0.12454853E+01   -0.19578038E+00
    0.38939314E+01    0.12376810E+01   -0.20769782E+00
    0.43254927E+01    0.12268315E+01   -0.22195629E+00
    0.48438792E+01    0.12139071E+01   -0.23572019E+00
    0.54261942E+01    0.12000218E+01   -0.24666097E+00
    0.60562703E+01    0.11859863E+01   -0.25444829E+00
    0.67232335E+01    0.11722025E+01   -0.25977275E+00
    0.74199807E+01    0.11588959E+01   -0.26326970E+00
    0.81420213E+01    0.11461399E+01   -0.26543829E+00
    0.88866954E+01    0.11339581E+01   -0.26664347E+00
    0.96526761E+01    0.11223384E+01   -0.26714896E+00
    0.10439671E+02    0.11112287E+01   -0.26714298E+00
    0.11248267E+02    0.11005857E+01   -0.26675827E+00
    0.12079881E+02    0.10903580E+01   -0.26608989E+00
    0.12936815E+02    0.10804819E+01   -0.26520521E+00
    0.13822425E+02    0.10709008E+01   -0.26415184E+00
    0.14741451E+02    0.10615522E+01   -0.26296106E+00
    0.15700615E+02    0.10523705E+01   -0.26165467E+00
    0.16709734E+02    0.10432611E+01   -0.26024112E+00
    0.17783941E+02    0.10341176E+01   -0.25871790E+00
    0.18948698E+02    0.10247787E+01   -0.25706609E+00
    0.20253706E+02    0.10149398E+01   -0.25523312E+00
    0.21829574E+02    0.10038202E+01   -0.25306252E+00
    0.41090790E+01    0.12322828E+01   -0.21511198E+00
    0.41269096E+01    0.12318341E+01   -0.21569946E+00
    0.42669807E+01    0.12283080E+01   -0.22016793E+00
    0.45347072E+01    0.12215785E+01   -0.22796745E+00
    0.49102703E+01    0.12122795E+01   -0.23720420E+00
    0.53725258E+01    0.12012671E+01   -0.24582919E+00
    0.59029189E+01    0.11893078E+01   -0.25284814E+00
    0.64868542E+01    0.11769681E+01   -0.25815249E+00
    0.71135601E+01    0.11646204E+01   -0.26193800E+00
    0.77754087E+01    0.11524936E+01   -0.26448697E+00
    0.84671943E+01    0.11407094E+01   -0.26606956E+00
    0.91855443E+01    0.11293257E+01   -0.26691413E+00
    0.99284955E+01    0.11183564E+01   -0.26719772E+00
    0.10695214E+02    0.11077903E+01   -0.26705587E+00
    0.11485834E+02    0.10975977E+01   -0.26659060E+00
    0.12301398E+02    0.10877427E+01   -0.26587693E+00
    0.13143898E+02    0.10781865E+01   -0.26496916E+00
    0.14016430E+02    0.10688814E+01   -0.26390702E+00
    0.14923513E+02    0.10597679E+01   -0.26271767E+00
    0.15871678E+02    0.10507886E+01   -0.26141758E+00
    0.16870568E+02    0.10418558E+01   -0.26001392E+00
    0.17935145E+02    0.10328728E+01   -0.25850311E+00
    0.19090679E+02    0.10236797E+01   -0.25686526E+00
    0.20386600E+02    0.10139672E+01   -0.25504808E+00
    0.21952930E+02    0.10029796E+01   -0.25289517E+00
    0.48340304E+01    0.12141489E+01   -0.23549454E+00
    0.48491960E+01    0.12137766E+01   -0.23584142E+00
    0.49689480E+01    0.12108480E+01   -0.23846171E+00
    0.52006624E+01    0.12052929E+01   -0.24294558E+00
    0.55311910E+01    0.11976086E+01   -0.24820189E+00
    0.59453640E+01    0.11883827E+01   -0.25330776E+00
    0.64286679E+01    0.11781600E+01   -0.25771256E+00
    0.69686869E+01    0.11673995E+01   -0.26120131E+00
    0.75555315E+01    0.11564209E+01   -0.26377204E+00
    0.81817053E+01    0.11454681E+01   -0.26552544E+00
    0.88417588E+01    0.11346677E+01   -0.26659341E+00
    0.95319223E+01    0.11241150E+01   -0.26710780E+00
    0.10249797E+02    0.11138357E+01   -0.26718289E+00
    0.10994131E+02    0.11038584E+01   -0.26691190E+00
    0.11764680E+02    0.10941602E+01   -0.26636906E+00
    0.12562154E+02    0.10847271E+01   -0.26561158E+00
    0.13388255E+02    0.10755271E+01   -0.26468231E+00
    0.14245828E+02    0.10665266E+01   -0.26361292E+00
    0.15139173E+02    0.10576816E+01   -0.26242595E+00
    0.16074622E+02    0.10489303E+01   -0.26113429E+00
    0.17061635E+02    0.10402040E+01   -0.25974311E+00
    0.18114987E+02    0.10314077E+01   -0.25824787E+00
    0.19259734E+02    0.10223757E+01   -0.25662682E+00
    0.20544994E+02    0.10128242E+01   -0.25482777E+00
    0.22100101E+02    0.10019876E+01   -0.25269617E+00
    0.55645216E+01    0.11968498E+01   -0.24866832E+00
    0.55777013E+01    0.11965506E+01   -0.24884983E+00
    0.56821206E+01    0.11941932E+01   -0.25023102E+00
    0.58858253E+01    0.11896816E+01   -0.25265926E+00
    0.61798159E+01    0.11833524E+01   -0.25562315E+00
    0.65531217E+01    0.11756212E+01   -0.25863289E+00
    0.69945565E+01    0.11668998E+01   -0.26133835E+00
    0.74939073E+01    0.11575418E+01   -0.26354971E+00
    0.80425187E+01    0.11478377E+01   -0.26520666E+00
    0.86334437E+01    0.11379987E+01   -0.26632677E+00
    0.92613578E+01    0.11281688E+01   -0.26696677E+00
    0.99223784E+01    0.11184434E+01   -0.26719725E+00
    0.10613877E+02    0.11088744E+01   -0.26708777E+00
    0.11334327E+02    0.10994973E+01   -0.26669997E+00
    0.12083201E+02    0.10903186E+01   -0.26608679E+00
    0.12860939E+02    0.10813325E+01   -0.26528934E+00
    0.13668995E+02    0.10725193E+01   -0.26434198E+00
    0.14509985E+02    0.10638575E+01   -0.26326808E+00
    0.15388002E+02    0.10553006E+01   -0.26208633E+00
    0.16309186E+02    0.10468077E+01   -0.26080568E+00
    0.17282808E+02    0.10383165E+01   -0.25942988E+00
    0.18323449E+02    0.10297198E+01   -0.25795201E+00
    0.19455935E+02    0.10208807E+01   -0.25635080E+00
    0.20729034E+02    0.10115006E+01   -0.25457332E+00
    0.22271294E+02    0.10008411E+01   -0.25246452E+00
    0.63015714E+01    0.11807932E+01   -0.25668934E+00
    0.63132126E+01    0.11805504E+01   -0.25678675E+00
    0.64056534E+01    0.11786339E+01   -0.25753372E+00
    0.65870206E+01    0.11749356E+01   -0.25887050E+00
    0.68509872E+01    0.11696877E+01   -0.26054615E+00
    0.71895275E+01    0.11631839E+01   -0.26229536E+00
    0.75940584E+01    0.11557250E+01   -0.26390604E+00
    0.80563359E+01    0.11476007E+01   -0.26523995E+00
    0.85690144E+01    0.11390449E+01   -0.26623202E+00
    0.91259110E+01    0.11302416E+01   -0.26686830E+00
    0.97220703E+01    0.11213221E+01   -0.26716688E+00
    0.10353719E+02    0.11124017E+01   -0.26716364E+00
    0.11018180E+02    0.11035461E+01   -0.26689846E+00
    0.11713790E+02    0.10947811E+01   -0.26641167E+00
    0.12439841E+02    0.10861356E+01   -0.26573775E+00
    0.13196577E+02    0.10776071E+01   -0.26490835E+00
    0.13985253E+02    0.10692052E+01   -0.26394647E+00
    0.14808294E+02    0.10608930E+01   -0.26287187E+00
    0.15669605E+02    0.10526588E+01   -0.26169749E+00
    0.16575145E+02    0.10444414E+01   -0.26043134E+00
    0.17534006E+02    0.10361986E+01   -0.25907331E+00
    0.18560568E+02    0.10278274E+01   -0.25761534E+00
    0.19679413E+02    0.10191923E+01   -0.25603620E+00
    0.20938929E+02    0.10100088E+01   -0.25428295E+00
    0.22466785E+02    0.99953540E+00   -0.25220145E+00
    0.70463215E+01    0.11659041E+01   -0.26160533E+00
    0.70567343E+01    0.11657045E+01   -0.26165788E+00
    0.71395546E+01    0.11641273E+01   -0.26206243E+00
    0.73027177E+01    0.11610649E+01   -0.26279387E+00
    0.75416756E+01    0.11566722E+01   -0.26372291E+00
    0.78504872E+01    0.11511702E+01   -0.26470463E+00
    0.82225645E+01    0.11447788E+01   -0.26561201E+00
    0.86513232E+01    0.11377094E+01   -0.26635200E+00
    0.91306545E+01    0.11301686E+01   -0.26687209E+00
    0.96552109E+01    0.11223012E+01   -0.26714968E+00
    0.10220543E+02    0.11142426E+01   -0.26718712E+00
    0.10823139E+02    0.11060896E+01   -0.26699999E+00
    0.11460416E+02    0.10979150E+01   -0.26660942E+00
    0.12130693E+02    0.10897560E+01   -0.26604214E+00
    0.12833179E+02    0.10816444E+01   -0.26531987E+00
    0.13567995E+02    0.10735912E+01   -0.26446537E+00
    0.14336253E+02    0.10656033E+01   -0.26349591E+00
    0.15140225E+02    0.10576715E+01   -0.26242452E+00
    0.15983659E+02    0.10497603E+01   -0.26126118E+00
    0.16872353E+02    0.10418403E+01   -0.26001140E+00
    0.17815224E+02    0.10338591E+01   -0.25867331E+00
    0.18826459E+02    0.10257309E+01   -0.25723879E+00
    0.19930383E+02    0.10173191E+01   -0.25568457E+00
    0.21174975E+02    0.10083406E+01   -0.25395804E+00
    0.22686941E+02    0.99808009E+00   -0.25190651E+00
    0.78000634E+01    0.11520579E+01   -0.26455986E+00
    0.78094713E+01    0.11518919E+01   -0.26458730E+00
    0.78843886E+01    0.11505765E+01   -0.26479882E+00
    0.80324360E+01    0.11480109E+01   -0.26518214E+00
    0.82502857E+01    0.11443123E+01   -0.26566892E+00
    0.85334924E+01    0.11396241E+01   -0.26617716E+00
    0.88769877E+01    0.11341112E+01   -0.26663287E+00
    0.92755451E+01    0.11279534E+01   -0.26697594E+00
    0.97241553E+01    0.11212917E+01   -0.26716735E+00
    0.10218289E+02    0.11142740E+01   -0.26718742E+00
    0.10754061E+02    0.11070065E+01   -0.26703106E+00
    0.11328313E+02    0.10995731E+01   -0.26670415E+00
    0.11938655E+02    0.10920469E+01   -0.26621836E+00
    0.12583484E+02    0.10844818E+01   -0.26558924E+00
    0.13262007E+02    0.10768954E+01   -0.26483195E+00
    0.13974292E+02    0.10693191E+01   -0.26396033E+00
    0.14721362E+02    0.10617509E+01   -0.26298784E+00
    0.15505378E+02    0.10541924E+01   -0.26192473E+00
    0.16329963E+02    0.10466219E+01   -0.26077652E+00
    0.17200774E+02    0.10390162E+01   -0.25954629E+00
    0.18126570E+02    0.10313139E+01   -0.25823143E+00
    0.19121346E+02    0.10234422E+01   -0.25682189E+00
    0.20209169E+02    0.10152654E+01   -0.25529498E+00
    0.21437582E+02    0.10065167E+01   -0.25359738E+00
    0.22932240E+02    0.99648145E+00   -0.25157919E+00
    0.85642773E+01    0.11391221E+01   -0.26622481E+00
    0.85728465E+01    0.11389825E+01   -0.26623783E+00
    0.86411480E+01    0.11378740E+01   -0.26633770E+00
    0.87764392E+01    0.11357033E+01   -0.26651608E+00
    0.89762503E+01    0.11325543E+01   -0.26673571E+00
    0.92372263E+01    0.11285359E+01   -0.26695069E+00
    0.95554574E+01    0.11237687E+01   -0.26711682E+00
    0.99268118E+01    0.11183803E+01   -0.26719759E+00
    0.10347224E+02    0.11124908E+01   -0.26716503E+00
    0.10812923E+02    0.11062246E+01   -0.26700474E+00
    0.11320587E+02    0.10996706E+01   -0.26670949E+00
    0.11867457E+02    0.10929100E+01   -0.26628089E+00
    0.12451399E+02    0.10860024E+01   -0.26572594E+00
    0.13070957E+02    0.10789932E+01   -0.26505283E+00
    0.13725403E+02    0.10719229E+01   -0.26427252E+00
    0.14414808E+02    0.10648136E+01   -0.26339309E+00
    0.15140157E+02    0.10576721E+01   -0.26242461E+00
    0.15903541E+02    0.10504953E+01   -0.26137305E+00
    0.16708488E+02    0.10432721E+01   -0.26024288E+00
    0.17560538E+02    0.10359776E+01   -0.25903567E+00
    0.18468308E+02    0.10285636E+01   -0.25774623E+00
    0.19445610E+02    0.10209588E+01   -0.25636533E+00
    0.20516246E+02    0.10130302E+01   -0.25486762E+00
    0.21727305E+02    0.10045177E+01   -0.25320193E+00
    0.23203307E+02    0.99472586E+00   -0.25121872E+00
    0.93406847E+01    0.11269678E+01   -0.26701540E+00
    0.93485422E+01    0.11268493E+01   -0.26701988E+00
    0.94112159E+01    0.11259067E+01   -0.26705349E+00
    0.95355875E+01    0.11240610E+01   -0.26710923E+00
    0.97198053E+01    0.11213551E+01   -0.26716636E+00
    0.99613199E+01    0.11178899E+01   -0.26719969E+00
    0.10257110E+02    0.11137342E+01   -0.26718175E+00
    0.10603921E+02    0.11090076E+01   -0.26709143E+00
    0.10998482E+02    0.11038019E+01   -0.26690949E+00
    0.11437694E+02    0.10981992E+01   -0.26662609E+00
    0.11918777E+02    0.10922873E+01   -0.26623595E+00
    0.12439376E+02    0.10861410E+01   -0.26573822E+00
    0.12997649E+02    0.10798049E+01   -0.26513660E+00
    0.13592331E+02    0.10733321E+01   -0.26443572E+00
    0.14222807E+02    0.10667629E+01   -0.26364257E+00
    0.14889199E+02    0.10601017E+01   -0.26276370E+00
    0.15592495E+02    0.10533776E+01   -0.26180412E+00
    0.16334753E+02    0.10465792E+01   -0.26076979E+00
    0.17119436E+02    0.10397090E+01   -0.25966132E+00
    0.17951992E+02    0.10327348E+01   -0.25847922E+00
    0.18840911E+02    0.10256179E+01   -0.25721834E+00
    0.19799830E+02    0.10182896E+01   -0.25586748E+00
    0.20852288E+02    0.10106199E+01   -0.25440276E+00
    0.22044893E+02    0.10023585E+01   -0.25277085E+00
    0.23500958E+02    0.99282140E+00   -0.25082563E+00
    0.10131322E+02    0.11154903E+01   -0.26719658E+00
    0.10138567E+02    0.11153886E+01   -0.26719601E+00
    0.10196385E+02    0.11145794E+01   -0.26719019E+00
    0.10311291E+02    0.11129849E+01   -0.26717227E+00
    0.10481885E+02    0.11106551E+01   -0.26713128E+00
    0.10706222E+02    0.11076437E+01   -0.26705132E+00
    0.10981967E+02    0.11040164E+01   -0.26691862E+00
    0.11306566E+02    0.10998475E+01   -0.26671912E+00
    0.11677409E+02    0.10952268E+01   -0.26644159E+00
    0.12091986E+02    0.10902144E+01   -0.26607858E+00
    0.12548009E+02    0.10848899E+01   -0.26562633E+00
    0.13043519E+02    0.10792968E+01   -0.26508426E+00
    0.13576972E+02    0.10734955E+01   -0.26445444E+00
    0.14147323E+02    0.10675351E+01   -0.26373980E+00
    0.14754102E+02    0.10614272E+01   -0.26294419E+00
    0.15397517E+02    0.10552102E+01   -0.26207329E+00
    0.16078594E+02    0.10488941E+01   -0.26112873E+00
    0.16799389E+02    0.10424740E+01   -0.26011442E+00
    0.17563325E+02    0.10359543E+01   -0.25903172E+00
    0.18375781E+02    0.10293013E+01   -0.25787770E+00
    0.19245135E+02    0.10224876E+01   -0.25664735E+00
    0.20184860E+02    0.10154436E+01   -0.25532884E+00
    0.21218228E+02    0.10080387E+01   -0.25389846E+00
    0.22391351E+02    0.10000348E+01   -0.25230268E+00
    0.23826252E+02    0.99076826E+00   -0.25039863E+00
    0.10938643E+02    0.11045792E+01   -0.26694205E+00
    0.10945354E+02    0.11044920E+01   -0.26693847E+00
    0.10998932E+02    0.11037960E+01   -0.26690924E+00
    0.11105537E+02    0.11024144E+01   -0.26684774E+00
    0.11264109E+02    0.11003847E+01   -0.26674778E+00
    0.11473161E+02    0.10977558E+01   -0.26660000E+00
    0.11730893E+02    0.10945722E+01   -0.26639744E+00
    0.12035309E+02    0.10908879E+01   -0.26613111E+00
    0.12384350E+02    0.10867765E+01   -0.26579407E+00
    0.12776008E+02    0.10822872E+01   -0.26538254E+00
    0.13208435E+02    0.10774774E+01   -0.26489458E+00
    0.13680044E+02    0.10724025E+01   -0.26432841E+00
    0.14189588E+02    0.10671032E+01   -0.26368536E+00
    0.14736248E+02    0.10616037E+01   -0.26296799E+00
    0.15319718E+02    0.10559513E+01   -0.26217975E+00
    0.15940319E+02    0.10501574E+01   -0.26132165E+00
    0.16599139E+02    0.10442302E+01   -0.26039747E+00
    0.17298257E+02    0.10381847E+01   -0.25940793E+00
    0.18041082E+02    0.10320073E+01   -0.25835278E+00
    0.18832938E+02    0.10256802E+01   -0.25722962E+00
    0.19682110E+02    0.10191719E+01   -0.25603241E+00
    0.20601913E+02    0.10124159E+01   -0.25474900E+00
    0.21615352E+02    0.10052843E+01   -0.25335473E+00
    0.22768023E+02    0.99755121E+00   -0.25179825E+00
    0.24180582E+02    0.98855327E+00   -0.24993691E+00
    0.11765673E+02    0.10941481E+01   -0.26636822E+00
    0.11771912E+02    0.10940721E+01   -0.26636294E+00
    0.11821745E+02    0.10934658E+01   -0.26632040E+00
    0.11920994E+02    0.10922604E+01   -0.26623400E+00
    0.12068856E+02    0.10904889E+01   -0.26610014E+00
    0.12264198E+02    0.10881798E+01   -0.26591350E+00
    0.12505638E+02    0.10853776E+01   -0.26567025E+00
    0.12791630E+02    0.10821114E+01   -0.26536545E+00
    0.13120566E+02    0.10784443E+01   -0.26499596E+00
    0.13490867E+02    0.10744166E+01   -0.26455899E+00
    0.13901075E+02    0.10700801E+01   -0.26405286E+00
    0.14349939E+02    0.10654651E+01   -0.26347806E+00
    0.14836494E+02    0.10606163E+01   -0.26283421E+00
    0.15360147E+02    0.10555657E+01   -0.26212446E+00
    0.15920769E+02    0.10503369E+01   -0.26134896E+00
    0.16518805E+02    0.10449413E+01   -0.26051074E+00
    0.17155424E+02    0.10394024E+01   -0.25961046E+00
    0.17832746E+02    0.10337145E+01   -0.25864838E+00
    0.18554185E+02    0.10278783E+01   -0.25762438E+00
    0.19325028E+02    0.10218760E+01   -0.25653500E+00
    0.20153476E+02    0.10156743E+01   -0.25537272E+00
    0.21052695E+02    0.10092048E+01   -0.25412637E+00
    0.22045420E+02    0.10023549E+01   -0.25277014E+00
    0.23176712E+02    0.99489627E+00   -0.25125389E+00
    0.24565783E+02    0.98619281E+00   -0.24943813E+00
    0.12616229E+02    0.10841053E+01   -0.26555470E+00
    0.12622047E+02    0.10840385E+01   -0.26554854E+00
    0.12668537E+02    0.10835058E+01   -0.26549897E+00
    0.12761202E+02    0.10824541E+01   -0.26539870E+00
    0.12899436E+02    0.10809003E+01   -0.26524681E+00
    0.13082382E+02    0.10788668E+01   -0.26503974E+00
    0.13308988E+02    0.10763871E+01   -0.26477653E+00
    0.13578070E+02    0.10734839E+01   -0.26445311E+00
    0.13888392E+02    0.10702121E+01   -0.26406887E+00
    0.14238739E+02    0.10665994E+01   -0.26362206E+00
    0.14627989E+02    0.10626762E+01   -0.26311218E+00
    0.15055196E+02    0.10584914E+01   -0.26253987E+00
    0.15519656E+02    0.10540586E+01   -0.26190498E+00
    0.16020996E+02    0.10494190E+01   -0.26120913E+00
    0.16559259E+02    0.10445818E+01   -0.26045375E+00
    0.17135025E+02    0.10395761E+01   -0.25963929E+00
    0.17749556E+02    0.10344023E+01   -0.25876699E+00
    0.18405027E+02    0.10290682E+01   -0.25783615E+00
    0.19104867E+02    0.10235698E+01   -0.25684519E+00
    0.19854341E+02    0.10178834E+01   -0.25579107E+00
    0.20661577E+02    0.10119868E+01   -0.25466653E+00
    0.21539594E+02    0.10058076E+01   -0.25345808E+00
    0.22510858E+02    0.99924623E+00   -0.25214241E+00
    0.23619868E+02    0.99206483E+00   -0.25066917E+00
    0.24984312E+02    0.98365395E+00   -0.24890126E+00
    0.13495285E+02    0.10743691E+01   -0.26455365E+00
    0.13500725E+02    0.10743107E+01   -0.26454706E+00
    0.13544199E+02    0.10738451E+01   -0.26449432E+00
    0.13630912E+02    0.10729226E+01   -0.26438862E+00
    0.13760413E+02    0.10715532E+01   -0.26422916E+00
    0.13932058E+02    0.10697581E+01   -0.26401372E+00
    0.14145057E+02    0.10675582E+01   -0.26374272E+00
    0.14398523E+02    0.10649768E+01   -0.26341447E+00
    0.14691526E+02    0.10620463E+01   -0.26302760E+00
    0.15023155E+02    0.10588014E+01   -0.26258327E+00
    0.15392582E+02    0.10552571E+01   -0.26208005E+00
    0.15799127E+02    0.10514580E+01   -0.26151856E+00
    0.16242328E+02    0.10474096E+01   -0.26089935E+00
    0.16722015E+02    0.10431532E+01   -0.26022375E+00
    0.17238404E+02    0.10386953E+01   -0.25949293E+00
    0.17792206E+02    0.10340492E+01   -0.25870611E+00
    0.18384783E+02    0.10292295E+01   -0.25786491E+00
    0.19018373E+02    0.10242393E+01   -0.25696757E+00
    0.19696432E+02    0.10190641E+01   -0.25601230E+00
    0.20424210E+02    0.10136931E+01   -0.25499559E+00
    0.21209768E+02    0.10080976E+01   -0.25391011E+00
    0.22065983E+02    0.10022167E+01   -0.25274233E+00
    0.23015044E+02    0.99594140E+00   -0.25146870E+00
    0.24100864E+02    0.98904671E+00   -0.25004026E+00
    0.25439523E+02    0.98094221E+00   -0.24832236E+00
    0.14409567E+02    0.10648662E+01   -0.26339998E+00
    0.14414662E+02    0.10648151E+01   -0.26339329E+00
    0.14455387E+02    0.10644068E+01   -0.26333980E+00
    0.14536666E+02    0.10635891E+01   -0.26323298E+00
    0.14658167E+02    0.10623767E+01   -0.26307204E+00
    0.14819417E+02    0.10607837E+01   -0.26285702E+00
    0.15019839E+02    0.10588335E+01   -0.26258776E+00
    0.15258780E+02    0.10565338E+01   -0.26226303E+00
    0.15535567E+02    0.10539096E+01   -0.26188295E+00
    0.15849545E+02    0.10509926E+01   -0.26144847E+00
    0.16200138E+02    0.10477913E+01   -0.26095843E+00
    0.16586902E+02    0.10443378E+01   -0.26041475E+00
    0.17009589E+02    0.10406536E+01   -0.25981698E+00
    0.17468220E+02    0.10367471E+01   -0.25916669E+00
    0.17963170E+02    0.10326433E+01   -0.25846336E+00
    0.18495283E+02    0.10283482E+01   -0.25770791E+00
    0.19066021E+02    0.10238706E+01   -0.25690015E+00
    0.19677688E+02    0.10192053E+01   -0.25603862E+00
    0.20333773E+02    0.10143540E+01   -0.25512180E+00
    0.21039517E+02    0.10092982E+01   -0.25414449E+00
    0.21802917E+02    0.10040022E+01   -0.25309881E+00
    0.22636707E+02    0.99841227E+00   -0.25197375E+00
    0.23562791E+02    0.99242697E+00   -0.25074431E+00
    0.24624471E+02    0.98583510E+00   -0.24936265E+00
    0.25936119E+02    0.97803276E+00   -0.24769784E+00
    0.15368618E+02    0.10554850E+01   -0.26211287E+00
    0.15373395E+02    0.10554396E+01   -0.26210633E+00
    0.15411587E+02    0.10550767E+01   -0.26205399E+00
    0.15487849E+02    0.10543570E+01   -0.26194897E+00
    0.15601944E+02    0.10532894E+01   -0.26179104E+00
    0.15753537E+02    0.10518797E+01   -0.26158162E+00
    0.15942219E+02    0.10501400E+01   -0.26131899E+00
    0.16167534E+02    0.10480867E+01   -0.26100413E+00
    0.16429018E+02    0.10457414E+01   -0.26063713E+00
    0.16726233E+02    0.10431162E+01   -0.26021779E+00
    0.17058818E+02    0.10402282E+01   -0.25974710E+00
    0.17426535E+02    0.10370968E+01   -0.25922586E+00
    0.17829327E+02    0.10337427E+01   -0.25865324E+00
    0.18267389E+02    0.10301721E+01   -0.25803159E+00
    0.18741245E+02    0.10263991E+01   -0.25735970E+00
    0.19251864E+02    0.10224360E+01   -0.25663789E+00
    0.19800806E+02    0.10182824E+01   -0.25586611E+00
    0.20390444E+02    0.10139391E+01   -0.25504271E+00
    0.21024299E+02    0.10094059E+01   -0.25416542E+00
    0.21707604E+02    0.10046521E+01   -0.25322883E+00
    0.22448295E+02    0.99965700E+00   -0.25222624E+00
    0.23258962E+02    0.99437007E+00   -0.25114519E+00
    0.24161207E+02    0.98867281E+00   -0.24996203E+00
    0.25197685E+02    0.98237705E+00   -0.24862930E+00
    0.26480956E+02    0.97490321E+00   -0.24701942E+00
    0.16386899E+02    0.10461154E+01   -0.26069644E+00
    0.16391380E+02    0.10460756E+01   -0.26069013E+00
    0.16427205E+02    0.10457575E+01   -0.26063968E+00
    0.16498773E+02    0.10451198E+01   -0.26053894E+00
    0.16605924E+02    0.10441706E+01   -0.26038789E+00
    0.16748432E+02    0.10429210E+01   -0.26018641E+00
    0.16926027E+02    0.10413770E+01   -0.25993553E+00
    0.17138414E+02    0.10395472E+01   -0.25963450E+00
    0.17385301E+02    0.10374449E+01   -0.25928437E+00
    0.17666435E+02    0.10350937E+01   -0.25888546E+00
    0.17981638E+02    0.10324922E+01   -0.25843716E+00
    0.18330853E+02    0.10296604E+01   -0.25794150E+00
    0.18714192E+02    0.10266119E+01   -0.25739812E+00
    0.19132003E+02    0.10233597E+01   -0.25680683E+00
    0.19584951E+02    0.10199063E+01   -0.25616921E+00
    0.20074121E+02    0.10162596E+01   -0.25548399E+00
    0.20601165E+02    0.10124213E+01   -0.25475004E+00
    0.21168520E+02    0.10083859E+01   -0.25396693E+00
    0.21779743E+02    0.10041603E+01   -0.25313039E+00
    0.22440056E+02    0.99971132E+00   -0.25223729E+00
    0.23157332E+02    0.99502071E+00   -0.25127955E+00
    0.23944005E+02    0.99002898E+00   -0.25024447E+00
    0.24821361E+02    0.98463668E+00   -0.24910970E+00
    0.25831365E+02    0.97864422E+00   -0.24782875E+00
    0.27084628E+02    0.97150161E+00   -0.24627729E+00
    0.17488511E+02    0.10365777E+01   -0.25913788E+00
    0.17492709E+02    0.10365426E+01   -0.25913192E+00
    0.17526284E+02    0.10362629E+01   -0.25908427E+00
    0.17593381E+02    0.10357036E+01   -0.25898910E+00
    0.17693904E+02    0.10348648E+01   -0.25884638E+00
    0.17827718E+02    0.10337560E+01   -0.25865553E+00
    0.17994664E+02    0.10323858E+01   -0.25841867E+00
    0.18194581E+02    0.10307630E+01   -0.25813491E+00
    0.18427323E+02    0.10288906E+01   -0.25780447E+00
    0.18692792E+02    0.10267805E+01   -0.25742846E+00
    0.18990968E+02    0.10244513E+01   -0.25700633E+00
    0.19321949E+02    0.10218995E+01   -0.25653933E+00
    0.19685998E+02    0.10191426E+01   -0.25602695E+00
    0.20083603E+02    0.10161896E+01   -0.25547070E+00
    0.20515552E+02    0.10130351E+01   -0.25486859E+00
    0.20983038E+02    0.10096975E+01   -0.25422218E+00
    0.21487800E+02    0.10061673E+01   -0.25352878E+00
    0.22032335E+02    0.10024430E+01   -0.25278783E+00
    0.22620228E+02    0.99852189E+00   -0.25199583E+00
    0.23256691E+02    0.99438458E+00   -0.25114819E+00
    0.23949521E+02    0.98999429E+00   -0.25023727E+00
    0.24710988E+02    0.98530701E+00   -0.24925137E+00
    0.25562033E+02    0.98021930E+00   -0.24816795E+00
    0.26543869E+02    0.97454729E+00   -0.24694129E+00
    0.27764990E+02    0.96775434E+00   -0.24545262E+00
    0.18720244E+02    0.10265643E+01   -0.25738953E+00
    0.18724166E+02    0.10265334E+01   -0.25738396E+00
    0.18755536E+02    0.10262868E+01   -0.25733940E+00
    0.18818251E+02    0.10257951E+01   -0.25725041E+00
    0.18912265E+02    0.10250616E+01   -0.25711755E+00
    0.19037517E+02    0.10240912E+01   -0.25694048E+00
    0.19193944E+02    0.10228813E+01   -0.25671941E+00
    0.19381494E+02    0.10214454E+01   -0.25645554E+00
    0.19600147E+02    0.10197914E+01   -0.25614779E+00
    0.19849937E+02    0.10179161E+01   -0.25579724E+00
    0.20130981E+02    0.10158401E+01   -0.25540424E+00
    0.20443513E+02    0.10135532E+01   -0.25496870E+00
    0.20787930E+02    0.10110776E+01   -0.25449187E+00
    0.21164844E+02    0.10084117E+01   -0.25397199E+00
    0.21575157E+02    0.10055614E+01   -0.25340957E+00
    0.22020159E+02    0.10025251E+01   -0.25280428E+00
    0.22501668E+02    0.99930654E+00   -0.25215472E+00
    0.23022235E+02    0.99589459E+00   -0.25145911E+00
    0.23585467E+02    0.99228286E+00   -0.25071446E+00
    0.24196553E+02    0.98845489E+00   -0.24991620E+00
    0.24863208E+02    0.98438447E+00   -0.24905619E+00
    0.25597509E+02    0.98001168E+00   -0.24812325E+00
    0.26420012E+02    0.97524911E+00   -0.24709528E+00
    0.27371088E+02    0.96991513E+00   -0.24592879E+00
    0.28556859E+02    0.96349432E+00   -0.24450806E+00
    0.20204768E+02    0.10152976E+01   -0.25530110E+00
    0.20208402E+02    0.10152710E+01   -0.25529605E+00
    0.20237472E+02    0.10150584E+01   -0.25525565E+00
    0.20295608E+02    0.10146335E+01   -0.25517494E+00
    0.20382809E+02    0.10139949E+01   -0.25505337E+00
    0.20499077E+02    0.10131532E+01   -0.25489145E+00
    0.20644432E+02    0.10121102E+01   -0.25469023E+00
    0.20818920E+02    0.10108565E+01   -0.25444897E+00
    0.21022628E+02    0.10094177E+01   -0.25416772E+00
    0.21255708E+02    0.10077787E+01   -0.25384684E+00
    0.21518400E+02    0.10059546E+01   -0.25348701E+00
    0.21811061E+02    0.10039466E+01   -0.25308771E+00
    0.22134208E+02    0.10017590E+01   -0.25265000E+00
    0.22488569E+02    0.99939245E+00   -0.25217227E+00
    0.22875151E+02    0.99685402E+00   -0.25165537E+00
    0.23295333E+02    0.99413770E+00   -0.25109711E+00
    0.23751004E+02    0.99123976E+00   -0.25049714E+00
    0.24244761E+02    0.98815844E+00   -0.24985366E+00
    0.24780222E+02    0.98488557E+00   -0.24916241E+00
    0.25362537E+02    0.98139670E+00   -0.24841966E+00
    0.25999312E+02    0.97766731E+00   -0.24761850E+00
    0.26702389E+02    0.97364878E+00   -0.24674636E+00
    0.27491857E+02    0.96924759E+00   -0.24578236E+00
    0.28407070E+02    0.96428784E+00   -0.24468503E+00
    0.29551299E+02    0.95828851E+00   -0.24334402E+00
