    0.22381009E-04    0.21913627E+00   -0.13925479E-03
    0.38321279E+00    0.21885292E+00   -0.40471360E-02
    0.11500409E+01    0.21793593E+00   -0.12000079E-01
    0.19180821E+01    0.21617150E+00   -0.19534091E-01
    0.26881637E+01    0.21369749E+00   -0.26385194E-01
    0.34611419E+01    0.21070683E+00   -0.32309561E-01
    0.42379147E+01    0.20743541E+00   -0.37086123E-01
    0.50194369E+01    0.20414442E+00   -0.40514014E-01
    0.58067380E+01    0.20105573E+00   -0.42592986E-01
    0.66009432E+01    0.19820984E+00   -0.43820661E-01
    0.74032998E+01    0.19558560E+00   -0.44546243E-01
    0.82152111E+01    0.19315595E+00   -0.44959976E-01
    0.90382793E+01    0.19089341E+00   -0.45172083E-01
    0.98743644E+01    0.18877297E+00   -0.45249398E-01
    0.10725663E+02    0.18677359E+00   -0.45234137E-01
    0.11594820E+02    0.18487654E+00   -0.45153581E-01
    0.12485092E+02    0.18306459E+00   -0.45025961E-01
    0.13400589E+02    0.18132226E+00   -0.44863250E-01
    0.14346662E+02    0.17963485E+00   -0.44673540E-01
    0.15330546E+02    0.17798686E+00   -0.44461853E-01
    0.16362504E+02    0.17636143E+00   -0.44230775E-01
    0.17458090E+02    0.17473753E+00   -0.43980749E-01
    0.18643216E+02    0.17308484E+00   -0.43709072E-01
    0.19968198E+02    0.17134886E+00   -0.43407587E-01
    0.21564940E+02    0.16939409E+00   -0.43051031E-01
    0.54372427E+00    0.21873553E+00   -0.57335613E-02
    0.66519781E+00    0.21861963E+00   -0.70039559E-02
    0.12720968E+01    0.21770860E+00   -0.13233452E-01
    0.19936587E+01    0.21595719E+00   -0.20241823E-01
    0.27426010E+01    0.21350124E+00   -0.26836320E-01
    0.35035895E+01    0.21053256E+00   -0.32602795E-01
    0.42726522E+01    0.20728715E+00   -0.37269124E-01
    0.50488002E+01    0.20402384E+00   -0.40613697E-01
    0.58321387E+01    0.20096050E+00   -0.42643170E-01
    0.66232988E+01    0.19813355E+00   -0.43846645E-01
    0.74232395E+01    0.19552336E+00   -0.44559647E-01
    0.82331846E+01    0.19310430E+00   -0.44966513E-01
    0.90546192E+01    0.19085019E+00   -0.45174752E-01
    0.98893230E+01    0.18873649E+00   -0.45249830E-01
    0.10739436E+02    0.18674240E+00   -0.45233303E-01
    0.11607562E+02    0.18484963E+00   -0.45152028E-01
    0.12496926E+02    0.18304130E+00   -0.45024030E-01
    0.13411615E+02    0.18130198E+00   -0.44861152E-01
    0.14356962E+02    0.17961710E+00   -0.44671385E-01
    0.15340185E+02    0.17797126E+00   -0.44459731E-01
    0.16371536E+02    0.17634761E+00   -0.44228725E-01
    0.17466555E+02    0.17472534E+00   -0.43978808E-01
    0.18651143E+02    0.17307414E+00   -0.43707259E-01
    0.19975599E+02    0.17133948E+00   -0.43405918E-01
    0.21571793E+02    0.16938601E+00   -0.43049521E-01
    0.12486099E+01    0.21775382E+00   -0.12997050E-01
    0.13060929E+01    0.21764180E+00   -0.13574875E-01
    0.16975337E+01    0.21675772E+00   -0.17431023E-01
    0.22886821E+01    0.21505808E+00   -0.22934744E-01
    0.29639924E+01    0.21267709E+00   -0.28620531E-01
    0.36794742E+01    0.20980284E+00   -0.33779842E-01
    0.44180253E+01    0.20666641E+00   -0.38004884E-01
    0.51724050E+01    0.20352264E+00   -0.41011504E-01
    0.59394640E+01    0.20056189E+00   -0.42845998E-01
    0.67179965E+01    0.19781195E+00   -0.43952622E-01
    0.75078542E+01    0.19526089E+00   -0.44614448E-01
    0.83095559E+01    0.19288693E+00   -0.44993178E-01
    0.91241175E+01    0.19066789E+00   -0.45185486E-01
    0.99529945E+01    0.18858184E+00   -0.45251361E-01
    0.10798096E+02    0.18661012E+00   -0.45229563E-01
    0.11661856E+02    0.18473564E+00   -0.45145325E-01
    0.12547372E+02    0.18294226E+00   -0.45015733E-01
    0.13458633E+02    0.18121565E+00   -0.44852166E-01
    0.14400894E+02    0.17954151E+00   -0.44662170E-01
    0.15381309E+02    0.17790475E+00   -0.44450666E-01
    0.16410075E+02    0.17628867E+00   -0.44219977E-01
    0.17502683E+02    0.17467336E+00   -0.43970522E-01
    0.18684982E+02    0.17302845E+00   -0.43699524E-01
    0.20007198E+02    0.17129947E+00   -0.43398795E-01
    0.21601057E+02    0.16935153E+00   -0.43043075E-01
    0.19589417E+01    0.21605665E+00   -0.19917568E-01
    0.19960723E+01    0.21595032E+00   -0.20264305E-01
    0.22715736E+01    0.21511277E+00   -0.22781758E-01
    0.27416221E+01    0.21350478E+00   -0.26828247E-01
    0.33262106E+01    0.21125541E+00   -0.31353929E-01
    0.39770537E+01    0.20854763E+00   -0.35625601E-01
    0.46687657E+01    0.20560319E+00   -0.39157645E-01
    0.53881536E+01    0.20266369E+00   -0.41628308E-01
    0.61282672E+01    0.19987177E+00   -0.43169356E-01
    0.68854850E+01    0.19725179E+00   -0.44124263E-01
    0.76580873E+01    0.19480041E+00   -0.44703917E-01
    0.84455400E+01    0.19250352E+00   -0.45036527E-01
    0.92481320E+01    0.19034546E+00   -0.45202354E-01
    0.10066803E+02    0.18830798E+00   -0.45252888E-01
    0.10903087E+02    0.18637525E+00   -0.45222136E-01
    0.11759137E+02    0.18453305E+00   -0.45132929E-01
    0.12637839E+02    0.18276575E+00   -0.45000654E-01
    0.13543014E+02    0.18106143E+00   -0.44835881E-01
    0.14479785E+02    0.17940595E+00   -0.44645587E-01
    0.15455196E+02    0.17778530E+00   -0.44434314E-01
    0.16479351E+02    0.17618305E+00   -0.44204268E-01
    0.17567651E+02    0.17458024E+00   -0.43955617E-01
    0.18745852E+02    0.17294635E+00   -0.43685616E-01
    0.20064057E+02    0.17122760E+00   -0.43385980E-01
    0.21653731E+02    0.16928964E+00   -0.43031474E-01
    0.26722565E+01    0.21375497E+00   -0.26252528E-01
    0.26995938E+01    0.21365644E+00   -0.26480300E-01
    0.29092179E+01    0.21288413E+00   -0.28186804E-01
    0.32893759E+01    0.21140362E+00   -0.31086991E-01
    0.37904062E+01    0.20933738E+00   -0.34489724E-01
    0.43726946E+01    0.20685974E+00   -0.37780666E-01
    0.50100774E+01    0.20418278E+00   -0.40481786E-01
    0.56864489E+01    0.20151031E+00   -0.42343323E-01
    0.63921171E+01    0.19893283E+00   -0.43558029E-01
    0.71213345E+01    0.19648088E+00   -0.44335136E-01
    0.78708197E+01    0.19416101E+00   -0.44814833E-01
    0.86389031E+01    0.19196804E+00   -0.45089767E-01
    0.94250437E+01    0.18989166E+00   -0.45221782E-01
    0.10229566E+02    0.18792083E+00   -0.45252435E-01
    0.11053542E+02    0.18604234E+00   -0.45210067E-01
    0.11898773E+02    0.18424406E+00   -0.45114230E-01
    0.12767869E+02    0.18251422E+00   -0.44978489E-01
    0.13664433E+02    0.18084123E+00   -0.44812154E-01
    0.14593412E+02    0.17921183E+00   -0.44621578E-01
    0.15561703E+02    0.17761375E+00   -0.44410682E-01
    0.16579279E+02    0.17603187E+00   -0.44181563E-01
    0.17661423E+02    0.17444648E+00   -0.43934105E-01
    0.18833759E+02    0.17282821E+00   -0.43665531E-01
    0.20146213E+02    0.17112407E+00   -0.43367464E-01
    0.21729878E+02    0.16920033E+00   -0.43014709E-01
    0.33887553E+01    0.21100221E+00   -0.31801265E-01
    0.34103540E+01    0.21091444E+00   -0.31954011E-01
    0.35785830E+01    0.21022318E+00   -0.33112354E-01
    0.38939314E+01    0.20890021E+00   -0.35128964E-01
    0.43254927E+01    0.20706095E+00   -0.37542145E-01
    0.48438792E+01    0.20486928E+00   -0.39872993E-01
    0.54261942E+01    0.20251406E+00   -0.41727799E-01
    0.60562703E+01    0.20013303E+00   -0.43050840E-01
    0.67232335E+01    0.19779430E+00   -0.43958287E-01
    0.74199807E+01    0.19553352E+00   -0.44557470E-01
    0.81420213E+01    0.19336703E+00   -0.44932392E-01
    0.88866954E+01    0.19129657E+00   -0.45144906E-01
    0.96526761E+01    0.18931910E+00   -0.45239426E-01
    0.10439671E+02    0.18742885E+00   -0.45247573E-01
    0.11248267E+02    0.18561691E+00   -0.45191970E-01
    0.12079881E+02    0.18387435E+00   -0.45088566E-01
    0.12936815E+02    0.18219112E+00   -0.44948861E-01
    0.13822425E+02    0.18055664E+00   -0.44780811E-01
    0.14741451E+02    0.17896160E+00   -0.44589942E-01
    0.15700615E+02    0.17739244E+00   -0.44379740E-01
    0.16709734E+02    0.17583625E+00   -0.44151832E-01
    0.17783941E+02    0.17427270E+00   -0.43906023E-01
    0.18948698E+02    0.17267476E+00   -0.43639262E-01
    0.20253706E+02    0.17098930E+00   -0.43343257E-01
    0.21829574E+02    0.16908351E+00   -0.42992786E-01
    0.41090790E+01    0.20798532E+00   -0.36383621E-01
    0.41269096E+01    0.20790912E+00   -0.36483080E-01
    0.42669807E+01    0.20731140E+00   -0.37239441E-01
    0.45347072E+01    0.20617053E+00   -0.38559855E-01
    0.49102703E+01    0.20459355E+00   -0.40124491E-01
    0.53725258E+01    0.20272547E+00   -0.41586672E-01
    0.59029189E+01    0.20069719E+00   -0.42778584E-01
    0.64868542E+01    0.19860269E+00   -0.43681687E-01
    0.71135601E+01    0.19650595E+00   -0.44328712E-01
    0.77754087E+01    0.19444570E+00   -0.44767276E-01
    0.84671943E+01    0.19244309E+00   -0.45042966E-01
    0.91855443E+01    0.19050784E+00   -0.45194168E-01
    0.99284955E+01    0.18864123E+00   -0.45250829E-01
    0.10695214E+02    0.18684269E+00   -0.45235926E-01
    0.11485834E+02    0.18510729E+00   -0.45166469E-01
    0.12301398E+02    0.18342870E+00   -0.45055158E-01
    0.13143898E+02    0.18179929E+00   -0.44911338E-01
    0.14016430E+02    0.18021150E+00   -0.44741651E-01
    0.14923513E+02    0.17865645E+00   -0.44550770E-01
    0.15871678E+02    0.17712258E+00   -0.44341503E-01
    0.16870568E+02    0.17559635E+00   -0.44115191E-01
    0.17935145E+02    0.17405983E+00   -0.43871379E-01
    0.19090679E+02    0.17248637E+00   -0.43606832E-01
    0.20386600E+02    0.17082355E+00   -0.43313378E-01
    0.21952930E+02    0.16893963E+00   -0.42965736E-01
    0.48340304E+01    0.20491016E+00   -0.39834775E-01
    0.48491960E+01    0.20484724E+00   -0.39893524E-01
    0.49689480E+01    0.20435127E+00   -0.40337551E-01
    0.52006624E+01    0.20340896E+00   -0.41097655E-01
    0.55311910E+01    0.20210602E+00   -0.41989339E-01
    0.59453640E+01    0.20054007E+00   -0.42856737E-01
    0.64286679E+01    0.19880521E+00   -0.43606686E-01
    0.69686869E+01    0.19697757E+00   -0.44202525E-01
    0.75555315E+01    0.19511369E+00   -0.44643919E-01
    0.81817053E+01    0.19325251E+00   -0.44947538E-01
    0.88417588E+01    0.19141698E+00   -0.45135901E-01
    0.95319223E+01    0.18962126E+00   -0.45231056E-01
    0.10249797E+02    0.18787300E+00   -0.45252165E-01
    0.10994131E+02    0.18617314E+00   -0.45215018E-01
    0.11764680E+02    0.18452151E+00   -0.45132205E-01
    0.12562154E+02    0.18291331E+00   -0.45013285E-01
    0.13388255E+02    0.18134496E+00   -0.44865594E-01
    0.14245828E+02    0.17980950E+00   -0.44694507E-01
    0.15139173E+02    0.17829988E+00   -0.44503877E-01
    0.16074622E+02    0.17680468E+00   -0.44295881E-01
    0.17061635E+02    0.17531353E+00   -0.44071530E-01
    0.18114987E+02    0.17380895E+00   -0.43830050E-01
    0.19259734E+02    0.17226312E+00   -0.43568293E-01
    0.20544994E+02    0.17062672E+00   -0.43277817E-01
    0.22100101E+02    0.16876925E+00   -0.42933579E-01
    0.55645216E+01    0.20197726E+00   -0.42068550E-01
    0.55777013E+01    0.20192641E+00   -0.42099366E-01
    0.56821206E+01    0.20152678E+00   -0.42333951E-01
    0.58858253E+01    0.20076055E+00   -0.42746479E-01
    0.61798159E+01    0.19968589E+00   -0.43250738E-01
    0.65531217E+01    0.19837405E+00   -0.43763716E-01
    0.69945565E+01    0.19689288E+00   -0.44226003E-01
    0.74939073E+01    0.19530405E+00   -0.44605635E-01
    0.80425187E+01    0.19365529E+00   -0.44892119E-01
    0.86334437E+01    0.19198296E+00   -0.45088395E-01
    0.92613578E+01    0.19031133E+00   -0.45204003E-01
    0.99223784E+01    0.18865608E+00   -0.45250685E-01
    0.10613877E+02    0.18702832E+00   -0.45240314E-01
    0.11334327E+02    0.18543108E+00   -0.45183152E-01
    0.12083201E+02    0.18386762E+00   -0.45088080E-01
    0.12860939E+02    0.18233580E+00   -0.44962258E-01
    0.13668995E+02    0.18083298E+00   -0.44811256E-01
    0.14509985E+02    0.17935413E+00   -0.44639230E-01
    0.15388002E+02    0.17789393E+00   -0.44449189E-01
    0.16309186E+02    0.17644315E+00   -0.44242875E-01
    0.17282808E+02    0.17499090E+00   -0.44020893E-01
    0.18323449E+02    0.17352073E+00   -0.43782280E-01
    0.19455935E+02    0.17200723E+00   -0.43523725E-01
    0.20729034E+02    0.17039996E+00   -0.43236588E-01
    0.22271294E+02    0.16857214E+00   -0.42896272E-01
    0.63015714E+01    0.19925177E+00   -0.43432234E-01
    0.63132126E+01    0.19921065E+00   -0.43448833E-01
    0.64056534E+01    0.19888550E+00   -0.43576190E-01
    0.65870206E+01    0.19825751E+00   -0.43804278E-01
    0.68509872E+01    0.19736607E+00   -0.44090454E-01
    0.71895275E+01    0.19626217E+00   -0.44390043E-01
    0.75940584E+01    0.19499546E+00   -0.44666962E-01
    0.80563359E+01    0.19361508E+00   -0.44897909E-01
    0.85690144E+01    0.19216007E+00   -0.45071645E-01
    0.91259110E+01    0.19066321E+00   -0.45185750E-01
    0.97220703E+01    0.18914723E+00   -0.45243255E-01
    0.10353719E+02    0.18762893E+00   -0.45250110E-01
    0.11018180E+02    0.18612009E+00   -0.45213044E-01
    0.11713790E+02    0.18462742E+00   -0.45138779E-01
    0.12439841E+02    0.18315383E+00   -0.45033288E-01
    0.13196577E+02    0.18170065E+00   -0.44901636E-01
    0.13985253E+02    0.18026662E+00   -0.44747968E-01
    0.14808294E+02    0.17884909E+00   -0.44575592E-01
    0.15669605E+02    0.17744159E+00   -0.44386673E-01
    0.16575145E+02    0.17603809E+00   -0.44182505E-01
    0.17534006E+02    0.17462841E+00   -0.43963336E-01
    0.18560568E+02    0.17319655E+00   -0.43727981E-01
    0.19679413E+02    0.17171791E+00   -0.43472977E-01
    0.20938929E+02    0.17014387E+00   -0.43189771E-01
    0.22466785E+02    0.16834846E+00   -0.42853797E-01
    0.70463215E+01    0.19672407E+00   -0.44271753E-01
    0.70567343E+01    0.19669017E+00   -0.44280746E-01
    0.71395546E+01    0.19642224E+00   -0.44350059E-01
    0.73027177E+01    0.19590217E+00   -0.44475668E-01
    0.75416756E+01    0.19515639E+00   -0.44635463E-01
    0.78504872E+01    0.19422150E+00   -0.44804981E-01
    0.82225645E+01    0.19313480E+00   -0.44962662E-01
    0.86513232E+01    0.19193410E+00   -0.45092863E-01
    0.91306545E+01    0.19065085E+00   -0.45186444E-01
    0.96552109E+01    0.18931280E+00   -0.45239578E-01
    0.10220543E+02    0.18794219E+00   -0.45252540E-01
    0.10823139E+02    0.18655390E+00   -0.45227876E-01
    0.11460416E+02    0.18516124E+00   -0.45169366E-01
    0.12130693E+02    0.18377142E+00   -0.45081094E-01
    0.12833179E+02    0.18238885E+00   -0.44967122E-01
    0.13567995E+02    0.18101599E+00   -0.44831028E-01
    0.14336253E+02    0.17965280E+00   -0.44675715E-01
    0.15140225E+02    0.17829815E+00   -0.44503647E-01
    0.15983659E+02    0.17694656E+00   -0.44316393E-01
    0.16872353E+02    0.17559370E+00   -0.44114784E-01
    0.17815224E+02    0.17422852E+00   -0.43898862E-01
    0.18826459E+02    0.17283799E+00   -0.43667199E-01
    0.19930383E+02    0.17139685E+00   -0.43416119E-01
    0.21174975E+02    0.16985880E+00   -0.43137309E-01
    0.22686941E+02    0.16809934E+00   -0.42806136E-01
    0.78000634E+01    0.19437185E+00   -0.44779888E-01
    0.78094713E+01    0.19434374E+00   -0.44784641E-01
    0.78843886E+01    0.19412067E+00   -0.44821323E-01
    0.80324360E+01    0.19368469E+00   -0.44887855E-01
    0.82502857E+01    0.19305535E+00   -0.44972639E-01
    0.85334924E+01    0.19225865E+00   -0.45061951E-01
    0.88769877E+01    0.19132258E+00   -0.45142993E-01
    0.92755451E+01    0.19027475E+00   -0.45205736E-01
    0.97241553E+01    0.18914209E+00   -0.45243360E-01
    0.10218289E+02    0.18794752E+00   -0.45252565E-01
    0.10754061E+02    0.18670934E+00   -0.45232398E-01
    0.11328313E+02    0.18544402E+00   -0.45183784E-01
    0.11938655E+02    0.18416217E+00   -0.45108729E-01
    0.12583484E+02    0.18287161E+00   -0.45009740E-01
    0.13262007E+02    0.18157865E+00   -0.44889445E-01
    0.13974292E+02    0.18028604E+00   -0.44750190E-01
    0.14721362E+02    0.17899550E+00   -0.44594248E-01
    0.15505378E+02    0.17770431E+00   -0.44423179E-01
    0.16329963E+02    0.17641129E+00   -0.44238162E-01
    0.17200774E+02    0.17510996E+00   -0.44039668E-01
    0.18126570E+02    0.17379288E+00   -0.43827397E-01
    0.19121346E+02    0.17244576E+00   -0.43599833E-01
    0.20209169E+02    0.17104504E+00   -0.43353283E-01
    0.21437582E+02    0.16954517E+00   -0.43079092E-01
    0.22932240E+02    0.16782374E+00   -0.42753312E-01
    0.85642773E+01    0.19217318E+00   -0.45070372E-01
    0.85728465E+01    0.19214946E+00   -0.45072671E-01
    0.86411480E+01    0.19196190E+00   -0.45090330E-01
    0.87764392E+01    0.19159295E+00   -0.45122074E-01
    0.89762503E+01    0.19105778E+00   -0.45161536E-01
    0.92372263E+01    0.19037365E+00   -0.45200972E-01
    0.95554574E+01    0.18956206E+00   -0.45232856E-01
    0.99268118E+01    0.18864532E+00   -0.45250790E-01
    0.10347224E+02    0.18764410E+00   -0.45250268E-01
    0.10812923E+02    0.18657682E+00   -0.45228571E-01
    0.11320587E+02    0.18546066E+00   -0.45184593E-01
    0.11867457E+02    0.18430852E+00   -0.45118500E-01
    0.12451399E+02    0.18313101E+00   -0.45031425E-01
    0.13070957E+02    0.18193654E+00   -0.44924696E-01
    0.13725403E+02    0.18073103E+00   -0.44800104E-01
    0.14414808E+02    0.17951760E+00   -0.44659247E-01
    0.15140157E+02    0.17829827E+00   -0.44503662E-01
    0.15903541E+02    0.17707244E+00   -0.44334375E-01
    0.16708488E+02    0.17583812E+00   -0.44152116E-01
    0.17560538E+02    0.17459041E+00   -0.43957249E-01
    0.18468308E+02    0.17332195E+00   -0.43749097E-01
    0.19445610E+02    0.17202066E+00   -0.43526071E-01
    0.20516246E+02    0.17066234E+00   -0.43284269E-01
    0.21727305E+02    0.16920335E+00   -0.43015275E-01
    0.23203307E+02    0.16752275E+00   -0.42695217E-01
    0.93406847E+01    0.19010695E+00   -0.45213172E-01
    0.93485422E+01    0.19008675E+00   -0.45214015E-01
    0.94112159E+01    0.18992674E+00   -0.45220438E-01
    0.95355875E+01    0.18961203E+00   -0.45231342E-01
    0.97198053E+01    0.18915283E+00   -0.45243141E-01
    0.99613199E+01    0.18856169E+00   -0.45251526E-01
    0.10257110E+02    0.18785574E+00   -0.45252056E-01
    0.10603921E+02    0.18705112E+00   -0.45240809E-01
    0.10998482E+02    0.18616353E+00   -0.45214664E-01
    0.11437694E+02    0.18520960E+00   -0.45171923E-01
    0.11918777E+02    0.18420296E+00   -0.45111480E-01
    0.12439376E+02    0.18315475E+00   -0.45033363E-01
    0.12997649E+02    0.18207536E+00   -0.44937991E-01
    0.13592331E+02    0.18097181E+00   -0.44826287E-01
    0.14222807E+02    0.17984958E+00   -0.44699276E-01
    0.14889199E+02    0.17871366E+00   -0.44558177E-01
    0.15592495E+02    0.17756444E+00   -0.44403846E-01
    0.16334753E+02    0.17640394E+00   -0.44237075E-01
    0.17119436E+02    0.17522863E+00   -0.44058298E-01
    0.17951992E+02    0.17403621E+00   -0.43867506E-01
    0.18840911E+02    0.17281863E+00   -0.43663896E-01
    0.19799830E+02    0.17156335E+00   -0.43445662E-01
    0.20852288E+02    0.17024927E+00   -0.43209089E-01
    0.22044893E+02    0.16883302E+00   -0.42945630E-01
    0.23500958E+02    0.16719631E+00   -0.42631780E-01
    0.10131322E+02    0.18815406E+00   -0.45253072E-01
    0.10138567E+02    0.18813682E+00   -0.45253063E-01
    0.10196385E+02    0.18799944E+00   -0.45252774E-01
    0.10311291E+02    0.18772824E+00   -0.45251073E-01
    0.10481885E+02    0.18733117E+00   -0.45246048E-01
    0.10706222E+02    0.18681768E+00   -0.45235288E-01
    0.10981967E+02    0.18620004E+00   -0.45216002E-01
    0.11306566E+02    0.18549088E+00   -0.45186050E-01
    0.11677409E+02    0.18470318E+00   -0.45143380E-01
    0.12091986E+02    0.18384982E+00   -0.45086792E-01
    0.12548009E+02    0.18294101E+00   -0.45015628E-01
    0.13043519E+02    0.18198840E+00   -0.44929695E-01
    0.13576972E+02    0.18099968E+00   -0.44829281E-01
    0.14147323E+02    0.17998143E+00   -0.44714905E-01
    0.14754102E+02    0.17894027E+00   -0.44587228E-01
    0.15397517E+02    0.17787855E+00   -0.44447086E-01
    0.16078594E+02    0.17679852E+00   -0.44294983E-01
    0.16799389E+02    0.17570222E+00   -0.44131422E-01
    0.17563325E+02    0.17458642E+00   -0.43956610E-01
    0.18375781E+02    0.17344871E+00   -0.43770284E-01
    0.19245135E+02    0.17228230E+00   -0.43571615E-01
    0.20184860E+02    0.17107552E+00   -0.43358757E-01
    0.21218228E+02    0.16980694E+00   -0.43127706E-01
    0.22391351E+02    0.16843441E+00   -0.42870162E-01
    0.23826252E+02    0.16684339E+00   -0.42562862E-01
    0.10938643E+02    0.18629613E+00   -0.45219425E-01
    0.10945354E+02    0.18628122E+00   -0.45218903E-01
    0.10998932E+02    0.18616253E+00   -0.45214627E-01
    0.11105537E+02    0.18592828E+00   -0.45205512E-01
    0.11264109E+02    0.18558260E+00   -0.45190383E-01
    0.11473161E+02    0.18513417E+00   -0.45167918E-01
    0.11730893E+02    0.18459183E+00   -0.45136588E-01
    0.12035309E+02    0.18396478E+00   -0.45095049E-01
    0.12384350E+02    0.18326372E+00   -0.45042144E-01
    0.12776008E+02    0.18249855E+00   -0.44977079E-01
    0.13208435E+02    0.18167850E+00   -0.44899441E-01
    0.13680044E+02    0.18081299E+00   -0.44809076E-01
    0.14189588E+02    0.17990753E+00   -0.44706158E-01
    0.14736248E+02    0.17897038E+00   -0.44591058E-01
    0.15319718E+02    0.17800441E+00   -0.44464235E-01
    0.15940319E+02    0.17701459E+00   -0.44326131E-01
    0.16599139E+02    0.17600201E+00   -0.44177038E-01
    0.17298257E+02    0.17496852E+00   -0.44017358E-01
    0.18041082E+02    0.17391170E+00   -0.43847010E-01
    0.18832938E+02    0.17282931E+00   -0.43665719E-01
    0.19682110E+02    0.17171444E+00   -0.43472365E-01
    0.20601913E+02    0.17055635E+00   -0.43265047E-01
    0.21615352E+02    0.16933472E+00   -0.43039927E-01
    0.22768023E+02    0.16800786E+00   -0.42788618E-01
    0.24180582E+02    0.16646421E+00   -0.42488451E-01
    0.11765673E+02    0.18451945E+00   -0.45132075E-01
    0.11771912E+02    0.18450646E+00   -0.45131258E-01
    0.11821745E+02    0.18440297E+00   -0.45124656E-01
    0.11920994E+02    0.18419841E+00   -0.45111174E-01
    0.12068856E+02    0.18389669E+00   -0.45090178E-01
    0.12264198E+02    0.18350285E+00   -0.45060934E-01
    0.12505638E+02    0.18302417E+00   -0.45022604E-01
    0.12791630E+02    0.18246851E+00   -0.44974367E-01
    0.13120566E+02    0.18184310E+00   -0.44915617E-01
    0.13490867E+02    0.18115661E+00   -0.44845967E-01
    0.13901075E+02    0.18041617E+00   -0.44765020E-01
    0.14349939E+02    0.17962920E+00   -0.44672855E-01
    0.14836494E+02    0.17880179E+00   -0.44569529E-01
    0.15360147E+02    0.17793896E+00   -0.44455334E-01
    0.15920769E+02    0.17704533E+00   -0.44330516E-01
    0.16518805E+02    0.17612316E+00   -0.44195316E-01
    0.17155424E+02    0.17517602E+00   -0.44050055E-01
    0.17832746E+02    0.17420381E+00   -0.43894852E-01
    0.18554185E+02    0.17320519E+00   -0.43729442E-01
    0.19325028E+02    0.17217768E+00   -0.43553454E-01
    0.20153476E+02    0.17111494E+00   -0.43365828E-01
    0.21052695E+02    0.17000609E+00   -0.43164448E-01
    0.22045420E+02    0.16883241E+00   -0.42945515E-01
    0.23176712E+02    0.16755214E+00   -0.42700914E-01
    0.24565783E+02    0.16605703E+00   -0.42408009E-01
    0.12616229E+02    0.18280777E+00   -0.45004275E-01
    0.12622047E+02    0.18279645E+00   -0.45003301E-01
    0.12668537E+02    0.18270618E+00   -0.44995484E-01
    0.12761202E+02    0.18252707E+00   -0.44979642E-01
    0.12899436E+02    0.18226237E+00   -0.44955480E-01
    0.13082382E+02    0.18191499E+00   -0.44922609E-01
    0.13308988E+02    0.18149141E+00   -0.44880599E-01
    0.13578070E+02    0.18099769E+00   -0.44829067E-01
    0.13888392E+02    0.18043878E+00   -0.44767580E-01
    0.14238739E+02    0.17982183E+00   -0.44695976E-01
    0.14627989E+02    0.17915325E+00   -0.44614215E-01
    0.15055196E+02    0.17843817E+00   -0.44522207E-01
    0.15519656E+02    0.17768131E+00   -0.44420010E-01
    0.16020996E+02    0.17688816E+00   -0.44307985E-01
    0.16559259E+02    0.17606202E+00   -0.44186121E-01
    0.17135025E+02    0.17520582E+00   -0.44054728E-01
    0.17749556E+02    0.17432135E+00   -0.43913899E-01
    0.18405027E+02    0.17340855E+00   -0.43763584E-01
    0.19104867E+02    0.17246758E+00   -0.43603594E-01
    0.19854341E+02    0.17149368E+00   -0.43433310E-01
    0.20661577E+02    0.17048281E+00   -0.43251675E-01
    0.21539594E+02    0.16942404E+00   -0.43056613E-01
    0.22510858E+02    0.16829847E+00   -0.42844249E-01
    0.23619868E+02    0.16706663E+00   -0.42606557E-01
    0.24984312E+02    0.16562156E+00   -0.42321481E-01
    0.13495285E+02    0.18114853E+00   -0.44845115E-01
    0.13500725E+02    0.18113858E+00   -0.44844065E-01
    0.13544199E+02    0.18105927E+00   -0.44835652E-01
    0.13630912E+02    0.18090190E+00   -0.44818742E-01
    0.13760413E+02    0.18066793E+00   -0.44793156E-01
    0.13932058E+02    0.18036102E+00   -0.44758753E-01
    0.14145057E+02    0.17998540E+00   -0.44715373E-01
    0.14398523E+02    0.17954559E+00   -0.44662668E-01
    0.14691526E+02    0.17904588E+00   -0.44600638E-01
    0.15023155E+02    0.17849109E+00   -0.44529177E-01
    0.15392582E+02    0.17788653E+00   -0.44448177E-01
    0.15799127E+02    0.17723687E+00   -0.44357708E-01
    0.16242328E+02    0.17654582E+00   -0.44258004E-01
    0.16722015E+02    0.17581786E+00   -0.44149036E-01
    0.17238404E+02    0.17505529E+00   -0.44031053E-01
    0.17792206E+02    0.17426102E+00   -0.43904131E-01
    0.18384783E+02    0.17343634E+00   -0.43768221E-01
    0.19018373E+02    0.17258220E+00   -0.43623343E-01
    0.19696432E+02    0.17169602E+00   -0.43469116E-01
    0.20424210E+02    0.17077672E+00   -0.43304930E-01
    0.21209768E+02    0.16981707E+00   -0.43129585E-01
    0.22065983E+02    0.16880864E+00   -0.42941025E-01
    0.23015044E+02    0.16773145E+00   -0.42735559E-01
    0.24100864E+02    0.16654904E+00   -0.42505145E-01
    0.25439523E+02    0.16515563E+00   -0.42228242E-01
    0.14409567E+02    0.17952660E+00   -0.44660348E-01
    0.14414662E+02    0.17951785E+00   -0.44659277E-01
    0.14455387E+02    0.17944786E+00   -0.44650717E-01
    0.14536666E+02    0.17930845E+00   -0.44633602E-01
    0.14658167E+02    0.17910223E+00   -0.44607772E-01
    0.14819417E+02    0.17883042E+00   -0.44573201E-01
    0.15019839E+02    0.17849657E+00   -0.44529898E-01
    0.15258780E+02    0.17810354E+00   -0.44477633E-01
    0.15535567E+02    0.17765571E+00   -0.44416480E-01
    0.15849545E+02    0.17715743E+00   -0.44346448E-01
    0.16200138E+02    0.17661073E+00   -0.44267530E-01
    0.16586902E+02    0.17602040E+00   -0.44179826E-01
    0.17009589E+02    0.17539038E+00   -0.44083432E-01
    0.17468220E+02    0.17472294E+00   -0.43978426E-01
    0.17963170E+02    0.17402056E+00   -0.43864935E-01
    0.18495283E+02    0.17328517E+00   -0.43742923E-01
    0.19066021E+02    0.17251904E+00   -0.43612462E-01
    0.19677688E+02    0.17172013E+00   -0.43473368E-01
    0.20333773E+02    0.17088937E+00   -0.43325249E-01
    0.21039517E+02    0.17002202E+00   -0.43167376E-01
    0.21802917E+02    0.16911472E+00   -0.42998644E-01
    0.22636707E+02    0.16815612E+00   -0.42817006E-01
    0.23562791E+02    0.16712885E+00   -0.42618663E-01
    0.24624471E+02    0.16599571E+00   -0.42395825E-01
    0.25936119E+02    0.16465592E+00   -0.42127570E-01
    0.15368618E+02    0.17792527E+00   -0.44453466E-01
    0.15373395E+02    0.17791754E+00   -0.44452413E-01
    0.15411587E+02    0.17785580E+00   -0.44443975E-01
    0.15487849E+02    0.17773257E+00   -0.44427069E-01
    0.15601944E+02    0.17754933E+00   -0.44401747E-01
    0.15753537E+02    0.17730879E+00   -0.44367898E-01
    0.15942219E+02    0.17701161E+00   -0.44325705E-01
    0.16167534E+02    0.17666098E+00   -0.44274890E-01
    0.16429018E+02    0.17625974E+00   -0.44215680E-01
    0.16726233E+02    0.17581155E+00   -0.44148076E-01
    0.17058818E+02    0.17531768E+00   -0.44072174E-01
    0.17426535E+02    0.17478304E+00   -0.43987984E-01
    0.17829327E+02    0.17420863E+00   -0.43895634E-01
    0.18267389E+02    0.17359808E+00   -0.43795138E-01
    0.18741245E+02    0.17295256E+00   -0.43686668E-01
    0.19251864E+02    0.17227345E+00   -0.43570083E-01
    0.19800806E+02    0.17156210E+00   -0.43445440E-01
    0.20390444E+02    0.17081877E+00   -0.43312514E-01
    0.21024299E+02    0.17004042E+00   -0.43170760E-01
    0.21707604E+02    0.16922645E+00   -0.43019611E-01
    0.22448295E+02    0.16836947E+00   -0.42857805E-01
    0.23258962E+02    0.16746135E+00   -0.42683302E-01
    0.24161207E+02    0.16648480E+00   -0.42492508E-01
    0.25197685E+02    0.16540216E+00   -0.42277668E-01
    0.26480956E+02    0.16411754E+00   -0.42018365E-01
    0.16386899E+02    0.17632410E+00   -0.44225237E-01
    0.16391380E+02    0.17631725E+00   -0.44224220E-01
    0.16427205E+02    0.17626251E+00   -0.44216091E-01
    0.16498773E+02    0.17615354E+00   -0.44199862E-01
    0.16605924E+02    0.17599182E+00   -0.44175491E-01
    0.16748432E+02    0.17577833E+00   -0.44143024E-01
    0.16926027E+02    0.17551413E+00   -0.44102527E-01
    0.17138414E+02    0.17520087E+00   -0.44053952E-01
    0.17385301E+02    0.17484261E+00   -0.43997433E-01
    0.17666435E+02    0.17443934E+00   -0.43932955E-01
    0.17981638E+02    0.17399471E+00   -0.43860686E-01
    0.18330853E+02    0.17351053E+00   -0.43780582E-01
    0.18714192E+02    0.17298904E+00   -0.43692849E-01
    0.19132003E+02    0.17243165E+00   -0.43597401E-01
    0.19584951E+02    0.17183978E+00   -0.43494413E-01
    0.20074121E+02    0.17121490E+00   -0.43383712E-01
    0.20601165E+02    0.17055727E+00   -0.43265215E-01
    0.21168520E+02    0.16986655E+00   -0.43138741E-01
    0.21779743E+02    0.16914187E+00   -0.43003739E-01
    0.22440056E+02    0.16837885E+00   -0.42859592E-01
    0.23157332E+02    0.16757358E+00   -0.42705067E-01
    0.23944005E+02    0.16671697E+00   -0.42538049E-01
    0.24821361E+02    0.16579049E+00   -0.42355083E-01
    0.25831365E+02    0.16476076E+00   -0.42148714E-01
    0.27084628E+02    0.16353255E+00   -0.41898882E-01
    0.17488511E+02    0.17469373E+00   -0.43973772E-01
    0.17492709E+02    0.17468770E+00   -0.43972810E-01
    0.17526284E+02    0.17463948E+00   -0.43965108E-01
    0.17593381E+02    0.17454346E+00   -0.43949714E-01
    0.17693904E+02    0.17440029E+00   -0.43926655E-01
    0.17827718E+02    0.17421090E+00   -0.43896003E-01
    0.17994664E+02    0.17397649E+00   -0.43857689E-01
    0.18194581E+02    0.17369871E+00   -0.43811825E-01
    0.18427323E+02    0.17337799E+00   -0.43758479E-01
    0.18692792E+02    0.17301791E+00   -0.43697739E-01
    0.18990968E+02    0.17261858E+00   -0.43629603E-01
    0.19321949E+02    0.17218170E+00   -0.43554153E-01
    0.19685998E+02    0.17170944E+00   -0.43471483E-01
    0.20083603E+02    0.17120293E+00   -0.43381575E-01
    0.20515552E+02    0.17066320E+00   -0.43284424E-01
    0.20983038E+02    0.17009037E+00   -0.43179943E-01
    0.21487800E+02    0.16948544E+00   -0.43068021E-01
    0.22032335E+02    0.16884755E+00   -0.42948373E-01
    0.22620228E+02    0.16817475E+00   -0.42820574E-01
    0.23256691E+02    0.16746385E+00   -0.42683788E-01
    0.23949521E+02    0.16671105E+00   -0.42536890E-01
    0.24710988E+02    0.16590546E+00   -0.42377900E-01
    0.25562033E+02    0.16503170E+00   -0.42203299E-01
    0.26543869E+02    0.16405597E+00   -0.42005844E-01
    0.27764990E+02    0.16288704E+00   -0.41766180E-01
    0.18720244E+02    0.17298087E+00   -0.43691466E-01
    0.18724166E+02    0.17297558E+00   -0.43690570E-01
    0.18755536E+02    0.17293331E+00   -0.43683404E-01
    0.18818251E+02    0.17284900E+00   -0.43669075E-01
    0.18912265E+02    0.17272329E+00   -0.43647588E-01
    0.19037517E+02    0.17255681E+00   -0.43618971E-01
    0.19193944E+02    0.17234975E+00   -0.43583274E-01
    0.19381494E+02    0.17210409E+00   -0.43540633E-01
    0.19600147E+02    0.17182014E+00   -0.43490963E-01
    0.19849937E+02    0.17149930E+00   -0.43434307E-01
    0.20130981E+02    0.17114323E+00   -0.43370897E-01
    0.20443513E+02    0.17075270E+00   -0.43300596E-01
    0.20787930E+02    0.17032784E+00   -0.43223441E-01
    0.21164844E+02    0.16987096E+00   -0.43139557E-01
    0.21575157E+02    0.16938204E+00   -0.43048780E-01
    0.22020159E+02    0.16886164E+00   -0.42951033E-01
    0.22501668E+02    0.16830888E+00   -0.42846240E-01
    0.23022235E+02    0.16772345E+00   -0.42734017E-01
    0.23585467E+02    0.16710412E+00   -0.42613853E-01
    0.24196553E+02    0.16644725E+00   -0.42485108E-01
    0.24863208E+02    0.16574700E+00   -0.42346444E-01
    0.25597509E+02    0.16499592E+00   -0.42196090E-01
    0.26420012E+02    0.16417720E+00   -0.42030497E-01
    0.27371088E+02    0.16325896E+00   -0.41842723E-01
    0.28556859E+02    0.16215337E+00   -0.41614222E-01
    0.20204768E+02    0.17105055E+00   -0.43354274E-01
    0.20208402E+02    0.17104600E+00   -0.43353455E-01
    0.20237472E+02    0.17100960E+00   -0.43346911E-01
    0.20295608E+02    0.17093697E+00   -0.43333831E-01
    0.20382809E+02    0.17082828E+00   -0.43314230E-01
    0.20499077E+02    0.17068365E+00   -0.43288122E-01
    0.20644432E+02    0.17050392E+00   -0.43255516E-01
    0.20818920E+02    0.17028998E+00   -0.43216529E-01
    0.21022628E+02    0.17004244E+00   -0.43171131E-01
    0.21255708E+02    0.16976210E+00   -0.43119381E-01
    0.21518400E+02    0.16944913E+00   -0.43061281E-01
    0.21811061E+02    0.16910518E+00   -0.42996854E-01
    0.22134208E+02    0.16872992E+00   -0.42926139E-01
    0.22488569E+02    0.16832373E+00   -0.42849077E-01
    0.22875151E+02    0.16788757E+00   -0.42765564E-01
    0.23295333E+02    0.16742131E+00   -0.42675526E-01
    0.23751004E+02    0.16692441E+00   -0.42578772E-01
    0.24244761E+02    0.16639610E+00   -0.42475018E-01
    0.24780222E+02    0.16583331E+00   -0.42363581E-01
    0.25362537E+02    0.16523387E+00   -0.42243953E-01
    0.25999312E+02    0.16459290E+00   -0.42114835E-01
    0.26702389E+02    0.16390110E+00   -0.41974315E-01
    0.27491857E+02    0.16314460E+00   -0.41819185E-01
    0.28407070E+02    0.16229056E+00   -0.41642750E-01
    0.29551299E+02    0.16125771E+00   -0.41427116E-01
