    0.20792118E-04   -0.92066967E-09    0.51216903E-10
    0.35600744E+00    0.50067717E-08    0.57806863E-06
    0.10683963E+01    0.44459537E-07    0.17323597E-05
    0.17819121E+01    0.12031938E-06    0.28814988E-05
    0.24973235E+01    0.22650352E-06    0.40232319E-05
    0.32154258E+01    0.35392969E-06    0.51569902E-05
    0.39370533E+01    0.49050167E-06    0.62843370E-05
    0.46630930E+01    0.62156791E-06    0.74090608E-05
    0.53945014E+01    0.74308151E-06    0.85354129E-05
    0.61323237E+01    0.86084294E-06    0.96660713E-05
    0.68777188E+01    0.97790072E-06    0.10803601E-04
    0.76319902E+01    0.10959005E-05    0.11950308E-04
    0.83966266E+01    0.12158604E-05    0.13108831E-04
    0.91733556E+01    0.13385340E-05    0.14281915E-04
    0.99642181E+01    0.14645759E-05    0.15472659E-04
    0.10771671E+02    0.15946319E-05    0.16685017E-04
    0.11598740E+02    0.17293963E-05    0.17923245E-04
    0.12449243E+02    0.18697354E-05    0.19193415E-04
    0.13328152E+02    0.20166550E-05    0.20502425E-04
    0.14242187E+02    0.21715735E-05    0.21860387E-04
    0.15200884E+02    0.23363939E-05    0.23280922E-04
    0.16218691E+02    0.25140614E-05    0.24785398E-04
    0.17319682E+02    0.27093664E-05    0.26408462E-04
    0.18550600E+02    0.29316066E-05    0.28218256E-04
    0.20033984E+02    0.32048626E-05    0.30392465E-04
    0.50512376E+00    0.10055408E-07    0.82004574E-06
    0.61797355E+00    0.15025973E-07    0.10030789E-05
    0.11817870E+01    0.54211824E-07    0.19155551E-05
    0.18521233E+01    0.12953544E-06    0.29940572E-05
    0.25478961E+01    0.23492268E-06    0.41034885E-05
    0.32548599E+01    0.36129910E-06    0.52188917E-05
    0.39693247E+01    0.49657508E-06    0.63345033E-05
    0.46903717E+01    0.62624466E-06    0.74511785E-05
    0.54180989E+01    0.74690162E-06    0.85716510E-05
    0.61530922E+01    0.86412127E-06    0.96978187E-05
    0.68962429E+01    0.98080022E-06    0.10831815E-04
    0.76486878E+01    0.10985145E-05    0.11975648E-04
    0.84118064E+01    0.12182488E-05    0.13131789E-04
    0.91872522E+01    0.13407384E-05    0.14302868E-04
    0.99770132E+01    0.14666255E-05    0.15491902E-04
    0.10783508E+02    0.15965480E-05    0.16702761E-04
    0.11609734E+02    0.17311975E-05    0.17939675E-04
    0.12459487E+02    0.18714360E-05    0.19208683E-04
    0.13337721E+02    0.20182647E-05    0.20516654E-04
    0.14251142E+02    0.21731027E-05    0.21873676E-04
    0.15209275E+02    0.23378473E-05    0.23293342E-04
    0.16226555E+02    0.25154443E-05    0.24797002E-04
    0.17327046E+02    0.27106832E-05    0.26419298E-04
    0.18557476E+02    0.29328603E-05    0.28228357E-04
    0.20040351E+02    0.32060492E-05    0.30401785E-04
    0.11599676E+01    0.52264281E-07    0.18803182E-05
    0.12133697E+01    0.57090107E-07    0.19665455E-05
    0.15770210E+01    0.95127213E-07    0.25524578E-05
    0.21262021E+01    0.16816690E-06    0.34324088E-05
    0.27535703E+01    0.27016098E-06    0.44292358E-05
    0.34182580E+01    0.39206374E-06    0.54750007E-05
    0.41043773E+01    0.52181417E-06    0.65442564E-05
    0.48052015E+01    0.64577926E-06    0.76283674E-05
    0.55178048E+01    0.76299258E-06    0.87247083E-05
    0.62410671E+01    0.87798846E-06    0.98323296E-05
    0.69748506E+01    0.99310189E-06    0.10951513E-04
    0.77196373E+01    0.11096203E-05    0.12083333E-04
    0.84763708E+01    0.12284081E-05    0.13229416E-04
    0.92464035E+01    0.13501259E-05    0.14392017E-04
    0.10031509E+02    0.14753583E-05    0.15573847E-04
    0.10833948E+02    0.16047170E-05    0.16778336E-04
    0.11656599E+02    0.17388827E-05    0.18009737E-04
    0.12503167E+02    0.18786895E-05    0.19273776E-04
    0.13378534E+02    0.20251333E-05    0.20577335E-04
    0.14289347E+02    0.21796253E-05    0.21930344E-04
    0.15245078E+02    0.23440537E-05    0.23346350E-04
    0.16260119E+02    0.25213491E-05    0.24846530E-04
    0.17358482E+02    0.27163069E-05    0.26465557E-04
    0.18586831E+02    0.29382126E-05    0.28271466E-04
    0.20067537E+02    0.32111172E-05    0.30441577E-04
    0.18198709E+01    0.12526601E-06    0.29423653E-05
    0.18543655E+01    0.12983451E-06    0.29976501E-05
    0.21103082E+01    0.16581657E-06    0.34070341E-05
    0.25469866E+01    0.23477037E-06    0.41020458E-05
    0.30900736E+01    0.33068910E-06    0.49599771E-05
    0.36947115E+01    0.44457662E-06    0.59069664E-05
    0.43373170E+01    0.56441270E-06    0.69053374E-05
    0.50056335E+01    0.67936080E-06    0.79373172E-05
    0.56932043E+01    0.79111726E-06    0.89937541E-05
    0.63966651E+01    0.90247481E-06    0.10070015E-04
    0.71144182E+01    0.10149328E-05    0.11163945E-04
    0.78459674E+01    0.11294054E-05    0.12274960E-04
    0.85915812E+01    0.12465525E-05    0.13403623E-04
    0.93521326E+01    0.13669161E-05    0.14551354E-04
    0.10129046E+02    0.14910024E-05    0.15720394E-04
    0.10924323E+02    0.16193801E-05    0.16913766E-04
    0.11740643E+02    0.17526950E-05    0.18135490E-04
    0.12581557E+02    0.18917210E-05    0.19390619E-04
    0.13451824E+02    0.20374815E-05    0.20686255E-04
    0.14357989E+02    0.21913481E-05    0.22032107E-04
    0.15309435E+02    0.23552225E-05    0.23441645E-04
    0.16320474E+02    0.25319804E-05    0.24935617E-04
    0.17415031E+02    0.27264350E-05    0.26548821E-04
    0.18639653E+02    0.29478442E-05    0.28348977E-04
    0.20116472E+02    0.32202421E-05    0.30513193E-04
    0.24825455E+01    0.22406290E-06    0.39997682E-05
    0.25079421E+01    0.22826272E-06    0.40400883E-05
    0.27026843E+01    0.26130176E-06    0.43487382E-05
    0.30558538E+01    0.32440034E-06    0.49061308E-05
    0.35213146E+01    0.41160369E-06    0.56362224E-05
    0.40622648E+01    0.51397831E-06    0.64788831E-05
    0.46543980E+01    0.62007410E-06    0.73956339E-05
    0.52827520E+01    0.72492932E-06    0.83636872E-05
    0.59383228E+01    0.83014521E-06    0.93692332E-05
    0.66157710E+01    0.93687190E-06    0.10404341E-04
    0.73120482E+01    0.10458427E-05    0.11464449E-04
    0.80256032E+01    0.11575757E-05    0.12547198E-04
    0.87559334E+01    0.12724831E-05    0.13651944E-04
    0.95033407E+01    0.13909715E-05    0.14779159E-04
    0.10268820E+02    0.15134742E-05    0.15930473E-04
    0.11054046E+02    0.16404705E-05    0.17108221E-04
    0.11861442E+02    0.17725588E-05    0.18315956E-04
    0.12694357E+02    0.19104994E-05    0.19558687E-04
    0.13557385E+02    0.20553029E-05    0.20843252E-04
    0.14456934E+02    0.22082778E-05    0.22178825E-04
    0.15402270E+02    0.23713405E-05    0.23579028E-04
    0.16407589E+02    0.25473506E-05    0.25064238E-04
    0.17496697E+02    0.27410822E-05    0.26669111E-04
    0.18715977E+02    0.29617696E-05    0.28460937E-04
    0.20187213E+02    0.32334366E-05    0.30616684E-04
    0.31481781E+01    0.34142415E-06    0.50513442E-05
    0.31682434E+01    0.34514690E-06    0.50828779E-05
    0.33245294E+01    0.37437577E-06    0.53281658E-05
    0.36174903E+01    0.42988737E-06    0.57864713E-05
    0.40184138E+01    0.50578469E-06    0.64107794E-05
    0.44999987E+01    0.59327848E-06    0.71570558E-05
    0.50409735E+01    0.68522244E-06    0.79917153E-05
    0.56263187E+01    0.78041334E-06    0.88912095E-05
    0.62459323E+01    0.87875473E-06    0.98397669E-05
    0.68932155E+01    0.98032636E-06    0.10827204E-04
    0.75639964E+01    0.10852564E-05    0.11847119E-04
    0.82558040E+01    0.11937125E-05    0.12895766E-04
    0.89674056E+01    0.13059025E-05    0.13971241E-04
    0.96985297E+01    0.14220932E-05    0.15072988E-04
    0.10449721E+02    0.15426029E-05    0.16202006E-04
    0.11222296E+02    0.16678597E-05    0.17360033E-04
    0.12018394E+02    0.17984177E-05    0.18550377E-04
    0.12841132E+02    0.19350042E-05    0.19777509E-04
    0.13694914E+02    0.20785513E-05    0.21047665E-04
    0.14585984E+02    0.22303890E-05    0.22370100E-04
    0.15523463E+02    0.23924061E-05    0.23758139E-04
    0.16521409E+02    0.25674432E-05    0.25232131E-04
    0.17603477E+02    0.27602475E-05    0.26826233E-04
    0.18815838E+02    0.29800229E-05    0.28607499E-04
    0.20279831E+02    0.32507256E-05    0.30752125E-04
    0.38173640E+01    0.46787395E-06    0.60981029E-05
    0.38339287E+01    0.47101348E-06    0.61238944E-05
    0.39640558E+01    0.49558445E-06    0.63263141E-05
    0.42127756E+01    0.54181081E-06    0.67123896E-05
    0.45616765E+01    0.60404628E-06    0.72523966E-05
    0.49911152E+01    0.67694792E-06    0.79149634E-05
    0.54838541E+01    0.75752316E-06    0.86725973E-05
    0.60263342E+01    0.84408668E-06    0.95039925E-05
    0.66085485E+01    0.93573937E-06    0.10393323E-04
    0.72234107E+01    0.10319794E-05    0.11329672E-04
    0.78660844E+01    0.11325584E-05    0.12305455E-04
    0.85334367E+01    0.12373917E-05    0.13315699E-04
    0.92236438E+01    0.13465131E-05    0.14357720E-04
    0.99359308E+01    0.14600459E-05    0.15430119E-04
    0.10670422E+02    0.15782466E-05    0.16533148E-04
    0.11428087E+02    0.17014623E-05    0.17668074E-04
    0.12210775E+02    0.18302049E-05    0.18837590E-04
    0.13021364E+02    0.19651402E-05    0.20045849E-04
    0.13864051E+02    0.21072170E-05    0.21298964E-04
    0.14744903E+02    0.22576975E-05    0.22605757E-04
    0.15672879E+02    0.24184550E-05    0.23979205E-04
    0.16661879E+02    0.25922853E-05    0.25439224E-04
    0.17735379E+02    0.27839601E-05    0.27020257E-04
    0.18939298E+02    0.30026376E-05    0.28788692E-04
    0.20394430E+02    0.32721766E-05    0.30919787E-04
    0.44908491E+01    0.59167341E-06    0.71429082E-05
    0.45049380E+01    0.59414412E-06    0.71646929E-05
    0.46161885E+01    0.61349139E-06    0.73366200E-05
    0.48314528E+01    0.65021281E-06    0.76688547E-05
    0.51385163E+01    0.70132036E-06    0.81418193E-05
    0.55232860E+01    0.76387462E-06    0.87331212E-05
    0.59722788E+01    0.83552765E-06    0.94212292E-05
    0.64739603E+01    0.91461622E-06    0.10188021E-04
    0.70191432E+01    0.10000314E-05    0.11018943E-04
    0.76008631E+01    0.10910275E-05    0.11903071E-04
    0.82140576E+01    0.11871529E-05    0.12832579E-04
    0.88552244E+01    0.12881667E-05    0.13801863E-04
    0.95221354E+01    0.13939651E-05    0.14807463E-04
    0.10213627E+02    0.15045953E-05    0.15847535E-04
    0.10929472E+02    0.16202168E-05    0.16921490E-04
    0.11670331E+02    0.17411372E-05    0.18030278E-04
    0.12437785E+02    0.18678332E-05    0.19176333E-04
    0.13234477E+02    0.20009065E-05    0.20363101E-04
    0.14064401E+02    0.21412594E-05    0.21596433E-04
    0.14933440E+02    0.22901695E-05    0.22884966E-04
    0.15850382E+02    0.24494497E-05    0.24241455E-04
    0.16828953E+02    0.26219167E-05    0.25685629E-04
    0.17892432E+02    0.28122735E-05    0.27251268E-04
    0.19086447E+02    0.30296232E-05    0.29004429E-04
    0.20531153E+02    0.32977933E-05    0.31119640E-04
    0.51694806E+01    0.70640730E-06    0.81894622E-05
    0.51817247E+01    0.70841591E-06    0.82083002E-05
    0.52787309E+01    0.72427403E-06    0.83575046E-05
    0.54679740E+01    0.75496135E-06    0.86482215E-05
    0.57410934E+01    0.79876684E-06    0.90671581E-05
    0.60878972E+01    0.85382390E-06    0.95981606E-05
    0.64979934E+01    0.91838994E-06    0.10224692E-04
    0.69618939E+01    0.99107453E-06    0.10931786E-04
    0.74715577E+01    0.10707911E-05    0.11706774E-04
    0.80205314E+01    0.11567800E-05    0.12539514E-04
    0.86038681E+01    0.12484893E-05    0.13422201E-04
    0.92179610E+01    0.13456112E-05    0.14349156E-04
    0.98603685E+01    0.14479539E-05    0.15316514E-04
    0.10529672E+02    0.15554944E-05    0.16321980E-04
    0.11225381E+02    0.16683624E-05    0.17364651E-04
    0.11947905E+02    0.17867931E-05    0.18445037E-04
    0.12698594E+02    0.19112056E-05    0.19565000E-04
    0.13479881E+02    0.20422140E-05    0.20727958E-04
    0.14295565E+02    0.21806868E-05    0.21939564E-04
    0.15151351E+02    0.23278197E-05    0.23207612E-04
    0.16055853E+02    0.24854534E-05    0.24544949E-04
    0.17022616E+02    0.26563435E-05    0.25970884E-04
    0.18074704E+02    0.28451932E-05    0.27519104E-04
    0.19257421E+02    0.30610622E-05    0.29255086E-04
    0.20690192E+02    0.33276641E-05    0.31352172E-04
    0.58542052E+01    0.81678714E-06    0.92404576E-05
    0.58650200E+01    0.81850658E-06    0.92570154E-05
    0.59508981E+01    0.83213917E-06    0.93884885E-05
    0.61193896E+01    0.85880027E-06    0.96463010E-05
    0.63646165E+01    0.89743648E-06    0.10021073E-04
    0.66791228E+01    0.94680149E-06    0.10500979E-04
    0.70549349E+01    0.10056298E-05    0.11073427E-04
    0.74843941E+01    0.10727994E-05    0.11726266E-04
    0.79606761E+01    0.11473905E-05    0.12448822E-04
    0.84780371E+01    0.12286704E-05    0.13231935E-04
    0.90318732E+01    0.13161106E-05    0.14068492E-04
    0.96186794E+01    0.14093526E-05    0.14952817E-04
    0.10235969E+02    0.15081891E-05    0.15881117E-04
    0.10882195E+02    0.16125399E-05    0.16850613E-04
    0.11556702E+02    0.17225122E-05    0.17860422E-04
    0.12259715E+02    0.18383005E-05    0.18910592E-04
    0.12992401E+02    0.19602903E-05    0.20002744E-04
    0.13757012E+02    0.20890627E-05    0.21139893E-04
    0.14557176E+02    0.22254478E-05    0.22327385E-04
    0.15398429E+02    0.23706736E-05    0.23573348E-04
    0.16289217E+02    0.25264723E-05    0.24889475E-04
    0.17242902E+02    0.26956476E-05    0.26295489E-04
    0.18282317E+02    0.28828193E-05    0.27824252E-04
    0.19452416E+02    0.30970168E-05    0.29540871E-04
    0.20871805E+02    0.33618566E-05    0.31617431E-04
    0.65460834E+01    0.92593944E-06    0.10298044E-04
    0.65557569E+01    0.92745765E-06    0.10312798E-04
    0.66326976E+01    0.93952565E-06    0.10430164E-04
    0.67842773E+01    0.96327170E-06    0.10661253E-04
    0.70062709E+01    0.99801771E-06    0.10999347E-04
    0.72931591E+01    0.10428885E-05    0.11435729E-04
    0.76388216E+01    0.10969699E-05    0.11960675E-04
    0.80371415E+01    0.11593860E-05    0.12564677E-04
    0.84824438E+01    0.12293639E-05    0.13238598E-04
    0.89697604E+01    0.13062752E-05    0.13974794E-04
    0.94949578E+01    0.13896364E-05    0.14766534E-04
    0.10054774E+02    0.14790879E-05    0.15608813E-04
    0.10646809E+02    0.15744249E-05    0.16497720E-04
    0.11269501E+02    0.16755543E-05    0.17430693E-04
    0.11922116E+02    0.17825448E-05    0.18406527E-04
    0.12604765E+02    0.18955825E-05    0.19425212E-04
    0.13318483E+02    0.20150286E-05    0.20488044E-04
    0.14065378E+02    0.21414256E-05    0.21597883E-04
    0.14848934E+02    0.22756001E-05    0.22759779E-04
    0.15674537E+02    0.24187442E-05    0.23981654E-04
    0.16550471E+02    0.25725786E-05    0.25274982E-04
    0.17489916E+02    0.27398653E-05    0.26659125E-04
    0.18515469E+02    0.29252021E-05    0.28166630E-04
    0.19671705E+02    0.31375864E-05    0.29862174E-04
    0.21076331E+02    0.34004846E-05    0.31916263E-04
    0.72463151E+01    0.10355618E-05    0.11364497E-04
    0.72550550E+01    0.10369288E-05    0.11377787E-04
    0.73246537E+01    0.10478142E-05    0.11483613E-04
    0.74621909E+01    0.10693257E-05    0.11692549E-04
    0.76645748E+01    0.11010014E-05    0.11999759E-04
    0.79276759E+01    0.11422149E-05    0.12398810E-04
    0.82467855E+01    0.11922951E-05    0.12882116E-04
    0.86170481E+01    0.12505672E-05    0.13442128E-04
    0.90338102E+01    0.13164175E-05    0.14071414E-04
    0.94928645E+01    0.13893031E-05    0.14763381E-04
    0.99906005E+01    0.14688024E-05    0.15512336E-04
    0.10524085E+02    0.15545931E-05    0.16313598E-04
    0.11091096E+02    0.16464948E-05    0.17163666E-04
    0.11690147E+02    0.17443926E-05    0.18059928E-04
    0.12320500E+02    0.18483684E-05    0.19001306E-04
    0.12982218E+02    0.19585859E-05    0.19987589E-04
    0.13676251E+02    0.20753950E-05    0.21019949E-04
    0.14404608E+02    0.21993210E-05    0.22101237E-04
    0.15170653E+02    0.23311598E-05    0.23236177E-04
    0.15979643E+02    0.24720817E-05    0.24432325E-04
    0.16839714E+02    0.26238284E-05    0.25701495E-04
    0.17763868E+02    0.27890941E-05    0.27062184E-04
    0.18774463E+02    0.29724542E-05    0.28546762E-04
    0.19915668E+02    0.31828433E-05    0.30219273E-04
    0.21304216E+02    0.34436249E-05    0.32248838E-04
    0.79562752E+01    0.11467003E-05    0.12442152E-04
    0.79642361E+01    0.11479489E-05    0.12454216E-04
    0.80276887E+01    0.11579029E-05    0.12550357E-04
    0.81533752E+01    0.11776250E-05    0.12740712E-04
    0.83390012E+01    0.12067947E-05    0.13021659E-04
    0.85814497E+01    0.12449557E-05    0.13388303E-04
    0.88770887E+01    0.12916215E-05    0.13834881E-04
    0.92220796E+01    0.13462648E-05    0.14355363E-04
    0.96126459E+01    0.14083904E-05    0.14943736E-04
    0.10045283E+02    0.14775663E-05    0.15594550E-04
    0.10516907E+02    0.15534353E-05    0.16302830E-04
    0.11024953E+02    0.16357407E-05    0.17064660E-04
    0.11567439E+02    0.17242702E-05    0.17876469E-04
    0.12143013E+02    0.18190022E-05    0.18736530E-04
    0.12750998E+02    0.19199455E-05    0.19643094E-04
    0.13391461E+02    0.20273099E-05    0.20596550E-04
    0.14065315E+02    0.21414149E-05    0.21597789E-04
    0.14774504E+02    0.22627886E-05    0.22649592E-04
    0.15522305E+02    0.23922046E-05    0.23756428E-04
    0.16313866E+02    0.25308154E-05    0.24925861E-04
    0.17157191E+02    0.26803442E-05    0.26169264E-04
    0.18065111E+02    0.28434588E-05    0.27505010E-04
    0.19059740E+02    0.30247219E-05    0.28965280E-04
    0.20184823E+02    0.32329908E-05    0.30613188E-04
    0.21556039E+02    0.34914928E-05    0.32616341E-04
    0.86775633E+01    0.12601124E-05    0.13533582E-04
    0.86848630E+01    0.12612643E-05    0.13544610E-04
    0.87430873E+01    0.12704548E-05    0.13632546E-04
    0.88586294E+01    0.12887047E-05    0.13807005E-04
    0.90297690E+01    0.13157773E-05    0.14065319E-04
    0.92541379E+01    0.13513538E-05    0.14403672E-04
    0.95289293E+01    0.13950474E-05    0.14817694E-04
    0.98511188E+01    0.14464745E-05    0.15302606E-04
    0.10217669E+02    0.15052453E-05    0.15853610E-04
    0.10625700E+02    0.15710091E-05    0.16466048E-04
    0.11072629E+02    0.16434918E-05    0.17136033E-04
    0.11556270E+02    0.17224415E-05    0.17859776E-04
    0.12074910E+02    0.18077493E-05    0.18634860E-04
    0.12627373E+02    0.18993451E-05    0.19458904E-04
    0.13213090E+02    0.19973131E-05    0.20331285E-04
    0.13832173E+02    0.21018058E-05    0.21251576E-04
    0.14485540E+02    0.22131758E-05    0.22221225E-04
    0.15175103E+02    0.23319300E-05    0.23242763E-04
    0.15904080E+02    0.24588445E-05    0.24320766E-04
    0.16677530E+02    0.25950561E-05    0.25462297E-04
    0.17503342E+02    0.27422745E-05    0.26678894E-04
    0.18394185E+02    0.29031267E-05    0.27988497E-04
    0.19371925E+02    0.30821717E-05    0.29422975E-04
    0.20479865E+02    0.32881812E-05    0.31044690E-04
    0.21832559E+02    0.35442464E-05    0.33019689E-04
    0.94120709E+01    0.13764439E-05    0.14641679E-04
    0.94188014E+01    0.13775145E-05    0.14651819E-04
    0.94725155E+01    0.13860629E-05    0.14732733E-04
    0.95792635E+01    0.14030682E-05    0.14893484E-04
    0.97377463E+01    0.14283552E-05    0.15132014E-04
    0.99461571E+01    0.14616834E-05    0.15445497E-04
    0.10202327E+02    0.15027779E-05    0.15830545E-04
    0.10503881E+02    0.15513346E-05    0.16283286E-04
    0.10848397E+02    0.16070588E-05    0.16799980E-04
    0.11233542E+02    0.16696926E-05    0.17376868E-04
    0.11657191E+02    0.17389799E-05    0.18010622E-04
    0.12117523E+02    0.18147895E-05    0.18698496E-04
    0.12613105E+02    0.18969703E-05    0.19437641E-04
    0.13142965E+02    0.19855355E-05    0.20226910E-04
    0.13706667E+02    0.20805396E-05    0.21065119E-04
    0.14304404E+02    0.21821959E-05    0.21952669E-04
    0.14937130E+02    0.22908062E-05    0.22890436E-04
    0.15606753E+02    0.24069196E-05    0.23881380E-04
    0.16316456E+02    0.25312719E-05    0.24929684E-04
    0.17071233E+02    0.26650035E-05    0.26042527E-04
    0.17878869E+02    0.28098278E-05    0.27231333E-04
    0.18751880E+02    0.29683269E-05    0.28513619E-04
    0.19711886E+02    0.31450281E-05    0.29920994E-04
    0.20801727E+02    0.33486568E-05    0.31515131E-04
    0.22134760E+02    0.36021362E-05    0.33460114E-04
    0.10162078E+02    0.14963078E-05    0.15770036E-04
    0.10168312E+02    0.14973096E-05    0.15779408E-04
    0.10218087E+02    0.15053127E-05    0.15854240E-04
    0.10317124E+02    0.15212461E-05    0.16002985E-04
    0.10464438E+02    0.15449753E-05    0.16224096E-04
    0.10658649E+02    0.15763411E-05    0.16515484E-04
    0.10898084E+02    0.16151185E-05    0.16874424E-04
    0.11180889E+02    0.16611120E-05    0.17298048E-04
    0.11505150E+02    0.17140738E-05    0.17783356E-04
    0.11869003E+02    0.17738026E-05    0.18327241E-04
    0.12270732E+02    0.18401238E-05    0.18927028E-04
    0.12708860E+02    0.19129165E-05    0.19580293E-04
    0.13182230E+02    0.19921291E-05    0.20285364E-04
    0.13690080E+02    0.20777337E-05    0.21040486E-04
    0.14232128E+02    0.21698557E-05    0.21845455E-04
    0.14808671E+02    0.22686676E-05    0.22700174E-04
    0.15420720E+02    0.23745448E-05    0.23606311E-04
    0.16070205E+02    0.24879733E-05    0.24566162E-04
    0.16760295E+02    0.26097254E-05    0.25584351E-04
    0.17495935E+02    0.27409454E-05    0.26667988E-04
    0.18284822E+02    0.28832738E-05    0.27827932E-04
    0.19139325E+02    0.30393336E-05    0.29081935E-04
    0.20080817E+02    0.32135933E-05    0.30461014E-04
    0.21151657E+02    0.34147292E-05    0.32026194E-04
    0.22463935E+02    0.36654611E-05    0.33939495E-04
    0.10930394E+02    0.16203666E-05    0.16922873E-04
    0.10936191E+02    0.16213086E-05    0.16931566E-04
    0.10982486E+02    0.16288353E-05    0.17001007E-04
    0.11074689E+02    0.16438267E-05    0.17139115E-04
    0.11212054E+02    0.16661904E-05    0.17344701E-04
    0.11393528E+02    0.16958081E-05    0.17616348E-04
    0.11617827E+02    0.17325239E-05    0.17951771E-04
    0.11883516E+02    0.17761904E-05    0.18348904E-04
    0.12189100E+02    0.18266210E-05    0.18805265E-04
    0.12533113E+02    0.18836653E-05    0.19318405E-04
    0.12914199E+02    0.19472123E-05    0.19886351E-04
    0.13331196E+02    0.20171671E-05    0.20506952E-04
    0.13783209E+02    0.20935017E-05    0.21178812E-04
    0.14269687E+02    0.21762691E-05    0.21901188E-04
    0.14790509E+02    0.22655422E-05    0.22673288E-04
    0.15346088E+02    0.23615859E-05    0.23495904E-04
    0.15937512E+02    0.24646986E-05    0.24370118E-04
    0.16566749E+02    0.25754562E-05    0.25298983E-04
    0.17236971E+02    0.26945885E-05    0.26286761E-04
    0.17953090E+02    0.28232187E-05    0.27340412E-04
    0.18722724E+02    0.29630016E-05    0.28470837E-04
    0.19558105E+02    0.31165444E-05    0.29695675E-04
    0.20480354E+02    0.32882730E-05    0.31045405E-04
    0.21531332E+02    0.34867914E-05    0.32580319E-04
    0.22821789E+02    0.37346567E-05    0.34460390E-04
    0.11720567E+02    0.17493934E-05    0.18105451E-04
    0.11725973E+02    0.17502823E-05    0.18113540E-04
    0.11769162E+02    0.17573851E-05    0.18178142E-04
    0.11855248E+02    0.17715401E-05    0.18306711E-04
    0.11983669E+02    0.17926888E-05    0.18498468E-04
    0.12153627E+02    0.18207567E-05    0.18752363E-04
    0.12364145E+02    0.18556086E-05    0.19066463E-04
    0.12614124E+02    0.18971400E-05    0.19439161E-04
    0.12902416E+02    0.19452435E-05    0.19868808E-04
    0.13227891E+02    0.19997998E-05    0.20353303E-04
    0.13589508E+02    0.20607319E-05    0.20891042E-04
    0.13986385E+02    0.21279979E-05    0.21480675E-04
    0.14417872E+02    0.22015909E-05    0.22120906E-04
    0.14883620E+02    0.22815768E-05    0.22811143E-04
    0.15383671E+02    0.23681110E-05    0.23551517E-04
    0.15918562E+02    0.24613798E-05    0.24342144E-04
    0.16489465E+02    0.25618018E-05    0.25185027E-04
    0.17098402E+02    0.26698496E-05    0.26082586E-04
    0.17748559E+02    0.27863348E-05    0.27039653E-04
    0.18444826E+02    0.29123354E-05    0.28062837E-04
    0.19194754E+02    0.30495235E-05    0.29163187E-04
    0.20010438E+02    0.32004753E-05    0.30357998E-04
    0.20912749E+02    0.33695758E-05    0.31677218E-04
    0.21943027E+02    0.35653721E-05    0.33180648E-04
    0.23210606E+02    0.38102260E-05    0.35025936E-04
    0.12537217E+02    0.18843475E-05    0.19324523E-04
    0.12542271E+02    0.18851876E-05    0.19332055E-04
    0.12582658E+02    0.18919042E-05    0.19392260E-04
    0.12663216E+02    0.19053122E-05    0.19512301E-04
    0.12783522E+02    0.19253771E-05    0.19691596E-04
    0.12942982E+02    0.19520231E-05    0.19929195E-04
    0.13140860E+02    0.19851821E-05    0.20223776E-04
    0.13376332E+02    0.20247626E-05    0.20574062E-04
    0.13648533E+02    0.20707088E-05    0.20978778E-04
    0.13956619E+02    0.21229405E-05    0.21436496E-04
    0.14299819E+02    0.21814131E-05    0.21945872E-04
    0.14677503E+02    0.22461102E-05    0.22505872E-04
    0.15089240E+02    0.23170796E-05    0.23115713E-04
    0.15534873E+02    0.23943923E-05    0.23775007E-04
    0.16014601E+02    0.24782132E-05    0.24483977E-04
    0.16529087E+02    0.25687996E-05    0.25243452E-04
    0.17079596E+02    0.26664947E-05    0.26054856E-04
    0.17668205E+02    0.27718733E-05    0.26921430E-04
    0.18298127E+02    0.28856875E-05    0.27847475E-04
    0.18974238E+02    0.30090415E-05    0.28839930E-04
    0.19704028E+02    0.31435725E-05    0.29909492E-04
    0.20499457E+02    0.32918524E-05    0.31073322E-04
    0.21381141E+02    0.34582211E-05    0.32361069E-04
    0.22389877E+02    0.36511844E-05    0.33831651E-04
    0.23633500E+02    0.38929169E-05    0.35640652E-04
    0.13386592E+02    0.20264900E-05    0.20589313E-04
    0.13391325E+02    0.20272870E-05    0.20596348E-04
    0.13429159E+02    0.20336607E-05    0.20652573E-04
    0.13504668E+02    0.20463977E-05    0.20764817E-04
    0.13617542E+02    0.20654704E-05    0.20932727E-04
    0.13767345E+02    0.20908133E-05    0.21155243E-04
    0.13953538E+02    0.21224171E-05    0.21431922E-04
    0.14175517E+02    0.21601888E-05    0.21761389E-04
    0.14432653E+02    0.22041210E-05    0.22142825E-04
    0.14724341E+02    0.22541620E-05    0.22575299E-04
    0.15050045E+02    0.23103063E-05    0.23057718E-04
    0.15409351E+02    0.23725703E-05    0.23589501E-04
    0.15802031E+02    0.24409980E-05    0.24169988E-04
    0.16228102E+02    0.25157164E-05    0.24799285E-04
    0.16687914E+02    0.25968949E-05    0.25477606E-04
    0.17182251E+02    0.26848185E-05    0.26206190E-04
    0.17712470E+02    0.27798348E-05    0.26986547E-04
    0.18280714E+02    0.28825285E-05    0.27821897E-04
    0.18890222E+02    0.29936453E-05    0.28716693E-04
    0.19545863E+02    0.31142790E-05    0.29677731E-04
    0.20255067E+02    0.32460996E-05    0.30715909E-04
    0.21029664E+02    0.33916612E-05    0.31848094E-04
    0.21890003E+02    0.35552305E-05    0.33103411E-04
    0.22876311E+02    0.37452366E-05    0.34539783E-04
    0.24094841E+02    0.39836542E-05    0.36310615E-04
    0.14277557E+02    0.21776125E-05    0.21912860E-04
    0.14281994E+02    0.21783701E-05    0.21919441E-04
    0.14317475E+02    0.21844276E-05    0.21972047E-04
    0.14388323E+02    0.21965348E-05    0.22077086E-04
    0.14494318E+02    0.22146788E-05    0.22234233E-04
    0.14635149E+02    0.22388314E-05    0.22443041E-04
    0.14810436E+02    0.22689714E-05    0.22702787E-04
    0.15019756E+02    0.23050736E-05    0.23012879E-04
    0.15262676E+02    0.23471064E-05    0.23372407E-04
    0.15538791E+02    0.23950745E-05    0.23780800E-04
    0.15847765E+02    0.24489920E-05    0.24237586E-04
    0.16189376E+02    0.25089078E-05    0.24742139E-04
    0.16563573E+02    0.25748947E-05    0.25294300E-04
    0.16970536E+02    0.26470794E-05    0.25894182E-04
    0.17410751E+02    0.27256679E-05    0.26542517E-04
    0.17885120E+02    0.28109550E-05    0.27240521E-04
    0.18395092E+02    0.29032914E-05    0.27989827E-04
    0.18942869E+02    0.30032920E-05    0.28793928E-04
    0.19531725E+02    0.31116641E-05    0.29657015E-04
    0.20166520E+02    0.32295766E-05    0.30586417E-04
    0.20854628E+02    0.33586200E-05    0.31592356E-04
    0.21607743E+02    0.35013350E-05    0.32691706E-04
    0.22445935E+02    0.36619891E-05    0.33913279E-04
    0.23408831E+02    0.38489313E-05    0.35314173E-04
    0.24600999E+02    0.40838807E-05    0.37044902E-04
    0.15223548E+02    0.23403206E-05    0.23314472E-04
    0.15227710E+02    0.23410421E-05    0.23320634E-04
    0.15260992E+02    0.23468143E-05    0.23369914E-04
    0.15327479E+02    0.23583551E-05    0.23468358E-04
    0.15427023E+02    0.23756395E-05    0.23615628E-04
    0.15559414E+02    0.23986667E-05    0.23811307E-04
    0.15724401E+02    0.24274437E-05    0.24055303E-04
    0.15921710E+02    0.24619310E-05    0.24346791E-04
    0.16151069E+02    0.25021761E-05    0.24685599E-04
    0.16412245E+02    0.25481724E-05    0.25071110E-04
    0.16705072E+02    0.25999340E-05    0.25502902E-04
    0.17029494E+02    0.26575678E-05    0.25981016E-04
    0.17385619E+02    0.27211651E-05    0.26505504E-04
    0.17773769E+02    0.27908788E-05    0.27076754E-04
    0.18194561E+02    0.28668998E-05    0.27695273E-04
    0.18649003E+02    0.29495493E-05    0.28362692E-04
    0.19138630E+02    0.30392059E-05    0.29080917E-04
    0.19665708E+02    0.31364757E-05    0.29853393E-04
    0.20233538E+02    0.32420803E-05    0.30684428E-04
    0.20846973E+02    0.33571780E-05    0.31581182E-04
    0.21513328E+02    0.34833656E-05    0.32554062E-04
    0.22244153E+02    0.36231463E-05    0.33619473E-04
    0.23059223E+02    0.37807608E-05    0.34805836E-04
    0.23997524E+02    0.39644731E-05    0.36169339E-04
    0.25161815E+02    0.41957611E-05    0.37857783E-04
    0.16246953E+02    0.25190323E-05    0.24827101E-04
    0.16250853E+02    0.25197185E-05    0.24832856E-04
    0.16282044E+02    0.25252089E-05    0.24878886E-04
    0.16344378E+02    0.25361959E-05    0.24970912E-04
    0.16437764E+02    0.25526761E-05    0.25108767E-04
    0.16562078E+02    0.25746304E-05    0.25292096E-04
    0.16717173E+02    0.26020783E-05    0.25520746E-04
    0.16902896E+02    0.26350559E-05    0.25794586E-04
    0.17119116E+02    0.26735463E-05    0.26113130E-04
    0.17365738E+02    0.27176056E-05    0.26476237E-04
    0.17642746E+02    0.27672990E-05    0.26883986E-04
    0.17950230E+02    0.28227023E-05    0.27336209E-04
    0.18288434E+02    0.28839289E-05    0.27833237E-04
    0.18657811E+02    0.29511559E-05    0.28375612E-04
    0.19059095E+02    0.30246035E-05    0.28964335E-04
    0.19493393E+02    0.31045809E-05    0.29600871E-04
    0.19962321E+02    0.31915174E-05    0.30287563E-04
    0.20468198E+02    0.32859955E-05    0.31027639E-04
    0.21014355E+02    0.33887667E-05    0.31825717E-04
    0.21605633E+02    0.35009331E-05    0.32688630E-04
    0.22249278E+02    0.36241312E-05    0.33626936E-04
    0.22956685E+02    0.37608402E-05    0.34656734E-04
    0.23747313E+02    0.39152470E-05    0.35805989E-04
    0.24659445E+02    0.40955039E-05    0.37129703E-04
    0.25793875E+02    0.43228878E-05    0.38772918E-04
    0.17391242E+02    0.27221723E-05    0.26513784E-04
    0.17394885E+02    0.27228250E-05    0.26519149E-04
    0.17424028E+02    0.27280477E-05    0.26562074E-04
    0.17482291E+02    0.27384973E-05    0.26647897E-04
    0.17569630E+02    0.27541714E-05    0.26776446E-04
    0.17685990E+02    0.27750707E-05    0.26947590E-04
    0.17831312E+02    0.28012536E-05    0.27161411E-04
    0.18005547E+02    0.28326935E-05    0.27417494E-04
    0.18208677E+02    0.28694604E-05    0.27716028E-04
    0.18440734E+02    0.29115909E-05    0.28056829E-04
    0.18701826E+02    0.29591866E-05    0.28440177E-04
    0.18992171E+02    0.30123289E-05    0.28866223E-04
    0.19312137E+02    0.30711483E-05    0.29335333E-04
    0.19662292E+02    0.31358431E-05    0.29848391E-04
    0.20043476E+02    0.32066317E-05    0.30406359E-04
    0.20456886E+02    0.32838764E-05    0.31011107E-04
    0.20904211E+02    0.33679656E-05    0.31664749E-04
    0.21387822E+02    0.34594905E-05    0.32370823E-04
    0.21911069E+02    0.35592593E-05    0.33134099E-04
    0.22478772E+02    0.36683241E-05    0.33961109E-04
    0.23098099E+02    0.37883200E-05    0.34862357E-04
    0.23780270E+02    0.39217168E-05    0.35853837E-04
    0.24544382E+02    0.40726346E-05    0.36962822E-04
    0.25427938E+02    0.42491598E-05    0.38243264E-04
    0.26529527E+02    0.44722208E-05    0.39836754E-04
    0.18770375E+02    0.29717069E-05    0.28540762E-04
    0.18773751E+02    0.29723241E-05    0.28545717E-04
    0.18800757E+02    0.29772631E-05    0.28585358E-04
    0.18854766E+02    0.29871503E-05    0.28664650E-04
    0.18935776E+02    0.30019922E-05    0.28783526E-04
    0.19043790E+02    0.30217955E-05    0.28941899E-04
    0.19178826E+02    0.30465940E-05    0.29139837E-04
    0.19340926E+02    0.30764563E-05    0.29377542E-04
    0.19530172E+02    0.31113771E-05    0.29654741E-04
    0.19746706E+02    0.31514789E-05    0.29971948E-04
    0.19990748E+02    0.31968082E-05    0.30329175E-04
    0.20262632E+02    0.32475125E-05    0.30726972E-04
    0.20562839E+02    0.33037356E-05    0.31165948E-04
    0.20892043E+02    0.33656711E-05    0.31646979E-04
    0.21251180E+02    0.34335739E-05    0.32171460E-04
    0.21641532E+02    0.35077711E-05    0.32740963E-04
    0.22064854E+02    0.35887125E-05    0.33358177E-04
    0.22523558E+02    0.36769707E-05    0.34026355E-04
    0.23021004E+02    0.37733331E-05    0.34750266E-04
    0.23561980E+02    0.38788884E-05    0.35536658E-04
    0.24153548E+02    0.39952423E-05    0.36395814E-04
    0.24806711E+02    0.41248242E-05    0.37343245E-04
    0.25540133E+02    0.42717154E-05    0.38405676E-04
    0.26390372E+02    0.44438557E-05    0.39635603E-04
    0.27453370E+02    0.46618367E-05    0.41170606E-04
