    0.20792118E-04    0.71979988E-01   -0.58858498E-07
    0.35600744E+00    0.71979988E-01   -0.10063866E-02
    0.10683963E+01    0.71979988E-01   -0.29865262E-02
    0.17819121E+01    0.71979988E-01   -0.48684244E-02
    0.24973235E+01    0.71979988E-01   -0.65854376E-02
    0.32154258E+01    0.71979988E-01   -0.80691548E-02
    0.39370533E+01    0.71979988E-01   -0.92485976E-02
    0.46630930E+01    0.71979988E-01   -0.10058073E-01
    0.53945014E+01    0.71979988E-01   -0.10569828E-01
    0.61323237E+01    0.71979988E-01   -0.10911883E-01
    0.68777188E+01    0.71979988E-01   -0.11151779E-01
    0.76319902E+01    0.71979988E-01   -0.11326521E-01
    0.83966266E+01    0.71979988E-01   -0.11457771E-01
    0.91733556E+01    0.71979988E-01   -0.11558888E-01
    0.99642181E+01    0.71979988E-01   -0.11638481E-01
    0.10771671E+02    0.71979988E-01   -0.11702301E-01
    0.11598740E+02    0.71979988E-01   -0.11754310E-01
    0.12449243E+02    0.71979988E-01   -0.11797316E-01
    0.13328152E+02    0.71979988E-01   -0.11833356E-01
    0.14242187E+02    0.71979988E-01   -0.11863948E-01
    0.15200884E+02    0.71979988E-01   -0.11890254E-01
    0.16218691E+02    0.71979988E-01   -0.11913194E-01
    0.17319682E+02    0.71979988E-01   -0.11933554E-01
    0.18550600E+02    0.71979988E-01   -0.11952113E-01
    0.20033984E+02    0.71979988E-01   -0.11970029E-01
    0.50512376E+00    0.71979988E-01   -0.14259033E-02
    0.61797355E+00    0.71979988E-01   -0.17420306E-02
    0.11817870E+01    0.71979988E-01   -0.32941210E-02
    0.18521233E+01    0.71979988E-01   -0.50455653E-02
    0.25478961E+01    0.71979988E-01   -0.66985951E-02
    0.32548599E+01    0.71979988E-01   -0.81423073E-02
    0.39693247E+01    0.71979988E-01   -0.92929339E-02
    0.46903717E+01    0.71979988E-01   -0.10081555E-01
    0.54180989E+01    0.71979988E-01   -0.10582975E-01
    0.61530922E+01    0.71979988E-01   -0.10919770E-01
    0.68962429E+01    0.71979988E-01   -0.11156769E-01
    0.76486878E+01    0.71979988E-01   -0.11329815E-01
    0.84118064E+01    0.71979988E-01   -0.11460019E-01
    0.91872522E+01    0.71979988E-01   -0.11560467E-01
    0.99770132E+01    0.71979988E-01   -0.11639615E-01
    0.10783508E+02    0.71979988E-01   -0.11703131E-01
    0.11609734E+02    0.71979988E-01   -0.11754928E-01
    0.12459487E+02    0.71979988E-01   -0.11797781E-01
    0.13337721E+02    0.71979988E-01   -0.11833710E-01
    0.14251142E+02    0.71979988E-01   -0.11864219E-01
    0.15209275E+02    0.71979988E-01   -0.11890462E-01
    0.16226555E+02    0.71979988E-01   -0.11913354E-01
    0.17327046E+02    0.71979988E-01   -0.11933677E-01
    0.18557476E+02    0.71979988E-01   -0.11952206E-01
    0.20040351E+02    0.71979988E-01   -0.11970097E-01
    0.11599676E+01    0.71979988E-01   -0.32351432E-02
    0.12133697E+01    0.71979988E-01   -0.33793024E-02
    0.15770210E+01    0.71979988E-01   -0.43423622E-02
    0.21262021E+01    0.71979988E-01   -0.57201670E-02
    0.27535703E+01    0.71979988E-01   -0.71460232E-02
    0.34182580E+01    0.71979988E-01   -0.84352352E-02
    0.41043773E+01    0.71979988E-01   -0.94700424E-02
    0.48052015E+01    0.71979988E-01   -0.10176051E-01
    0.55178048E+01    0.71979988E-01   -0.10636674E-01
    0.62410671E+01    0.71979988E-01   -0.10952309E-01
    0.69748506E+01    0.71979988E-01   -0.11177504E-01
    0.77196373E+01    0.71979988E-01   -0.11343571E-01
    0.84763708E+01    0.71979988E-01   -0.11469449E-01
    0.92464035E+01    0.71979988E-01   -0.11567107E-01
    0.10031509E+02    0.71979988E-01   -0.11644396E-01
    0.10833948E+02    0.71979988E-01   -0.11706638E-01
    0.11656599E+02    0.71979988E-01   -0.11757539E-01
    0.12503167E+02    0.71979988E-01   -0.11799749E-01
    0.13378534E+02    0.71979988E-01   -0.11835208E-01
    0.14289347E+02    0.71979988E-01   -0.11865369E-01
    0.15245078E+02    0.71979988E-01   -0.11891347E-01
    0.16260119E+02    0.71979988E-01   -0.11914036E-01
    0.17358482E+02    0.71979988E-01   -0.11934201E-01
    0.18586831E+02    0.71979988E-01   -0.11952603E-01
    0.20067537E+02    0.71979988E-01   -0.11970388E-01
    0.18198709E+01    0.71979988E-01   -0.49644010E-02
    0.18543655E+01    0.71979988E-01   -0.50511947E-02
    0.21103082E+01    0.71979988E-01   -0.56818232E-02
    0.25469866E+01    0.71979988E-01   -0.66965708E-02
    0.30900736E+01    0.71979988E-01   -0.78304826E-02
    0.36947115E+01    0.71979988E-01   -0.88916624E-02
    0.43373170E+01    0.71979988E-01   -0.97425091E-02
    0.50056335E+01    0.71979988E-01   -0.10325675E-01
    0.56932043E+01    0.71979988E-01   -0.10724380E-01
    0.63966651E+01    0.71979988E-01   -0.11006605E-01
    0.71144182E+01    0.71979988E-01   -0.11212639E-01
    0.78459674E+01    0.71979988E-01   -0.11367147E-01
    0.85915812E+01    0.71979988E-01   -0.11485751E-01
    0.93521326E+01    0.71979988E-01   -0.11578663E-01
    0.10129046E+02    0.71979988E-01   -0.11652761E-01
    0.10924323E+02    0.71979988E-01   -0.11712799E-01
    0.11740643E+02    0.71979988E-01   -0.11762143E-01
    0.12581557E+02    0.71979988E-01   -0.11803231E-01
    0.13451824E+02    0.71979988E-01   -0.11837866E-01
    0.14357989E+02    0.71979988E-01   -0.11867410E-01
    0.15309435E+02    0.71979988E-01   -0.11892922E-01
    0.16320474E+02    0.71979988E-01   -0.11915252E-01
    0.17415031E+02    0.71979988E-01   -0.11935136E-01
    0.18639653E+02    0.71979988E-01   -0.11953313E-01
    0.20116472E+02    0.71979988E-01   -0.11970908E-01
    0.24825455E+01    0.71979988E-01   -0.65521456E-02
    0.25079421E+01    0.71979988E-01   -0.66092966E-02
    0.27026843E+01    0.71979988E-01   -0.70372840E-02
    0.30558538E+01    0.71979988E-01   -0.77637392E-02
    0.35213146E+01    0.71979988E-01   -0.86112880E-02
    0.40622648E+01    0.71979988E-01   -0.94162919E-02
    0.46543980E+01    0.71979988E-01   -0.10050502E-01
    0.52827520E+01    0.71979988E-01   -0.10505157E-01
    0.59383228E+01    0.71979988E-01   -0.10834167E-01
    0.66157710E+01    0.71979988E-01   -0.11076660E-01
    0.73120482E+01    0.71979988E-01   -0.11258988E-01
    0.80256032E+01    0.71979988E-01   -0.11398770E-01
    0.87559334E+01    0.71979988E-01   -0.11507899E-01
    0.95033407E+01    0.71979988E-01   -0.11594523E-01
    0.10268820E+02    0.71979988E-01   -0.11664335E-01
    0.11054046E+02    0.71979988E-01   -0.11721380E-01
    0.11861442E+02    0.71979988E-01   -0.11768590E-01
    0.12694357E+02    0.71979988E-01   -0.11808127E-01
    0.13557385E+02    0.71979988E-01   -0.11841617E-01
    0.14456934E+02    0.71979988E-01   -0.11870302E-01
    0.15402270E+02    0.71979988E-01   -0.11895159E-01
    0.16407589E+02    0.71979988E-01   -0.11916984E-01
    0.17496697E+02    0.71979988E-01   -0.11936470E-01
    0.18715977E+02    0.71979988E-01   -0.11954327E-01
    0.20187213E+02    0.71979988E-01   -0.11971654E-01
    0.31481781E+01    0.71979988E-01   -0.79422622E-02
    0.31682434E+01    0.71979988E-01   -0.79804048E-02
    0.33245294E+01    0.71979988E-01   -0.82692343E-02
    0.36174903E+01    0.71979988E-01   -0.87692997E-02
    0.40184138E+01    0.71979988E-01   -0.93588953E-02
    0.44999987E+01    0.71979988E-01   -0.99086567E-02
    0.50409735E+01    0.71979988E-01   -0.10350221E-01
    0.56263187E+01    0.71979988E-01   -0.10691901E-01
    0.62459323E+01    0.71979988E-01   -0.10954069E-01
    0.68932155E+01    0.71979988E-01   -0.11155956E-01
    0.75639964E+01    0.71979988E-01   -0.11312884E-01
    0.82558040E+01    0.71979988E-01   -0.11436313E-01
    0.89674056E+01    0.71979988E-01   -0.11534622E-01
    0.96985297E+01    0.71979988E-01   -0.11613908E-01
    0.10449721E+02    0.71979988E-01   -0.11678628E-01
    0.11222296E+02    0.71979988E-01   -0.11732067E-01
    0.12018394E+02    0.71979988E-01   -0.11776676E-01
    0.12841132E+02    0.71979988E-01   -0.11814306E-01
    0.13694914E+02    0.71979988E-01   -0.11846374E-01
    0.14585984E+02    0.71979988E-01   -0.11873985E-01
    0.15523463E+02    0.71979988E-01   -0.11898019E-01
    0.16521409E+02    0.71979988E-01   -0.11919204E-01
    0.17603477E+02    0.71979988E-01   -0.11938185E-01
    0.18815838E+02    0.71979988E-01   -0.11955636E-01
    0.20279831E+02    0.71979988E-01   -0.11972618E-01
    0.38173640E+01    0.71979988E-01   -0.90775353E-02
    0.38339287E+01    0.71979988E-01   -0.91018251E-02
    0.39640558E+01    0.71979988E-01   -0.92857477E-02
    0.42127756E+01    0.71979988E-01   -0.96021203E-02
    0.45616765E+01    0.71979988E-01   -0.99670494E-02
    0.49911152E+01    0.71979988E-01   -0.10315439E-01
    0.54838541E+01    0.71979988E-01   -0.10618718E-01
    0.60263342E+01    0.71979988E-01   -0.10870355E-01
    0.66085485E+01    0.71979988E-01   -0.11074461E-01
    0.72234107E+01    0.71979988E-01   -0.11238671E-01
    0.78660844E+01    0.71979988E-01   -0.11370797E-01
    0.85334367E+01    0.71979988E-01   -0.11477606E-01
    0.92236438E+01    0.71979988E-01   -0.11564567E-01
    0.99359308E+01    0.71979988E-01   -0.11635959E-01
    0.10670422E+02    0.71979988E-01   -0.11695087E-01
    0.11428087E+02    0.71979988E-01   -0.11744500E-01
    0.12210775E+02    0.71979988E-01   -0.11786163E-01
    0.13021364E+02    0.71979988E-01   -0.11821607E-01
    0.13864051E+02    0.71979988E-01   -0.11852030E-01
    0.14744903E+02    0.71979988E-01   -0.11878387E-01
    0.15672879E+02    0.71979988E-01   -0.11901453E-01
    0.16661879E+02    0.71979988E-01   -0.11921882E-01
    0.17735379E+02    0.71979988E-01   -0.11940262E-01
    0.18939298E+02    0.71979988E-01   -0.11957225E-01
    0.20394430E+02    0.71979988E-01   -0.11973792E-01
    0.44908491E+01    0.71979988E-01   -0.98997888E-02
    0.45049380E+01    0.71979988E-01   -0.99134215E-02
    0.46161885E+01    0.71979988E-01   -0.10016721E-01
    0.48314528E+01    0.71979988E-01   -0.10196713E-01
    0.51385163E+01    0.71979988E-01   -0.10415365E-01
    0.55232860E+01    0.71979988E-01   -0.10639542E-01
    0.59722788E+01    0.71979988E-01   -0.10848319E-01
    0.64739603E+01    0.71979988E-01   -0.11032133E-01
    0.70191432E+01    0.71979988E-01   -0.11188882E-01
    0.76008631E+01    0.71979988E-01   -0.11320324E-01
    0.82140576E+01    0.71979988E-01   -0.11429739E-01
    0.88552244E+01    0.71979988E-01   -0.11520685E-01
    0.95221354E+01    0.71979988E-01   -0.11596442E-01
    0.10213627E+02    0.71979988E-01   -0.11659822E-01
    0.10929472E+02    0.71979988E-01   -0.11713146E-01
    0.11670331E+02    0.71979988E-01   -0.11758298E-01
    0.12437785E+02    0.71979988E-01   -0.11796795E-01
    0.13234477E+02    0.71979988E-01   -0.11829856E-01
    0.14064401E+02    0.71979988E-01   -0.11858465E-01
    0.14933440E+02    0.71979988E-01   -0.11883426E-01
    0.15850382E+02    0.71979988E-01   -0.11905406E-01
    0.16828953E+02    0.71979988E-01   -0.11924978E-01
    0.17892432E+02    0.71979988E-01   -0.11942673E-01
    0.19086447E+02    0.71979988E-01   -0.11959077E-01
    0.20531153E+02    0.71979988E-01   -0.11975167E-01
    0.51694806E+01    0.71979988E-01   -0.10435276E-01
    0.51817247E+01    0.71979988E-01   -0.10443052E-01
    0.52787309E+01    0.71979988E-01   -0.10502753E-01
    0.54679740E+01    0.71979988E-01   -0.10610204E-01
    0.57410934E+01    0.71979988E-01   -0.10746940E-01
    0.60878972E+01    0.71979988E-01   -0.10894741E-01
    0.64979934E+01    0.71979988E-01   -0.11039885E-01
    0.69618939E+01    0.71979988E-01   -0.11174135E-01
    0.74715577E+01    0.71979988E-01   -0.11293743E-01
    0.80205314E+01    0.71979988E-01   -0.11397907E-01
    0.86038681E+01    0.71979988E-01   -0.11487450E-01
    0.92179610E+01    0.71979988E-01   -0.11563930E-01
    0.98603685E+01    0.71979988E-01   -0.11629113E-01
    0.10529672E+02    0.71979988E-01   -0.11684710E-01
    0.11225381E+02    0.71979988E-01   -0.11732258E-01
    0.11947905E+02    0.71979988E-01   -0.11773084E-01
    0.12698594E+02    0.71979988E-01   -0.11808309E-01
    0.13479881E+02    0.71979988E-01   -0.11838871E-01
    0.14295565E+02    0.71979988E-01   -0.11865555E-01
    0.15151351E+02    0.71979988E-01   -0.11889017E-01
    0.16055853E+02    0.71979988E-01   -0.11909817E-01
    0.17022616E+02    0.71979988E-01   -0.11928452E-01
    0.18074704E+02    0.71979988E-01   -0.11945393E-01
    0.19257421E+02    0.71979988E-01   -0.11961176E-01
    0.20690192E+02    0.71979988E-01   -0.11976731E-01
    0.58542052E+01    0.71979988E-01   -0.10798043E-01
    0.58650200E+01    0.71979988E-01   -0.10802774E-01
    0.59508981E+01    0.71979988E-01   -0.10839436E-01
    0.61193896E+01    0.71979988E-01   -0.10906931E-01
    0.63646165E+01    0.71979988E-01   -0.10995747E-01
    0.66791228E+01    0.71979988E-01   -0.11095641E-01
    0.70549349E+01    0.71979988E-01   -0.11197919E-01
    0.74843941E+01    0.71979988E-01   -0.11296443E-01
    0.79606761E+01    0.71979988E-01   -0.11387588E-01
    0.84780371E+01    0.71979988E-01   -0.11469690E-01
    0.90318732E+01    0.71979988E-01   -0.11542397E-01
    0.96186794E+01    0.71979988E-01   -0.11606121E-01
    0.10235969E+02    0.71979988E-01   -0.11661657E-01
    0.10882195E+02    0.71979988E-01   -0.11709946E-01
    0.11556702E+02    0.71979988E-01   -0.11751934E-01
    0.12259715E+02    0.71979988E-01   -0.11788506E-01
    0.12992401E+02    0.71979988E-01   -0.11820454E-01
    0.13757012E+02    0.71979988E-01   -0.11848475E-01
    0.14557176E+02    0.71979988E-01   -0.11873171E-01
    0.15398429E+02    0.71979988E-01   -0.11895068E-01
    0.16289217E+02    0.71979988E-01   -0.11914624E-01
    0.17242902E+02    0.71979988E-01   -0.11932261E-01
    0.18282317E+02    0.71979988E-01   -0.11948390E-01
    0.19452416E+02    0.71979988E-01   -0.11963501E-01
    0.20871805E+02    0.71979988E-01   -0.11978472E-01
    0.65460834E+01    0.71979988E-01   -0.11055140E-01
    0.65557569E+01    0.71979988E-01   -0.11058169E-01
    0.66326976E+01    0.71979988E-01   -0.11081785E-01
    0.67842773E+01    0.71979988E-01   -0.11125980E-01
    0.70062709E+01    0.71979988E-01   -0.11185597E-01
    0.72931591E+01    0.71979988E-01   -0.11254720E-01
    0.76388216E+01    0.71979988E-01   -0.11327872E-01
    0.80371415E+01    0.71979988E-01   -0.11400729E-01
    0.84824438E+01    0.71979988E-01   -0.11470325E-01
    0.89697604E+01    0.71979988E-01   -0.11534909E-01
    0.94949578E+01    0.71979988E-01   -0.11593664E-01
    0.10054774E+02    0.71979988E-01   -0.11646414E-01
    0.10646809E+02    0.71979988E-01   -0.11693375E-01
    0.11269501E+02    0.71979988E-01   -0.11734979E-01
    0.11922116E+02    0.71979988E-01   -0.11771754E-01
    0.12604765E+02    0.71979988E-01   -0.11804249E-01
    0.13318483E+02    0.71979988E-01   -0.11832998E-01
    0.14065378E+02    0.71979988E-01   -0.11858496E-01
    0.14848934E+02    0.71979988E-01   -0.11881191E-01
    0.15674537E+02    0.71979988E-01   -0.11901491E-01
    0.16550471E+02    0.71979988E-01   -0.11919764E-01
    0.17489916E+02    0.71979988E-01   -0.11936360E-01
    0.18515469E+02    0.71979988E-01   -0.11951635E-01
    0.19671705E+02    0.71979988E-01   -0.11966032E-01
    0.21076331E+02    0.71979988E-01   -0.11980379E-01
    0.72463151E+01    0.71979988E-01   -0.11243992E-01
    0.72550550E+01    0.71979988E-01   -0.11246010E-01
    0.73246537E+01    0.71979988E-01   -0.11261817E-01
    0.74621909E+01    0.71979988E-01   -0.11291763E-01
    0.76645748E+01    0.71979988E-01   -0.11332929E-01
    0.79276759E+01    0.71979988E-01   -0.11381798E-01
    0.82467855E+01    0.71979988E-01   -0.11434901E-01
    0.86170481E+01    0.71979988E-01   -0.11489266E-01
    0.90338102E+01    0.71979988E-01   -0.11542628E-01
    0.94928645E+01    0.71979988E-01   -0.11593449E-01
    0.99906005E+01    0.71979988E-01   -0.11640815E-01
    0.10524085E+02    0.71979988E-01   -0.11684290E-01
    0.11091096E+02    0.71979988E-01   -0.11723775E-01
    0.11690147E+02    0.71979988E-01   -0.11759389E-01
    0.12320500E+02    0.71979988E-01   -0.11791376E-01
    0.12982218E+02    0.71979988E-01   -0.11820047E-01
    0.13676251E+02    0.71979988E-01   -0.11845737E-01
    0.14404608E+02    0.71979988E-01   -0.11868780E-01
    0.15170653E+02    0.71979988E-01   -0.11889500E-01
    0.15979643E+02    0.71979988E-01   -0.11908201E-01
    0.16839714E+02    0.71979988E-01   -0.11925174E-01
    0.17763868E+02    0.71979988E-01   -0.11940704E-01
    0.18774463E+02    0.71979988E-01   -0.11955096E-01
    0.19915668E+02    0.71979988E-01   -0.11968748E-01
    0.21304216E+02    0.71979988E-01   -0.11982437E-01
    0.79562752E+01    0.71979988E-01   -0.11386820E-01
    0.79642361E+01    0.71979988E-01   -0.11388208E-01
    0.80276887E+01    0.71979988E-01   -0.11399125E-01
    0.81533752E+01    0.71979988E-01   -0.11420001E-01
    0.83390012E+01    0.71979988E-01   -0.11449122E-01
    0.85814497E+01    0.71979988E-01   -0.11484343E-01
    0.88770887E+01    0.71979988E-01   -0.11523443E-01
    0.92220796E+01    0.71979988E-01   -0.11564392E-01
    0.96126459E+01    0.71979988E-01   -0.11605524E-01
    0.10045283E+02    0.71979988E-01   -0.11645593E-01
    0.10516907E+02    0.71979988E-01   -0.11683748E-01
    0.11024953E+02    0.71979988E-01   -0.11719482E-01
    0.11567439E+02    0.71979988E-01   -0.11752544E-01
    0.12143013E+02    0.71979988E-01   -0.11782873E-01
    0.12750998E+02    0.71979988E-01   -0.11810537E-01
    0.13391461E+02    0.71979988E-01   -0.11835680E-01
    0.14065315E+02    0.71979988E-01   -0.11858494E-01
    0.14774504E+02    0.71979988E-01   -0.11879191E-01
    0.15522305E+02    0.71979988E-01   -0.11897992E-01
    0.16313866E+02    0.71979988E-01   -0.11915120E-01
    0.17157191E+02    0.71979988E-01   -0.11930797E-01
    0.18065111E+02    0.71979988E-01   -0.11945252E-01
    0.19059740E+02    0.71979988E-01   -0.11958744E-01
    0.20184823E+02    0.71979988E-01   -0.11971629E-01
    0.21556039E+02    0.71979988E-01   -0.11984634E-01
    0.86775633E+01    0.71979988E-01   -0.11497495E-01
    0.86848630E+01    0.71979988E-01   -0.11498476E-01
    0.87430873E+01    0.71979988E-01   -0.11506213E-01
    0.88586294E+01    0.71979988E-01   -0.11521116E-01
    0.90297690E+01    0.71979988E-01   -0.11542146E-01
    0.92541379E+01    0.71979988E-01   -0.11567966E-01
    0.95289293E+01    0.71979988E-01   -0.11597133E-01
    0.98511188E+01    0.71979988E-01   -0.11628264E-01
    0.10217669E+02    0.71979988E-01   -0.11660155E-01
    0.10625700E+02    0.71979988E-01   -0.11691835E-01
    0.11072629E+02    0.71979988E-01   -0.11722584E-01
    0.11556270E+02    0.71979988E-01   -0.11751910E-01
    0.12074910E+02    0.71979988E-01   -0.11779510E-01
    0.12627373E+02    0.71979988E-01   -0.11805236E-01
    0.13213090E+02    0.71979988E-01   -0.11829046E-01
    0.13832173E+02    0.71979988E-01   -0.11850979E-01
    0.14485540E+02    0.71979988E-01   -0.11871127E-01
    0.15175103E+02    0.71979988E-01   -0.11889611E-01
    0.15904080E+02    0.71979988E-01   -0.11906576E-01
    0.16677530E+02    0.71979988E-01   -0.11922176E-01
    0.17503342E+02    0.71979988E-01   -0.11936577E-01
    0.18394185E+02    0.71979988E-01   -0.11949963E-01
    0.19371925E+02    0.71979988E-01   -0.11962550E-01
    0.20479865E+02    0.71979988E-01   -0.11974654E-01
    0.21832559E+02    0.71979988E-01   -0.11986958E-01
    0.94120709E+01    0.71979988E-01   -0.11585042E-01
    0.94188014E+01    0.71979988E-01   -0.11585751E-01
    0.94725155E+01    0.71979988E-01   -0.11591352E-01
    0.95792635E+01    0.71979988E-01   -0.11602205E-01
    0.97377463E+01    0.71979988E-01   -0.11617662E-01
    0.99461571E+01    0.71979988E-01   -0.11636873E-01
    0.10202327E+02    0.71979988E-01   -0.11658889E-01
    0.10503881E+02    0.71979988E-01   -0.11682763E-01
    0.10848397E+02    0.71979988E-01   -0.11707633E-01
    0.11233542E+02    0.71979988E-01   -0.11732764E-01
    0.11657191E+02    0.71979988E-01   -0.11757572E-01
    0.12117523E+02    0.71979988E-01   -0.11781621E-01
    0.12613105E+02    0.71979988E-01   -0.11804614E-01
    0.13142965E+02    0.71979988E-01   -0.11826363E-01
    0.13706667E+02    0.71979988E-01   -0.11846773E-01
    0.14304404E+02    0.71979988E-01   -0.11865819E-01
    0.14937130E+02    0.71979988E-01   -0.11883523E-01
    0.15606753E+02    0.71979988E-01   -0.11899946E-01
    0.16316456E+02    0.71979988E-01   -0.11915172E-01
    0.17071233E+02    0.71979988E-01   -0.11929306E-01
    0.17878869E+02    0.71979988E-01   -0.11942468E-01
    0.18751880E+02    0.71979988E-01   -0.11954800E-01
    0.19711886E+02    0.71979988E-01   -0.11966486E-01
    0.20801727E+02    0.71979988E-01   -0.11977806E-01
    0.22134760E+02    0.71979988E-01   -0.11989395E-01
    0.10162078E+02    0.71979988E-01   -0.11655540E-01
    0.10168312E+02    0.71979988E-01   -0.11656061E-01
    0.10218087E+02    0.71979988E-01   -0.11660189E-01
    0.10317124E+02    0.71979988E-01   -0.11668225E-01
    0.10464438E+02    0.71979988E-01   -0.11679758E-01
    0.10658649E+02    0.71979988E-01   -0.11694235E-01
    0.10898084E+02    0.71979988E-01   -0.11711026E-01
    0.11180889E+02    0.71979988E-01   -0.11729482E-01
    0.11505150E+02    0.71979988E-01   -0.11748984E-01
    0.11869003E+02    0.71979988E-01   -0.11768987E-01
    0.12270732E+02    0.71979988E-01   -0.11789029E-01
    0.12708860E+02    0.71979988E-01   -0.11808747E-01
    0.13182230E+02    0.71979988E-01   -0.11827870E-01
    0.13690080E+02    0.71979988E-01   -0.11846209E-01
    0.14232128E+02    0.71979988E-01   -0.11863644E-01
    0.14808671E+02    0.71979988E-01   -0.11880113E-01
    0.15420720E+02    0.71979988E-01   -0.11895599E-01
    0.16070205E+02    0.71979988E-01   -0.11910119E-01
    0.16760295E+02    0.71979988E-01   -0.11923717E-01
    0.17495935E+02    0.71979988E-01   -0.11936457E-01
    0.18284822E+02    0.71979988E-01   -0.11948426E-01
    0.19139325E+02    0.71979988E-01   -0.11959732E-01
    0.20080817E+02    0.71979988E-01   -0.11970529E-01
    0.21151657E+02    0.71979988E-01   -0.11981067E-01
    0.22463935E+02    0.71979988E-01   -0.11991936E-01
    0.10930394E+02    0.71979988E-01   -0.11713208E-01
    0.10936191E+02    0.71979988E-01   -0.11713597E-01
    0.10982486E+02    0.71979988E-01   -0.11716684E-01
    0.11074689E+02    0.71979988E-01   -0.11722717E-01
    0.11212054E+02    0.71979988E-01   -0.11731430E-01
    0.11393528E+02    0.71979988E-01   -0.11742459E-01
    0.11617827E+02    0.71979988E-01   -0.11755381E-01
    0.11883516E+02    0.71979988E-01   -0.11769747E-01
    0.12189100E+02    0.71979988E-01   -0.11785117E-01
    0.12533113E+02    0.71979988E-01   -0.11801087E-01
    0.12914199E+02    0.71979988E-01   -0.11817303E-01
    0.13331196E+02    0.71979988E-01   -0.11833469E-01
    0.13783209E+02    0.71979988E-01   -0.11849352E-01
    0.14269687E+02    0.71979988E-01   -0.11864778E-01
    0.14790509E+02    0.71979988E-01   -0.11879624E-01
    0.15346088E+02    0.71979988E-01   -0.11893810E-01
    0.15937512E+02    0.71979988E-01   -0.11907298E-01
    0.16566749E+02    0.71979988E-01   -0.11920076E-01
    0.17236971E+02    0.71979988E-01   -0.11932160E-01
    0.17953090E+02    0.71979988E-01   -0.11943588E-01
    0.18722724E+02    0.71979988E-01   -0.11954417E-01
    0.19558105E+02    0.71979988E-01   -0.11964731E-01
    0.20480354E+02    0.71979988E-01   -0.11974659E-01
    0.21531332E+02    0.71979988E-01   -0.11984422E-01
    0.22821789E+02    0.71979988E-01   -0.11994571E-01
    0.11720567E+02    0.71979988E-01   -0.11761052E-01
    0.11725973E+02    0.71979988E-01   -0.11761347E-01
    0.11769162E+02    0.71979988E-01   -0.11763683E-01
    0.11855248E+02    0.71979988E-01   -0.11768264E-01
    0.11983669E+02    0.71979988E-01   -0.11774914E-01
    0.12153627E+02    0.71979988E-01   -0.11783392E-01
    0.12364145E+02    0.71979988E-01   -0.11793410E-01
    0.12614124E+02    0.71979988E-01   -0.11804658E-01
    0.12902416E+02    0.71979988E-01   -0.11816823E-01
    0.13227891E+02    0.71979988E-01   -0.11829607E-01
    0.13589508E+02    0.71979988E-01   -0.11842741E-01
    0.13986385E+02    0.71979988E-01   -0.11855992E-01
    0.14417872E+02    0.71979988E-01   -0.11869168E-01
    0.14883620E+02    0.71979988E-01   -0.11882113E-01
    0.15383671E+02    0.71979988E-01   -0.11894714E-01
    0.15918562E+02    0.71979988E-01   -0.11906889E-01
    0.16489465E+02    0.71979988E-01   -0.11918586E-01
    0.17098402E+02    0.71979988E-01   -0.11929779E-01
    0.17748559E+02    0.71979988E-01   -0.11940467E-01
    0.18444826E+02    0.71979988E-01   -0.11950665E-01
    0.19194754E+02    0.71979988E-01   -0.11960413E-01
    0.20010438E+02    0.71979988E-01   -0.11969776E-01
    0.20912749E+02    0.71979988E-01   -0.11978859E-01
    0.21943027E+02    0.71979988E-01   -0.11987861E-01
    0.23210606E+02    0.71979988E-01   -0.11997293E-01
    0.12537217E+02    0.71979988E-01   -0.11801270E-01
    0.12542271E+02    0.71979988E-01   -0.11801494E-01
    0.12582658E+02    0.71979988E-01   -0.11803279E-01
    0.12663216E+02    0.71979988E-01   -0.11806789E-01
    0.12783522E+02    0.71979988E-01   -0.11811906E-01
    0.12942982E+02    0.71979988E-01   -0.11818469E-01
    0.13140860E+02    0.71979988E-01   -0.11826282E-01
    0.13376332E+02    0.71979988E-01   -0.11835128E-01
    0.13648533E+02    0.71979988E-01   -0.11844786E-01
    0.13956619E+02    0.71979988E-01   -0.11855038E-01
    0.14299819E+02    0.71979988E-01   -0.11865682E-01
    0.14677503E+02    0.71979988E-01   -0.11876537E-01
    0.15089240E+02    0.71979988E-01   -0.11887448E-01
    0.15534873E+02    0.71979988E-01   -0.11898285E-01
    0.16014601E+02    0.71979988E-01   -0.11908946E-01
    0.16529087E+02    0.71979988E-01   -0.11919352E-01
    0.17079596E+02    0.71979988E-01   -0.11929452E-01
    0.17668205E+02    0.71979988E-01   -0.11939210E-01
    0.18298127E+02    0.71979988E-01   -0.11948614E-01
    0.18974238E+02    0.71979988E-01   -0.11957668E-01
    0.19704028E+02    0.71979988E-01   -0.11966397E-01
    0.20499457E+02    0.71979988E-01   -0.11974850E-01
    0.21381141E+02    0.71979988E-01   -0.11983117E-01
    0.22389877E+02    0.71979988E-01   -0.11991375E-01
    0.23633500E+02    0.71979988E-01   -0.12000097E-01
    0.13386592E+02    0.71979988E-01   -0.11835503E-01
    0.13391325E+02    0.71979988E-01   -0.11835675E-01
    0.13429159E+02    0.71979988E-01   -0.11837049E-01
    0.13504668E+02    0.71979988E-01   -0.11839754E-01
    0.13617542E+02    0.71979988E-01   -0.11843715E-01
    0.13767345E+02    0.71979988E-01   -0.11848821E-01
    0.13953538E+02    0.71979988E-01   -0.11854939E-01
    0.14175517E+02    0.71979988E-01   -0.11861917E-01
    0.14432653E+02    0.71979988E-01   -0.11869598E-01
    0.14724341E+02    0.71979988E-01   -0.11877825E-01
    0.15050045E+02    0.71979988E-01   -0.11886448E-01
    0.15409351E+02    0.71979988E-01   -0.11895328E-01
    0.15802031E+02    0.71979988E-01   -0.11904343E-01
    0.16228102E+02    0.71979988E-01   -0.11913386E-01
    0.16687914E+02    0.71979988E-01   -0.11922370E-01
    0.17182251E+02    0.71979988E-01   -0.11931227E-01
    0.17712470E+02    0.71979988E-01   -0.11939904E-01
    0.18280714E+02    0.71979988E-01   -0.11948367E-01
    0.18890222E+02    0.71979988E-01   -0.11956597E-01
    0.19545863E+02    0.71979988E-01   -0.11964590E-01
    0.20255067E+02    0.71979988E-01   -0.11972361E-01
    0.21029664E+02    0.71979988E-01   -0.11979949E-01
    0.21890003E+02    0.71979988E-01   -0.11987429E-01
    0.22876311E+02    0.71979988E-01   -0.11994962E-01
    0.24094841E+02    0.71979988E-01   -0.12002984E-01
    0.14277557E+02    0.71979988E-01   -0.11865015E-01
    0.14281994E+02    0.71979988E-01   -0.11865148E-01
    0.14317475E+02    0.71979988E-01   -0.11866209E-01
    0.14388323E+02    0.71979988E-01   -0.11868303E-01
    0.14494318E+02    0.71979988E-01   -0.11871379E-01
    0.14635149E+02    0.71979988E-01   -0.11875362E-01
    0.14810436E+02    0.71979988E-01   -0.11880160E-01
    0.15019756E+02    0.71979988E-01   -0.11885670E-01
    0.15262676E+02    0.71979988E-01   -0.11891780E-01
    0.15538791E+02    0.71979988E-01   -0.11898376E-01
    0.15847765E+02    0.71979988E-01   -0.11905349E-01
    0.16189376E+02    0.71979988E-01   -0.11912594E-01
    0.16563573E+02    0.71979988E-01   -0.11920015E-01
    0.16970536E+02    0.71979988E-01   -0.11927530E-01
    0.17410751E+02    0.71979988E-01   -0.11935065E-01
    0.17885120E+02    0.71979988E-01   -0.11942563E-01
    0.18395092E+02    0.71979988E-01   -0.11949975E-01
    0.18942869E+02    0.71979988E-01   -0.11957270E-01
    0.19531725E+02    0.71979988E-01   -0.11964426E-01
    0.20166520E+02    0.71979988E-01   -0.11971436E-01
    0.20854628E+02    0.71979988E-01   -0.11978310E-01
    0.21607743E+02    0.71979988E-01   -0.11985076E-01
    0.22445935E+02    0.71979988E-01   -0.11991800E-01
    0.23408831E+02    0.71979988E-01   -0.11998627E-01
    0.24600999E+02    0.71979988E-01   -0.12005960E-01
    0.15223548E+02    0.71979988E-01   -0.11890815E-01
    0.15227710E+02    0.71979988E-01   -0.11890918E-01
    0.15260992E+02    0.71979988E-01   -0.11891738E-01
    0.15327479E+02    0.71979988E-01   -0.11893360E-01
    0.15427023E+02    0.71979988E-01   -0.11895749E-01
    0.15559414E+02    0.71979988E-01   -0.11898855E-01
    0.15724401E+02    0.71979988E-01   -0.11902615E-01
    0.15921710E+02    0.71979988E-01   -0.11906957E-01
    0.16151069E+02    0.71979988E-01   -0.11911804E-01
    0.16412245E+02    0.71979988E-01   -0.11917076E-01
    0.16705072E+02    0.71979988E-01   -0.11922691E-01
    0.17029494E+02    0.71979988E-01   -0.11928573E-01
    0.17385619E+02    0.71979988E-01   -0.11934651E-01
    0.17773769E+02    0.71979988E-01   -0.11940857E-01
    0.18194561E+02    0.71979988E-01   -0.11947136E-01
    0.18649003E+02    0.71979988E-01   -0.11953438E-01
    0.19138630E+02    0.71979988E-01   -0.11959724E-01
    0.19665708E+02    0.71979988E-01   -0.11965964E-01
    0.20233538E+02    0.71979988E-01   -0.11972138E-01
    0.20846973E+02    0.71979988E-01   -0.11978237E-01
    0.21513328E+02    0.71979988E-01   -0.11984267E-01
    0.22244153E+02    0.71979988E-01   -0.11990253E-01
    0.23059223E+02    0.71979988E-01   -0.11996250E-01
    0.23997524E+02    0.71979988E-01   -0.12002390E-01
    0.25161815E+02    0.71979988E-01   -0.12009041E-01
    0.16246953E+02    0.71979988E-01   -0.11913769E-01
    0.16250853E+02    0.71979988E-01   -0.11913849E-01
    0.16282044E+02    0.71979988E-01   -0.11914480E-01
    0.16344378E+02    0.71979988E-01   -0.11915730E-01
    0.16437764E+02    0.71979988E-01   -0.11917577E-01
    0.16562078E+02    0.71979988E-01   -0.11919987E-01
    0.16717173E+02    0.71979988E-01   -0.11922917E-01
    0.16902896E+02    0.71979988E-01   -0.11926319E-01
    0.17119116E+02    0.71979988E-01   -0.11930139E-01
    0.17365738E+02    0.71979988E-01   -0.11934321E-01
    0.17642746E+02    0.71979988E-01   -0.11938808E-01
    0.17950230E+02    0.71979988E-01   -0.11943545E-01
    0.18288434E+02    0.71979988E-01   -0.11948477E-01
    0.18657811E+02    0.71979988E-01   -0.11953556E-01
    0.19059095E+02    0.71979988E-01   -0.11958736E-01
    0.19493393E+02    0.71979988E-01   -0.11963980E-01
    0.19962321E+02    0.71979988E-01   -0.11969256E-01
    0.20468198E+02    0.71979988E-01   -0.11974537E-01
    0.21014355E+02    0.71979988E-01   -0.11979807E-01
    0.21605633E+02    0.71979988E-01   -0.11985058E-01
    0.22249278E+02    0.71979988E-01   -0.11990293E-01
    0.22956685E+02    0.71979988E-01   -0.11995532E-01
    0.23747313E+02    0.71979988E-01   -0.12000826E-01
    0.24659445E+02    0.71979988E-01   -0.12006291E-01
    0.25793875E+02    0.71979988E-01   -0.12012267E-01
    0.17391242E+02    0.71979988E-01   -0.11934743E-01
    0.17394885E+02    0.71979988E-01   -0.11934804E-01
    0.17424028E+02    0.71979988E-01   -0.11935284E-01
    0.17482291E+02    0.71979988E-01   -0.11936236E-01
    0.17569630E+02    0.71979988E-01   -0.11937645E-01
    0.17685990E+02    0.71979988E-01   -0.11939490E-01
    0.17831312E+02    0.71979988E-01   -0.11941742E-01
    0.18005547E+02    0.71979988E-01   -0.11944371E-01
    0.18208677E+02    0.71979988E-01   -0.11947339E-01
    0.18440734E+02    0.71979988E-01   -0.11950608E-01
    0.18701826E+02    0.71979988E-01   -0.11954140E-01
    0.18992171E+02    0.71979988E-01   -0.11957895E-01
    0.19312137E+02    0.71979988E-01   -0.11961835E-01
    0.19662292E+02    0.71979988E-01   -0.11965925E-01
    0.20043476E+02    0.71979988E-01   -0.11970131E-01
    0.20456886E+02    0.71979988E-01   -0.11974423E-01
    0.20904211E+02    0.71979988E-01   -0.11978778E-01
    0.21387822E+02    0.71979988E-01   -0.11983176E-01
    0.21911069E+02    0.71979988E-01   -0.11987601E-01
    0.22478772E+02    0.71979988E-01   -0.11992048E-01
    0.23098099E+02    0.71979988E-01   -0.11996520E-01
    0.23780270E+02    0.71979988E-01   -0.12001035E-01
    0.24544382E+02    0.71979988E-01   -0.12005636E-01
    0.25427938E+02    0.71979988E-01   -0.12010430E-01
    0.26529527E+02    0.71979988E-01   -0.12015722E-01
    0.18770375E+02    0.71979988E-01   -0.11955043E-01
    0.18773751E+02    0.71979988E-01   -0.11955087E-01
    0.18800757E+02    0.71979988E-01   -0.11955440E-01
    0.18854766E+02    0.71979988E-01   -0.11956140E-01
    0.18935776E+02    0.71979988E-01   -0.11957180E-01
    0.19043790E+02    0.71979988E-01   -0.11958545E-01
    0.19178826E+02    0.71979988E-01   -0.11960218E-01
    0.19340926E+02    0.71979988E-01   -0.11962180E-01
    0.19530172E+02    0.71979988E-01   -0.11964408E-01
    0.19746706E+02    0.71979988E-01   -0.11966878E-01
    0.19990748E+02    0.71979988E-01   -0.11969563E-01
    0.20262632E+02    0.71979988E-01   -0.11972440E-01
    0.20562839E+02    0.71979988E-01   -0.11975481E-01
    0.20892043E+02    0.71979988E-01   -0.11978664E-01
    0.21251180E+02    0.71979988E-01   -0.11981964E-01
    0.21641532E+02    0.71979988E-01   -0.11985363E-01
    0.22064854E+02    0.71979988E-01   -0.11988841E-01
    0.22523558E+02    0.71979988E-01   -0.11992384E-01
    0.23021004E+02    0.71979988E-01   -0.11995984E-01
    0.23561980E+02    0.71979988E-01   -0.11999634E-01
    0.24153548E+02    0.71979988E-01   -0.12003339E-01
    0.24806711E+02    0.71979988E-01   -0.12007115E-01
    0.25540133E+02    0.71979988E-01   -0.12011002E-01
    0.26390372E+02    0.71979988E-01   -0.12015091E-01
    0.27453370E+02    0.71979988E-01   -0.12019655E-01
