    0.24304820E-04   -0.19811419E-09    0.15320113E-11
    0.33635361E+00    0.72077072E-09   -0.50128778E-11
    0.10094141E+01    0.64966001E-08   -0.13438618E-09
    0.16835394E+01    0.18022811E-07   -0.61023404E-09
    0.23594557E+01    0.35263876E-07   -0.16254821E-08
    0.30379142E+01    0.58182224E-07   -0.33160749E-08
    0.37197034E+01    0.86760602E-07   -0.57381080E-08
    0.44056612E+01    0.12102545E-06   -0.88438993E-08
    0.50966913E+01    0.16107522E-06   -0.12456090E-07
    0.57937813E+01    0.20708722E-06   -0.16395698E-07
    0.64980259E+01    0.25927241E-06   -0.20734591E-07
    0.72106568E+01    0.31788467E-06   -0.25542185E-07
    0.79330805E+01    0.38323696E-06   -0.30866751E-07
    0.86669293E+01    0.45571204E-06   -0.36750931E-07
    0.94141312E+01    0.53578445E-06   -0.43239455E-07
    0.10177008E+02    0.62404096E-06   -0.50383171E-07
    0.10958417E+02    0.72124800E-06   -0.58246158E-07
    0.11761967E+02    0.82833577E-06   -0.66904857E-07
    0.12592355E+02    0.94657265E-06   -0.76462594E-07
    0.13455930E+02    0.10776951E-05   -0.87060348E-07
    0.14361701E+02    0.12240910E-05   -0.98890937E-07
    0.15323318E+02    0.13894449E-05   -0.11225260E-06
    0.16363528E+02    0.15797478E-05   -0.12763028E-06
    0.17526491E+02    0.18065676E-05   -0.14595723E-06
    0.18927983E+02    0.20995190E-05   -0.16962687E-06
    0.59046135E+00    0.22251380E-08   -0.27109230E-10
    0.67954275E+00    0.29468529E-08   -0.41270108E-10
    0.11694279E+01    0.87149531E-08   -0.20810690E-09
    0.17840823E+01    0.20229534E-07   -0.72321194E-09
    0.24322162E+01    0.37454659E-07   -0.17729994E-08
    0.30947645E+01    0.60354209E-07   -0.34904124E-08
    0.37662764E+01    0.88913137E-07   -0.59291564E-08
    0.44450529E+01    0.12315939E-06   -0.90393269E-08
    0.51307804E+01    0.16319426E-06   -0.12641851E-07
    0.58237914E+01    0.20919428E-06   -0.16572745E-07
    0.65247977E+01    0.26136890E-06   -0.20907415E-07
    0.72347921E+01    0.31997171E-06   -0.25712670E-07
    0.79550242E+01    0.38531541E-06   -0.31035722E-07
    0.86870195E+01    0.45778230E-06   -0.36918812E-07
    0.94326301E+01    0.53784700E-06   -0.43406486E-07
    0.10194123E+02    0.62609629E-06   -0.50549471E-07
    0.10974313E+02    0.72329702E-06   -0.58411856E-07
    0.11776779E+02    0.83037680E-06   -0.67069897E-07
    0.12606191E+02    0.94860716E-06   -0.76627071E-07
    0.13468879E+02    0.10797243E-05   -0.87224371E-07
    0.14373834E+02    0.12261132E-05   -0.99054328E-07
    0.15334690E+02    0.13914619E-05   -0.11241559E-06
    0.16374177E+02    0.15817577E-05   -0.12779263E-06
    0.17536435E+02    0.18085699E-05   -0.14611907E-06
    0.18937191E+02    0.21015147E-05   -0.16978818E-06
    0.13559370E+01    0.11708266E-07   -0.32260620E-09
    0.13970322E+01    0.12426609E-07   -0.35236506E-09
    0.16904089E+01    0.18169575E-07   -0.61756409E-09
    0.21616823E+01    0.29636315E-07   -0.12636535E-08
    0.27213225E+01    0.46795496E-07   -0.24383593E-08
    0.33267835E+01    0.69617995E-07   -0.42546675E-08
    0.39591361E+01    0.98096132E-07   -0.67528454E-08
    0.46096004E+01    0.13226869E-06   -0.98719716E-08
    0.52739765E+01    0.17224316E-06   -0.13429041E-07
    0.59503333E+01    0.21819331E-06   -0.17326641E-07
    0.66379896E+01    0.27032397E-06   -0.21644723E-07
    0.73370387E+01    0.32888746E-06   -0.26440536E-07
    0.80481259E+01    0.39419432E-06   -0.31757392E-07
    0.87723559E+01    0.46662675E-06   -0.37635951E-07
    0.95112792E+01    0.54665919E-06   -0.44120063E-07
    0.10266940E+02    0.63488235E-06   -0.51260319E-07
    0.11041987E+02    0.73204840E-06   -0.59119549E-07
    0.11839867E+02    0.83909788E-06   -0.67775107E-07
    0.12665148E+02    0.95730127E-06   -0.77330031E-07
    0.13524076E+02    0.10883930E-05   -0.87925079E-07
    0.14425568E+02    0.12347534E-05   -0.99752489E-07
    0.15383194E+02    0.14000785E-05   -0.11311180E-06
    0.16419610E+02    0.15903469E-05   -0.12848645E-06
    0.17578864E+02    0.18171255E-05   -0.14681058E-06
    0.18976489E+02    0.21100444E-05   -0.17047767E-06
    0.21273271E+01    0.28707707E-07   -0.12065008E-08
    0.21537535E+01    0.29420716E-07   -0.12503162E-08
    0.23546629E+01    0.35121836E-07   -0.16160408E-08
    0.27128998E+01    0.46509039E-07   -0.24171546E-08
    0.31768776E+01    0.63559468E-07   -0.37512232E-08
    0.37086984E+01    0.86255658E-07   -0.56934220E-08
    0.42850570E+01    0.11460377E-06   -0.82558534E-08
    0.48923789E+01    0.14865669E-06   -0.11354862E-07
    0.55228419E+01    0.18853500E-06   -0.14826637E-07
    0.61719869E+01    0.23440156E-06   -0.18676938E-07
    0.68373870E+01    0.28645722E-06   -0.22969883E-07
    0.75179181E+01    0.34495173E-06   -0.27750598E-07
    0.82133602E+01    0.41019412E-06   -0.33057174E-07
    0.89241909E+01    0.48256694E-06   -0.38928193E-07
    0.96514966E+01    0.56254323E-06   -0.45406036E-07
    0.10396971E+02    0.65071785E-06   -0.52541456E-07
    0.11162994E+02    0.74782262E-06   -0.60395151E-07
    0.11952799E+02    0.85482175E-06   -0.69046362E-07
    0.12770784E+02    0.97298914E-06   -0.78598167E-07
    0.13623053E+02    0.11040215E-05   -0.89188147E-07
    0.14518401E+02    0.12503308E-05   -0.10101142E-06
    0.15470281E+02    0.14156105E-05   -0.11436659E-06
    0.16501229E+02    0.16058388E-05   -0.12973828E-06
    0.17655124E+02    0.18325545E-05   -0.14805737E-06
    0.19047154E+02    0.21254256E-05   -0.17172094E-06
    0.29019565E+01    0.53144780E-07   -0.29198291E-08
    0.29213841E+01    0.53851033E-07   -0.29746656E-08
    0.30725019E+01    0.59499058E-07   -0.34215340E-08
    0.33549450E+01    0.70785959E-07   -0.43531567E-08
    0.37401046E+01    0.87700406E-07   -0.58214113E-08
    0.42012229E+01    0.11023945E-06   -0.78567795E-08
    0.47177902E+01    0.13842917E-06   -0.10432378E-07
    0.52755286E+01    0.17234256E-06   -0.13437639E-07
    0.58649479E+01    0.21210084E-06   -0.16816629E-07
    0.64799115E+01    0.25785854E-06   -0.20617988E-07
    0.71165787E+01    0.30981349E-06   -0.24882480E-07
    0.77727037E+01    0.36821434E-06   -0.29644830E-07
    0.84471958E+01    0.43336900E-06   -0.34938467E-07
    0.91398585E+01    0.50565810E-06   -0.40799302E-07
    0.98512546E+01    0.58555472E-06   -0.47268727E-07
    0.10582667E+02    0.67364849E-06   -0.54396373E-07
    0.11336148E+02    0.77068191E-06   -0.62243508E-07
    0.12114670E+02    0.87761226E-06   -0.70888659E-07
    0.12922413E+02    0.99571305E-06   -0.80435069E-07
    0.13765297E+02    0.11266736E-05   -0.91018666E-07
    0.14651956E+02    0.12729287E-05   -0.10283746E-06
    0.15595686E+02    0.14381220E-05   -0.11618579E-06
    0.16618857E+02    0.16282888E-05   -0.13155242E-06
    0.17765113E+02    0.18549419E-05   -0.14986610E-06
    0.19149149E+02    0.21477092E-05   -0.17352125E-06
    0.36800436E+01    0.84947548E-07   -0.55778965E-08
    0.36953829E+01    0.85646599E-07   -0.56395899E-08
    0.38159714E+01    0.91237821E-07   -0.61364347E-08
    0.40468538E+01    0.10241712E-06   -0.71442007E-08
    0.43714702E+01    0.11918783E-06   -0.86755838E-08
    0.47719644E+01    0.14156482E-06   -0.10716435E-07
    0.52324864E+01    0.16959670E-06   -0.13199756E-07
    0.57404331E+01    0.20336721E-06   -0.16082592E-07
    0.62864126E+01    0.24299083E-06   -0.19389211E-07
    0.68637178E+01    0.28862182E-06   -0.23147399E-07
    0.74677347E+01    0.34045738E-06   -0.27384246E-07
    0.80954489E+01    0.39874496E-06   -0.32127165E-07
    0.87450836E+01    0.46379127E-06   -0.37406052E-07
    0.94158581E+01    0.53597683E-06   -0.43255034E-07
    0.10107848E+02    0.61577123E-06   -0.49714025E-07
    0.10821932E+02    0.70376663E-06   -0.56832404E-07
    0.11559828E+02    0.80071590E-06   -0.64672090E-07
    0.12324228E+02    0.90756277E-06   -0.73309372E-07
    0.13119075E+02    0.10255638E-05   -0.82846926E-07
    0.13950082E+02    0.11564310E-05   -0.93423022E-07
    0.14825693E+02    0.13026067E-05   -0.10523551E-06
    0.15759023E+02    0.14676965E-05   -0.11857619E-06
    0.16772232E+02    0.16577794E-05   -0.13393531E-06
    0.17908674E+02    0.18843425E-05   -0.15224132E-06
    0.19282409E+02    0.21769964E-05   -0.17588740E-06
    0.44622844E+01    0.12409853E-06   -0.91253102E-08
    0.44749431E+01    0.12479066E-06   -0.91886641E-08
    0.45750300E+01    0.13032875E-06   -0.96949710E-08
    0.47693068E+01    0.14141021E-06   -0.10702450E-07
    0.50476741E+01    0.15805178E-06   -0.12190001E-07
    0.53982317E+01    0.18028810E-06   -0.14121937E-07
    0.58093180E+01    0.20817679E-06   -0.16487276E-07
    0.62707123E+01    0.24180335E-06   -0.19290858E-07
    0.67740863E+01    0.28128605E-06   -0.22545550E-07
    0.73129942E+01    0.32678006E-06   -0.26268549E-07
    0.78826596E+01    0.37848205E-06   -0.30480126E-07
    0.84797143E+01    0.43664092E-06   -0.35203962E-07
    0.91019640E+01    0.50156274E-06   -0.40467510E-07
    0.97482124E+01    0.57362851E-06   -0.46303371E-07
    0.10418150E+02    0.65331327E-06   -0.52751433E-07
    0.11112312E+02    0.74119534E-06   -0.59859228E-07
    0.11832113E+02    0.83802355E-06   -0.67688237E-07
    0.12579979E+02    0.94475446E-06   -0.76315620E-07
    0.13359618E+02    0.10626542E-05   -0.85844791E-07
    0.14176531E+02    0.11934265E-05   -0.96413369E-07
    0.15038964E+02    0.13394786E-05   -0.10821556E-06
    0.15959827E+02    0.15044906E-05   -0.12154905E-06
    0.16961044E+02    0.16944390E-05   -0.13689700E-06
    0.18085626E+02    0.19208808E-05   -0.15519367E-06
    0.19446865E+02    0.22133974E-05   -0.17882851E-06
    0.52495507E+01    0.17068272E-06   -0.13293935E-07
    0.52603152E+01    0.17136956E-06   -0.13353433E-07
    0.53457179E+01    0.17686637E-06   -0.13827940E-07
    0.55129019E+01    0.18787054E-06   -0.14770049E-07
    0.57554160E+01    0.20440867E-06   -0.16170319E-07
    0.60652045E+01    0.22652241E-06   -0.18021621E-07
    0.64338150E+01    0.25427765E-06   -0.20322469E-07
    0.68532936E+01    0.28776391E-06   -0.23077051E-07
    0.73166963E+01    0.32710411E-06   -0.26294997E-07
    0.78182916E+01    0.37245444E-06   -0.29989839E-07
    0.83535695E+01    0.42401543E-06   -0.34179333E-07
    0.89191566E+01    0.48203423E-06   -0.38885012E-07
    0.95127046E+01    0.54681954E-06   -0.44133047E-07
    0.10132791E+02    0.61874730E-06   -0.49954838E-07
    0.10778852E+02    0.69829587E-06   -0.56389925E-07
    0.11451169E+02    0.78605299E-06   -0.63486195E-07
    0.12150913E+02    0.88275949E-06   -0.71304735E-07
    0.12880282E+02    0.98937715E-06   -0.79922874E-07
    0.13642771E+02    0.11071485E-05   -0.89440815E-07
    0.14443678E+02    0.12377847E-05   -0.99997453E-07
    0.15291051E+02    0.13837285E-05   -0.11179060E-06
    0.16197588E+02    0.15485944E-05   -0.12511330E-06
    0.17184959E+02    0.17384377E-05   -0.14045200E-06
    0.18295783E+02    0.19647211E-05   -0.15873597E-06
    0.19642463E+02    0.22570969E-05   -0.18235872E-06
    0.60428329E+01    0.22488835E-06   -0.17885464E-07
    0.60521866E+01    0.22557086E-06   -0.17942344E-07
    0.61265607E+01    0.23103362E-06   -0.18397062E-07
    0.62729686E+01    0.24197382E-06   -0.19304980E-07
    0.64871304E+01    0.25842154E-06   -0.20664424E-07
    0.67634867E+01    0.28042465E-06   -0.22474829E-07
    0.70959159E+01    0.30805437E-06   -0.24738621E-07
    0.74783474E+01    0.34140543E-06   -0.27461537E-07
    0.79051940E+01    0.38060354E-06   -0.30652639E-07
    0.83716026E+01    0.42580928E-06   -0.34324939E-07
    0.88735658E+01    0.47722304E-06   -0.38495009E-07
    0.94079435E+01    0.53509542E-06   -0.43183654E-07
    0.99724418E+01    0.59973453E-06   -0.48416353E-07
    0.10565581E+02    0.67152202E-06   -0.54224377E-07
    0.11186675E+02    0.75092921E-06   -0.60646365E-07
    0.11835849E+02    0.83854112E-06   -0.67730088E-07
    0.12514102E+02    0.93510455E-06   -0.75535750E-07
    0.13223453E+02    0.10415727E-05   -0.84141425E-07
    0.13967220E+02    0.11592116E-05   -0.93647748E-07
    0.14750521E+02    0.12897309E-05   -0.10419506E-06
    0.15581216E+02    0.14355157E-05   -0.11597509E-06
    0.16471791E+02    0.16002423E-05   -0.12928599E-06
    0.17443648E+02    0.17899267E-05   -0.14461226E-06
    0.18538978E+02    0.20160707E-05   -0.16288483E-06
    0.19869182E+02    0.23082509E-05   -0.18649170E-06
    0.68432375E+01    0.28693749E-06   -0.23009275E-07
    0.68514986E+01    0.28761631E-06   -0.23064947E-07
    0.69172839E+01    0.29304996E-06   -0.23510367E-07
    0.70472835E+01    0.30393330E-06   -0.24401499E-07
    0.72385724E+01    0.32029921E-06   -0.25739419E-07
    0.74872440E+01    0.34220117E-06   -0.27526405E-07
    0.77888442E+01    0.36971283E-06   -0.29766769E-07
    0.81387807E+01    0.40293405E-06   -0.32467494E-07
    0.85326527E+01    0.44199311E-06   -0.35638200E-07
    0.89664821E+01    0.48705346E-06   -0.39291829E-07
    0.94368554E+01    0.53831865E-06   -0.43444681E-07
    0.99409995E+01    0.59603970E-06   -0.48117339E-07
    0.10476816E+02    0.66052874E-06   -0.53335153E-07
    0.11042896E+02    0.73216635E-06   -0.59129087E-07
    0.11638547E+02    0.81142013E-06   -0.65537468E-07
    0.12263824E+02    0.89888412E-06   -0.72607956E-07
    0.12919629E+02    0.99529371E-06   -0.80401173E-07
    0.13607857E+02    0.11016147E-05   -0.88993662E-07
    0.14331689E+02    0.12190956E-05   -0.98487326E-07
    0.15096091E+02    0.13494412E-05   -0.10902054E-06
    0.15908751E+02    0.14950890E-05   -0.12078931E-06
    0.16781954E+02    0.16596579E-05   -0.13408711E-06
    0.17736824E+02    0.18491694E-05   -0.14939975E-06
    0.18815095E+02    0.20751323E-05   -0.16765644E-06
    0.20127058E+02    0.23670979E-05   -0.19124693E-06
    0.76520044E+01    0.35710200E-06   -0.28740325E-07
    0.76593932E+01    0.35777753E-06   -0.28795324E-07
    0.77182956E+01    0.36318483E-06   -0.29235496E-07
    0.78350160E+01    0.37401595E-06   -0.30116873E-07
    0.80075091E+01    0.39030873E-06   -0.31441605E-07
    0.82329881E+01    0.41211543E-06   -0.33213200E-07
    0.85081939E+01    0.43951631E-06   -0.35437260E-07
    0.88296671E+01    0.47261274E-06   -0.38121260E-07
    0.91939890E+01    0.51153627E-06   -0.41275498E-07
    0.95979723E+01    0.55645368E-06   -0.44913063E-07
    0.10038800E+02    0.60756851E-06   -0.49050287E-07
    0.10514121E+02    0.66513784E-06   -0.53707987E-07
    0.11022111E+02    0.72947321E-06   -0.58911304E-07
    0.11561524E+02    0.80094576E-06   -0.64690679E-07
    0.12131737E+02    0.88003414E-06   -0.71084433E-07
    0.12732818E+02    0.96733453E-06   -0.78141149E-07
    0.13365631E+02    0.10635903E-05   -0.85920428E-07
    0.14032001E+02    0.11697531E-05   -0.94499910E-07
    0.14735012E+02    0.12870814E-05   -0.10398096E-06
    0.15479510E+02    0.14172613E-05   -0.11449996E-06
    0.16273034E+02    0.15627205E-05   -0.12625476E-06
    0.17127675E+02    0.17271235E-05   -0.13953774E-06
    0.18064280E+02    0.19164547E-05   -0.15483599E-06
    0.19124096E+02    0.21422262E-05   -0.17307834E-06
    0.20416212E+02    0.24339774E-05   -0.19665016E-06
    0.84705359E+01    0.43571621E-06   -0.35128930E-07
    0.84772114E+01    0.43638866E-06   -0.35183494E-07
    0.85304687E+01    0.44177166E-06   -0.35620236E-07
    0.86362193E+01    0.45255629E-06   -0.36495010E-07
    0.87930092E+01    0.46877964E-06   -0.37810499E-07
    0.89988278E+01    0.49049861E-06   -0.39571026E-07
    0.92512795E+01    0.51779386E-06   -0.41782381E-07
    0.95477657E+01    0.55077104E-06   -0.44452990E-07
    0.98856584E+01    0.58956340E-06   -0.47593186E-07
    0.10262450E+02    0.63433872E-06   -0.51216338E-07
    0.10675876E+02    0.68530592E-06   -0.55339257E-07
    0.11124008E+02    0.74272214E-06   -0.59982694E-07
    0.11605333E+02    0.80689559E-06   -0.65171748E-07
    0.12118814E+02    0.87819994E-06   -0.70936164E-07
    0.12663959E+02    0.95712543E-06   -0.77315812E-07
    0.13240901E+02    0.10442615E-05   -0.84358724E-07
    0.13850519E+02    0.11403489E-05   -0.92123729E-07
    0.14494615E+02    0.12463300E-05   -0.10068807E-06
    0.15176211E+02    0.13634761E-05   -0.11015408E-06
    0.15900064E+02    0.14934924E-05   -0.12066028E-06
    0.16673585E+02    0.16387809E-05   -0.13240009E-06
    0.17508685E+02    0.18029848E-05   -0.14566763E-06
    0.18425933E+02    0.19921281E-05   -0.16095023E-06
    0.19466070E+02    0.22176671E-05   -0.17917344E-06
    0.20736888E+02    0.25091621E-05   -0.20272543E-06
    0.93004396E+01    0.52319310E-06   -0.42219698E-07
    0.93065198E+01    0.52386279E-06   -0.42273938E-07
    0.93550571E+01    0.52922380E-06   -0.42708130E-07
    0.94515862E+01    0.53996454E-06   -0.43577964E-07
    0.95950616E+01    0.55612346E-06   -0.44886329E-07
    0.97840227E+01    0.57775963E-06   -0.46637768E-07
    0.10016705E+02    0.60495458E-06   -0.48838771E-07
    0.10291163E+02    0.63781907E-06   -0.51497906E-07
    0.10605397E+02    0.67648234E-06   -0.54625584E-07
    0.10957467E+02    0.72112555E-06   -0.58236255E-07
    0.11345595E+02    0.77193857E-06   -0.62345101E-07
    0.11768252E+02    0.82920145E-06   -0.66974856E-07
    0.12224236E+02    0.89321626E-06   -0.72149910E-07
    0.12712743E+02    0.96435169E-06   -0.77900043E-07
    0.13233444E+02    0.10431119E-05   -0.84265820E-07
    0.13786576E+02    0.11300806E-05   -0.91294016E-07
    0.14373068E+02    0.12259855E-05   -0.99044015E-07
    0.14994734E+02    0.13317898E-05   -0.10759405E-06
    0.15654571E+02    0.14487507E-05   -0.11704511E-06
    0.16357268E+02    0.15785671E-05   -0.12753491E-06
    0.17110132E+02    0.17236655E-05   -0.13925833E-06
    0.17924906E+02    0.18876788E-05   -0.15251086E-06
    0.18821881E+02    0.20765944E-05   -0.16777454E-06
    0.19841272E+02    0.23019247E-05   -0.18598054E-06
    0.21089493E+02    0.25931461E-05   -0.20951080E-06
    0.10143585E+02    0.62003744E-06   -0.50059230E-07
    0.10149160E+02    0.62070431E-06   -0.50113190E-07
    0.10193686E+02    0.62604379E-06   -0.50545223E-07
    0.10282345E+02    0.63674928E-06   -0.51411358E-07
    0.10414382E+02    0.65285111E-06   -0.52714044E-07
    0.10588732E+02    0.67440402E-06   -0.54457483E-07
    0.10804097E+02    0.70149895E-06   -0.56648995E-07
    0.11059031E+02    0.73426011E-06   -0.59298402E-07
    0.11352030E+02    0.77279521E-06   -0.62414354E-07
    0.11681619E+02    0.81730505E-06   -0.66013104E-07
    0.12046437E+02    0.86796646E-06   -0.70108934E-07
    0.12445316E+02    0.92507989E-06   -0.74725562E-07
    0.12877348E+02    0.98893658E-06   -0.79887255E-07
    0.13341963E+02    0.10599081E-05   -0.85622899E-07
    0.13839009E+02    0.11384973E-05   -0.91974129E-07
    0.14368848E+02    0.12252821E-05   -0.98987177E-07
    0.14932489E+02    0.13210063E-05   -0.10672238E-06
    0.15531780E+02    0.14266289E-05   -0.11525683E-06
    0.16169716E+02    0.15433919E-05   -0.12469286E-06
    0.16850946E+02    0.16730173E-05   -0.13516653E-06
    0.17582684E+02    0.18178966E-05   -0.14687291E-06
    0.18376517E+02    0.19817003E-05   -0.16010772E-06
    0.19252464E+02    0.21703977E-05   -0.17535421E-06
    0.20250190E+02    0.23954692E-05   -0.19353955E-06
    0.21474657E+02    0.26864036E-05   -0.21704533E-06
    0.11002183E+02    0.72689538E-06   -0.58702844E-07
    0.11007323E+02    0.72755991E-06   -0.58756582E-07
    0.11048391E+02    0.73287908E-06   -0.59186723E-07
    0.11130244E+02    0.74353687E-06   -0.60048579E-07
    0.11252336E+02    0.75957561E-06   -0.61345533E-07
    0.11413893E+02    0.78105472E-06   -0.63082068E-07
    0.11613967E+02    0.80807065E-06   -0.65266735E-07
    0.11851493E+02    0.84071001E-06   -0.67905461E-07
    0.12125358E+02    0.87912848E-06   -0.71011223E-07
    0.12434466E+02    0.92350353E-06   -0.74598130E-07
    0.12777808E+02    0.97403698E-06   -0.78682853E-07
    0.13154528E+02    0.10309877E-05   -0.83285555E-07
    0.13563989E+02    0.10946816E-05   -0.88433376E-07
    0.14005845E+02    0.11654912E-05   -0.94155355E-07
    0.14480121E+02    0.12438955E-05   -0.10049131E-06
    0.14987312E+02    0.13305017E-05   -0.10748992E-06
    0.15528520E+02    0.14260438E-05   -0.11520956E-06
    0.16105648E+02    0.15314665E-05   -0.12372905E-06
    0.16721706E+02    0.16480344E-05   -0.13314780E-06
    0.17381314E+02    0.17774536E-05   -0.14360456E-06
    0.18091614E+02    0.19221231E-05   -0.15529406E-06
    0.18864043E+02    0.20856885E-05   -0.16850922E-06
    0.19718344E+02    0.22741631E-05   -0.18373752E-06
    0.20693620E+02    0.24989533E-05   -0.20190067E-06
    0.21893300E+02    0.27895824E-05   -0.22538223E-06
    0.11878900E+02    0.84451647E-06   -0.68213228E-07
    0.11883661E+02    0.84517858E-06   -0.68266760E-07
    0.11921710E+02    0.85047914E-06   -0.68695296E-07
    0.11997607E+02    0.86109919E-06   -0.69553817E-07
    0.12110957E+02    0.87708590E-06   -0.70846110E-07
    0.12261206E+02    0.89850881E-06   -0.72577625E-07
    0.12447669E+02    0.92542189E-06   -0.74753208E-07
    0.12669574E+02    0.95795567E-06   -0.77382943E-07
    0.12926118E+02    0.99627113E-06   -0.80480177E-07
    0.13216511E+02    0.10405040E-05   -0.84055044E-07
    0.13540037E+02    0.10909057E-05   -0.88128182E-07
    0.13896109E+02    0.11476981E-05   -0.92717437E-07
    0.14284328E+02    0.12112317E-05   -0.97851973E-07
    0.14704554E+02    0.12818844E-05   -0.10356104E-06
    0.15156983E+02    0.13601008E-05   -0.10988146E-06
    0.15642243E+02    0.14465223E-05   -0.11686496E-06
    0.16161534E+02    0.15418662E-05   -0.12456955E-06
    0.16716822E+02    0.16470940E-05   -0.13307181E-06
    0.17311143E+02    0.17634637E-05   -0.14247439E-06
    0.17949103E+02    0.18926582E-05   -0.15291317E-06
    0.18637776E+02    0.20371052E-05   -0.16458478E-06
    0.19388459E+02    0.22004378E-05   -0.17778149E-06
    0.20220616E+02    0.23886365E-05   -0.19298746E-06
    0.21172769E+02    0.26131712E-05   -0.21112909E-06
    0.22346741E+02    0.29034723E-05   -0.23458401E-06
    0.12777018E+02    0.97391915E-06   -0.78673330E-07
    0.12781445E+02    0.97457977E-06   -0.78726721E-07
    0.12816829E+02    0.97986755E-06   -0.79154099E-07
    0.12887455E+02    0.99045455E-06   -0.80009977E-07
    0.12993045E+02    0.10063834E-05   -0.81297181E-07
    0.13133207E+02    0.10277242E-05   -0.83021628E-07
    0.13307456E+02    0.10545516E-05   -0.85190127E-07
    0.13515252E+02    0.10870052E-05   -0.87812901E-07
    0.13756033E+02    0.11251918E-05   -0.90898911E-07
    0.14029259E+02    0.11693059E-05   -0.94463757E-07
    0.14334453E+02    0.12195552E-05   -0.98524460E-07
    0.14671256E+02    0.12762119E-05   -0.10310273E-06
    0.15039480E+02    0.13395685E-05   -0.10822282E-06
    0.15439166E+02    0.14100517E-05   -0.11391752E-06
    0.15870667E+02    0.14880951E-05   -0.12022415E-06
    0.16334739E+02    0.15743210E-05   -0.12719193E-06
    0.16832680E+02    0.16694753E-05   -0.13488038E-06
    0.17366522E+02    0.17744998E-05   -0.14336595E-06
    0.17939331E+02    0.18906464E-05   -0.15275063E-06
    0.18555707E+02    0.20196246E-05   -0.16317204E-06
    0.19222660E+02    0.21638397E-05   -0.17482435E-06
    0.19951348E+02    0.23269253E-05   -0.18800062E-06
    0.20760955E+02    0.25148497E-05   -0.20318496E-06
    0.21689400E+02    0.27390976E-05   -0.22130332E-06
    0.22836829E+02    0.30290532E-05   -0.24473047E-06
    0.13700686E+02    0.11163577E-05   -0.90184967E-07
    0.13704814E+02    0.11170155E-05   -0.90238124E-07
    0.13737820E+02    0.11222813E-05   -0.90663681E-07
    0.13803735E+02    0.11328317E-05   -0.91516340E-07
    0.13902368E+02    0.11487090E-05   -0.92799105E-07
    0.14033450E+02    0.11699894E-05   -0.94519017E-07
    0.14196654E+02    0.11967400E-05   -0.96681109E-07
    0.14391617E+02    0.12290800E-05   -0.99294050E-07
    0.14617970E+02    0.12671571E-05   -0.10237115E-06
    0.14875372E+02    0.13111498E-05   -0.10592584E-06
    0.15163546E+02    0.13612524E-05   -0.10997447E-06
    0.15482324E+02    0.14177649E-05   -0.11454064E-06
    0.15831695E+02    0.14809557E-05   -0.11964730E-06
    0.16211862E+02    0.15512620E-05   -0.12532887E-06
    0.16623317E+02    0.16291427E-05   -0.13162141E-06
    0.17066935E+02    0.17151671E-05   -0.13857167E-06
    0.17544107E+02    0.18101157E-05   -0.14624402E-06
    0.18056929E+02    0.19149315E-05   -0.15471291E-06
    0.18608498E+02    0.20308605E-05   -0.16408010E-06
    0.19203407E+02    0.21596089E-05   -0.17448253E-06
    0.19848608E+02    0.23035867E-05   -0.18611483E-06
    0.20555118E+02    0.24664050E-05   -0.19927116E-06
    0.21341833E+02    0.26540600E-05   -0.21443190E-06
    0.22246049E+02    0.28779976E-05   -0.23252601E-06
    0.23366158E+02    0.31675710E-05   -0.25592187E-06
    0.14655304E+02    0.12734980E-05   -0.10288346E-06
    0.14659163E+02    0.12741543E-05   -0.10293649E-06
    0.14690026E+02    0.12794082E-05   -0.10336096E-06
    0.14751686E+02    0.12899300E-05   -0.10421114E-06
    0.14844021E+02    0.13057553E-05   -0.10548993E-06
    0.14966859E+02    0.13269552E-05   -0.10720323E-06
    0.15119991E+02    0.13536200E-05   -0.10935806E-06
    0.15303195E+02    0.13858788E-05   -0.11196439E-06
    0.15516256E+02    0.14238436E-05   -0.11503177E-06
    0.15758992E+02    0.14676909E-05   -0.11857573E-06
    0.16031291E+02    0.15176836E-05   -0.12261518E-06
    0.16333141E+02    0.15740202E-05   -0.12716763E-06
    0.16664684E+02    0.16370723E-05   -0.13226205E-06
    0.17026262E+02    0.17071886E-05   -0.13792704E-06
    0.17418490E+02    0.17848874E-05   -0.14420510E-06
    0.17842349E+02    0.18707385E-05   -0.15114226E-06
    0.18299313E+02    0.19654618E-05   -0.15879581E-06
    0.18791536E+02    0.20700603E-05   -0.16724678E-06
    0.19322147E+02    0.21857671E-05   -0.17659609E-06
    0.19895728E+02    0.23142761E-05   -0.18697854E-06
    0.20519171E+02    0.24579925E-05   -0.19859120E-06
    0.21203349E+02    0.26205450E-05   -0.21172479E-06
    0.21966861E+02    0.28079024E-05   -0.22686221E-06
    0.22846353E+02    0.30315192E-05   -0.24492963E-06
    0.23938390E+02    0.33206839E-05   -0.26829301E-06
    0.15648175E+02    0.14475944E-05   -0.11695163E-06
    0.15651790E+02    0.14482478E-05   -0.11700446E-06
    0.15680698E+02    0.14534785E-05   -0.11742732E-06
    0.15738478E+02    0.14639602E-05   -0.11827435E-06
    0.15825056E+02    0.14797416E-05   -0.11954921E-06
    0.15940336E+02    0.15009003E-05   -0.12125892E-06
    0.16084203E+02    0.15274850E-05   -0.12340727E-06
    0.16256544E+02    0.15596277E-05   -0.12600487E-06
    0.16457267E+02    0.15974847E-05   -0.12906315E-06
    0.16686320E+02    0.16412272E-05   -0.13259775E-06
    0.16943722E+02    0.16910606E-05   -0.13662408E-06
    0.17229595E+02    0.17472735E-05   -0.14116607E-06
    0.17544206E+02    0.18101354E-05   -0.14624562E-06
    0.17888014E+02    0.18801002E-05   -0.15189858E-06
    0.18261743E+02    0.19575857E-05   -0.15815951E-06
    0.18666464E+02    0.20432335E-05   -0.16507998E-06
    0.19103725E+02    0.21377725E-05   -0.17271856E-06
    0.19575731E+02    0.22421342E-05   -0.18114992E-06
    0.20085636E+02    0.23575987E-05   -0.19047927E-06
    0.20638009E+02    0.24858604E-05   -0.20084302E-06
    0.21239676E+02    0.26293182E-05   -0.21243340E-06
    0.21901358E+02    0.27915861E-05   -0.22554411E-06
    0.22641343E+02    0.29786333E-05   -0.24065668E-06
    0.23495601E+02    0.32019067E-05   -0.25869619E-06
    0.24558785E+02    0.34906534E-05   -0.28202593E-06
    0.16689663E+02    0.16418697E-05   -0.13264966E-06
    0.16693052E+02    0.16425211E-05   -0.13270229E-06
    0.16720161E+02    0.16477369E-05   -0.13312375E-06
    0.16774360E+02    0.16581906E-05   -0.13396853E-06
    0.16855619E+02    0.16739240E-05   -0.13523978E-06
    0.16963896E+02    0.16949955E-05   -0.13694196E-06
    0.17099153E+02    0.17215033E-05   -0.13908362E-06
    0.17261364E+02    0.17535729E-05   -0.14167516E-06
    0.17450533E+02    0.17913069E-05   -0.14472380E-06
    0.17666713E+02    0.18349056E-05   -0.14824734E-06
    0.17910031E+02    0.18846212E-05   -0.15226383E-06
    0.18180716E+02    0.19406558E-05   -0.15679166E-06
    0.18479140E+02    0.20033817E-05   -0.16185949E-06
    0.18805864E+02    0.20731443E-05   -0.16749587E-06
    0.19161699E+02    0.21504586E-05   -0.17374334E-06
    0.19547796E+02    0.22358867E-05   -0.18064523E-06
    0.19965765E+02    0.23302095E-05   -0.18826600E-06
    0.20417853E+02    0.24343593E-05   -0.19668101E-06
    0.20907230E+02    0.25495778E-05   -0.20599106E-06
    0.21438445E+02    0.26775623E-05   -0.21633094E-06
    0.22018249E+02    0.28207382E-05   -0.22789906E-06
    0.22657205E+02    0.29827072E-05   -0.24098577E-06
    0.23373273E+02    0.31694549E-05   -0.25607405E-06
    0.24201710E+02    0.33923385E-05   -0.27408207E-06
    0.25235162E+02    0.36806595E-05   -0.29737722E-06
    0.17795473E+02    0.18611458E-05   -0.15036729E-06
    0.17798652E+02    0.18617957E-05   -0.15041980E-06
    0.17824079E+02    0.18669978E-05   -0.15084005E-06
    0.17874932E+02    0.18774162E-05   -0.15168174E-06
    0.17951209E+02    0.18930918E-05   -0.15294821E-06
    0.18052917E+02    0.19141004E-05   -0.15464575E-06
    0.18180073E+02    0.19405218E-05   -0.15678084E-06
    0.18332723E+02    0.19724804E-05   -0.15936283E-06
    0.18510946E+02    0.20101218E-05   -0.16240412E-06
    0.18714881E+02    0.20535979E-05   -0.16591725E-06
    0.18944741E+02    0.21031520E-05   -0.16992052E-06
    0.19200845E+02    0.21590461E-05   -0.17443707E-06
    0.19483651E+02    0.22215794E-05   -0.17948949E-06
    0.19793800E+02    0.22911847E-05   -0.18511278E-06
    0.20132182E+02    0.23682744E-05   -0.19134200E-06
    0.20500009E+02    0.24535140E-05   -0.19822917E-06
    0.20898942E+02    0.25476037E-05   -0.20583156E-06
    0.21331262E+02    0.26514952E-05   -0.21422469E-06
    0.21800144E+02    0.27664649E-05   -0.22351442E-06
    0.22310108E+02    0.28941902E-05   -0.23383432E-06
    0.22867823E+02    0.30370816E-05   -0.24537886E-06
    0.23483674E+02    0.31987374E-05   -0.25844007E-06
    0.24175275E+02    0.33851152E-05   -0.27349847E-06
    0.24977125E+02    0.36076011E-05   -0.29147459E-06
    0.25979750E+02    0.38954560E-05   -0.31473210E-06
    0.18991777E+02    0.21133676E-05   -0.17074630E-06
    0.18994755E+02    0.21140153E-05   -0.17079866E-06
    0.19018583E+02    0.21192006E-05   -0.17121781E-06
    0.19066250E+02    0.21295902E-05   -0.17205748E-06
    0.19137780E+02    0.21452201E-05   -0.17332018E-06
    0.19233213E+02    0.21661608E-05   -0.17501188E-06
    0.19352617E+02    0.21925027E-05   -0.17714034E-06
    0.19496087E+02    0.22243493E-05   -0.17971324E-06
    0.19663770E+02    0.22618841E-05   -0.18274548E-06
    0.19855868E+02    0.23052319E-05   -0.18624776E-06
    0.20072666E+02    0.23546281E-05   -0.19023921E-06
    0.20314555E+02    0.24103705E-05   -0.19474336E-06
    0.20582064E+02    0.24727210E-05   -0.19978154E-06
    0.20875901E+02    0.25421187E-05   -0.20538839E-06
    0.21197015E+02    0.26190167E-05   -0.21160134E-06
    0.21546672E+02    0.27040292E-05   -0.21846953E-06
    0.21926570E+02    0.27978607E-05   -0.22605103E-06
    0.22339012E+02    0.29015126E-05   -0.23442574E-06
    0.22787167E+02    0.30162070E-05   -0.24369279E-06
    0.23275516E+02    0.31436224E-05   -0.25398702E-06
    0.23810628E+02    0.32861961E-05   -0.26550625E-06
    0.24402698E+02    0.34475130E-05   -0.27854013E-06
    0.25068957E+02    0.36335131E-05   -0.29356821E-06
    0.25843093E+02    0.38555838E-05   -0.31151002E-06
    0.26813357E+02    0.41429076E-05   -0.33472510E-06
    0.20329386E+02    0.24138090E-05   -0.19502109E-06
    0.20332169E+02    0.24144543E-05   -0.19507320E-06
    0.20354431E+02    0.24196196E-05   -0.19549039E-06
    0.20398977E+02    0.24299682E-05   -0.19632627E-06
    0.20465849E+02    0.24455407E-05   -0.19758463E-06
    0.20555118E+02    0.24664050E-05   -0.19927116E-06
    0.20666885E+02    0.24926550E-05   -0.20139188E-06
    0.20801293E+02    0.25243995E-05   -0.20395659E-06
    0.20958535E+02    0.25618110E-05   -0.20697929E-06
    0.21138871E+02    0.26050099E-05   -0.21046960E-06
    0.21342640E+02    0.26542558E-05   -0.21444772E-06
    0.21570292E+02    0.27098198E-05   -0.21893746E-06
    0.21822413E+02    0.27719833E-05   -0.22396028E-06
    0.22099765E+02    0.28411676E-05   -0.22954957E-06
    0.22403344E+02    0.29178445E-05   -0.23574483E-06
    0.22734455E+02    0.30025960E-05   -0.24259288E-06
    0.23094823E+02    0.30961844E-05   -0.25015441E-06
    0.23486758E+02    0.31995569E-05   -0.25850629E-06
    0.23913414E+02    0.33139241E-05   -0.26774682E-06
    0.24379212E+02    0.34410445E-05   -0.27801746E-06
    0.24890609E+02    0.35832660E-05   -0.28950848E-06
    0.25457573E+02    0.37442032E-05   -0.30251131E-06
    0.26096915E+02    0.39297814E-05   -0.31750556E-06
    0.26841420E+02    0.41513668E-05   -0.33540863E-06
    0.27776834E+02    0.44381248E-05   -0.35857697E-06
    0.21941516E+02    0.28015835E-05   -0.22635177E-06
    0.21944094E+02    0.28022259E-05   -0.22640366E-06
    0.21964723E+02    0.28073691E-05   -0.22681912E-06
    0.22006009E+02    0.28176779E-05   -0.22765185E-06
    0.22068012E+02    0.28331999E-05   -0.22890579E-06
    0.22150825E+02    0.28540024E-05   -0.23058674E-06
    0.22254580E+02    0.28801514E-05   -0.23270006E-06
    0.22379454E+02    0.29117745E-05   -0.23525453E-06
    0.22525683E+02    0.29490186E-05   -0.23826426E-06
    0.22693568E+02    0.29920597E-05   -0.24174139E-06
    0.22883498E+02    0.30411454E-05   -0.24570706E-06
    0.23095967E+02    0.30964837E-05   -0.25017858E-06
    0.23331607E+02    0.31584299E-05   -0.25518342E-06
    0.23591223E+02    0.32273735E-05   -0.26075421E-06
    0.23875845E+02    0.33037737E-05   -0.26692661E-06
    0.24186807E+02    0.33882653E-05   -0.27375298E-06
    0.24525844E+02    0.34815221E-05   -0.28128820E-06
    0.24895261E+02    0.35845727E-05   -0.28961404E-06
    0.25298173E+02    0.36986159E-05   -0.29882823E-06
    0.25738924E+02    0.38253209E-05   -0.30906505E-06
    0.26223817E+02    0.39671316E-05   -0.32052328E-06
    0.26762552E+02    0.41276158E-05   -0.33348939E-06
    0.27371430E+02    0.43127044E-05   -0.34844317E-06
    0.28082166E+02    0.45337114E-05   -0.36630000E-06
    0.28977555E+02    0.48197450E-05   -0.38941023E-06
