    0.27220274E-04   -0.37095073E-02    0.71255845E+00
    0.37670048E+00    0.14538841E-01    0.71277404E+00
    0.11304971E+01    0.43363139E-01    0.70934791E+00
    0.18854862E+01    0.71435558E-01    0.70260287E+00
    0.26424811E+01    0.98279352E-01    0.69274796E+00
    0.34023234E+01    0.12345348E+00    0.68008760E+00
    0.41658956E+01    0.14656222E+00    0.66501351E+00
    0.49341367E+01    0.16726608E+00    0.64798749E+00
    0.57080584E+01    0.18528289E+00    0.62953074E+00
    0.64887668E+01    0.20038948E+00    0.61020754E+00
    0.72774883E+01    0.21241796E+00    0.59060705E+00
    0.80756019E+01    0.22124523E+00    0.57133330E+00
    0.88846830E+01    0.22690295E+00    0.55292922E+00
    0.97065596E+01    0.23013446E+00    0.53554495E+00
    0.10543391E+02    0.23167762E+00    0.51913107E+00
    0.11397778E+02    0.23202185E+00    0.50360869E+00
    0.12272920E+02    0.23149825E+00    0.48887870E+00
    0.13172859E+02    0.23033394E+00    0.47484627E+00
    0.14102855E+02    0.22868371E+00    0.46140286E+00
    0.15070019E+02    0.22665272E+00    0.44843992E+00
    0.16084440E+02    0.22430910E+00    0.43583490E+00
    0.17161407E+02    0.22168400E+00    0.42343389E+00
    0.18326394E+02    0.21877164E+00    0.41102665E+00
    0.19628859E+02    0.21550158E+00    0.39824310E+00
    0.21198465E+02    0.21161529E+00    0.38415889E+00
    0.66128938E+00    0.25481629E-01    0.71187925E+00
    0.76105643E+00    0.29303366E-01    0.71145012E+00
    0.13097051E+01    0.50118164E-01    0.70804003E+00
    0.19980896E+01    0.75522994E-01    0.70132540E+00
    0.27239696E+01    0.10107175E+00    0.69151603E+00
    0.34659931E+01    0.12546906E+00    0.67891424E+00
    0.42180553E+01    0.14805160E+00    0.66391081E+00
    0.49782536E+01    0.16837146E+00    0.64696491E+00
    0.57462365E+01    0.18609425E+00    0.62859713E+00
    0.65223768E+01    0.20096897E+00    0.60936921E+00
    0.73074715E+01    0.21281077E+00    0.58986894E+00
    0.81026323E+01    0.22148525E+00    0.57069782E+00
    0.89092590E+01    0.22703127E+00    0.55239041E+00
    0.97290597E+01    0.23019606E+00    0.53508710E+00
    0.10564109E+02    0.23169880E+00    0.51874028E+00
    0.11416946E+02    0.23201870E+00    0.50327381E+00
    0.12290723E+02    0.23148053E+00    0.48859070E+00
    0.13189447E+02    0.23030789E+00    0.47459736E+00
    0.14118351E+02    0.22865331E+00    0.46118729E+00
    0.15084521E+02    0.22662046E+00    0.44825286E+00
    0.16098028E+02    0.22427671E+00    0.43567240E+00
    0.17174143E+02    0.22165245E+00    0.42329280E+00
    0.18338321E+02    0.21874171E+00    0.41090456E+00
    0.19639995E+02    0.21547370E+00    0.39813829E+00
    0.21208777E+02    0.21159007E+00    0.38407066E+00
    0.15185867E+01    0.57925688E-01    0.70628274E+00
    0.15646114E+01    0.59635333E-01    0.70586175E+00
    0.18931797E+01    0.71715683E-01    0.70251795E+00
    0.24209841E+01    0.90587965E-01    0.69593361E+00
    0.30477553E+01    0.11195391E+00    0.68631460E+00
    0.37258435E+01    0.13353276E+00    0.67396053E+00
    0.44340492E+01    0.15409372E+00    0.65925428E+00
    0.51625391E+01    0.17288926E+00    0.64265001E+00
    0.59066095E+01    0.18942199E+00    0.62465857E+00
    0.66640979E+01    0.20334668E+00    0.60583486E+00
    0.74342411E+01    0.21441787E+00    0.58675805E+00
    0.82171438E+01    0.22245987E+00    0.56802025E+00
    0.90135286E+01    0.22755186E+00    0.55011777E+00
    0.98246326E+01    0.23044327E+00    0.53315268E+00
    0.10652192E+02    0.23178071E+00    0.51708701E+00
    0.11498498E+02    0.23200066E+00    0.50185489E+00
    0.12366514E+02    0.23140281E+00    0.48737006E+00
    0.13260103E+02    0.23019527E+00    0.47354120E+00
    0.14184380E+02    0.22852292E+00    0.46027202E+00
    0.15146339E+02    0.22648250E+00    0.44745779E+00
    0.16155969E+02    0.22413828E+00    0.43498119E+00
    0.17228465E+02    0.22151780E+00    0.42269242E+00
    0.18389204E+02    0.21861395E+00    0.41038486E+00
    0.19687514E+02    0.21535478E+00    0.39769180E+00
    0.21252789E+02    0.21148252E+00    0.38369477E+00
    0.23825079E+01    0.89237245E-01    0.69646198E+00
    0.24121043E+01    0.90276784E-01    0.69605622E+00
    0.26371135E+01    0.98094754E-01    0.69282795E+00
    0.30383223E+01    0.11164170E+00    0.68647302E+00
    0.35579559E+01    0.12835284E+00    0.67719099E+00
    0.41535705E+01    0.14620835E+00    0.66527288E+00
    0.47990656E+01    0.16382297E+00    0.65109102E+00
    0.54792380E+01    0.18026474E+00    0.63508833E+00
    0.61853273E+01    0.19489245E+00    0.61776137E+00
    0.69123396E+01    0.20725768E+00    0.59965060E+00
    0.76575570E+01    0.21704133E+00    0.58132054E+00
    0.84197203E+01    0.22401938E+00    0.56334718E+00
    0.91985833E+01    0.22838318E+00    0.54613620E+00
    0.99946808E+01    0.23083129E+00    0.52975265E+00
    0.10809229E+02    0.23189644E+00    0.51417336E+00
    0.11644127E+02    0.23195011E+00    0.49934678E+00
    0.12502036E+02    0.23125259E+00    0.48520426E+00
    0.13386581E+02    0.22998808E+00    0.47166693E+00
    0.14302687E+02    0.22828580E+00    0.45864366E+00
    0.15257189E+02    0.22623369E+00    0.44604152E+00
    0.16259937E+02    0.22388879E+00    0.43374785E+00
    0.17325999E+02    0.22127557E+00    0.42161981E+00
    0.18480613E+02    0.21838400E+00    0.40945586E+00
    0.19772922E+02    0.21514133E+00    0.39689269E+00
    0.21331931E+02    0.21128955E+00    0.38302173E+00
    0.32500569E+01    0.11857092E+00    0.68282721E+00
    0.32718150E+01    0.11927374E+00    0.68244184E+00
    0.34410600E+01    0.12468134E+00    0.67937609E+00
    0.37573832E+01    0.13449399E+00    0.67334204E+00
    0.41887440E+01    0.14721640E+00    0.66453138E+00
    0.47051753E+01    0.16137899E+00    0.65322407E+00
    0.52837067E+01    0.17576943E+00    0.63977640E+00
    0.59083479E+01    0.18945733E+00    0.62461574E+00
    0.65684702E+01    0.20175408E+00    0.60821928E+00
    0.72572009E+01    0.21214984E+00    0.59110706E+00
    0.79702387E+01    0.22027271E+00    0.57382314E+00
    0.87050684E+01    0.22589491E+00    0.55690275E+00
    0.94604683E+01    0.22937641E+00    0.54061470E+00
    0.10236219E+02    0.23127533E+00    0.52501156E+00
    0.11032949E+02    0.23199819E+00    0.51009166E+00
    0.11852097E+02    0.23184098E+00    0.49582161E+00
    0.12695962E+02    0.23101607E+00    0.48215012E+00
    0.13567870E+02    0.22967814E+00    0.46901123E+00
    0.14472505E+02    0.22793744E+00    0.45633216E+00
    0.15416496E+02    0.22587182E+00    0.44402598E+00
    0.16409512E+02    0.22352760E+00    0.43199044E+00
    0.17466447E+02    0.22092604E+00    0.42008898E+00
    0.18612350E+02    0.21805275E+00    0.40812692E+00
    0.19896104E+02    0.21483414E+00    0.39574824E+00
    0.21446161E+02    0.21101146E+00    0.38205565E+00
    0.41214785E+01    0.14528428E+00    0.66594589E+00
    0.41386578E+01    0.14577945E+00    0.66558596E+00
    0.42737114E+01    0.14962839E+00    0.66272386E+00
    0.45322890E+01    0.15677201E+00    0.65709166E+00
    0.48958443E+01    0.16629891E+00    0.64887192E+00
    0.53443792E+01    0.17718409E+00    0.63832851E+00
    0.58601426E+01    0.18847187E+00    0.62580235E+00
    0.64290194E+01    0.19934494E+00    0.61169663E+00
    0.70404912E+01    0.20914851E+00    0.59646674E+00
    0.76870463E+01    0.21736802E+00    0.58060754E+00
    0.83635172E+01    0.22360720E+00    0.56463577E+00
    0.90665281E+01    0.22780149E+00    0.54897049E+00
    0.97940889E+01    0.23036676E+00    0.53376911E+00
    0.10545325E+02    0.23167963E+00    0.51909455E+00
    0.11320322E+02    0.23203061E+00    0.50496659E+00
    0.12120063E+02    0.23164001E+00    0.49137321E+00
    0.12946473E+02    0.23067418E+00    0.47827746E+00
    0.13802565E+02    0.22925522E+00    0.46563312E+00
    0.14692757E+02    0.22747472E+00    0.45338094E+00
    0.15623446E+02    0.22539461E+00    0.44144471E+00
    0.16604090E+02    0.22305481E+00    0.42973206E+00
    0.17649376E+02    0.22046907E+00    0.41811688E+00
    0.18784123E+02    0.21762144E+00    0.40641055E+00
    0.20056886E+02    0.21443367E+00    0.39426703E+00
    0.21595405E+02    0.21064869E+00    0.38080213E+00
    0.49975520E+01    0.16885193E+00    0.64651651E+00
    0.50117292E+01    0.16920383E+00    0.64618643E+00
    0.51238218E+01    0.17195373E+00    0.64356167E+00
    0.53414029E+01    0.17711505E+00    0.63839971E+00
    0.56531613E+01    0.18410250E+00    0.63087007E+00
    0.60457696E+01    0.19220361E+00    0.62122205E+00
    0.65061673E+01    0.20069020E+00    0.60977362E+00
    0.70229076E+01    0.20889399E+00    0.59690301E+00
    0.75866631E+01    0.21623693E+00    0.58304009E+00
    0.81902150E+01    0.22223707E+00    0.56864768E+00
    0.88282140E+01    0.22659940E+00    0.55417179E+00
    0.94968875E+01    0.22949860E+00    0.53985718E+00
    0.10193778E+02    0.23120557E+00    0.52583686E+00
    0.10917547E+02    0.23195492E+00    0.51218599E+00
    0.11667846E+02    0.23193984E+00    0.49894146E+00
    0.12445275E+02    0.23131750E+00    0.48610898E+00
    0.13251419E+02    0.23020925E+00    0.47367063E+00
    0.14088994E+02    0.22871084E+00    0.46159593E+00
    0.14962154E+02    0.22689111E+00    0.44983783E+00
    0.15877059E+02    0.22480082E+00    0.43833415E+00
    0.16842943E+02    0.22246956E+00    0.42700208E+00
    0.17874267E+02    0.21990654E+00    0.41572574E+00
    0.18995585E+02    0.21708938E+00    0.40432402E+00
    0.20255064E+02    0.21394063E+00    0.39246183E+00
    0.21779588E+02    0.21020320E+00    0.37927127E+00
    0.58792538E+01    0.18886403E+00    0.62533218E+00
    0.58913096E+01    0.18911038E+00    0.62503541E+00
    0.59869566E+01    0.19104028E+00    0.62267589E+00
    0.61741950E+01    0.19468175E+00    0.61803780E+00
    0.64457996E+01    0.19964022E+00    0.61127845E+00
    0.67927483E+01    0.20541406E+00    0.60262739E+00
    0.72055751E+01    0.21145795E+00    0.59238098E+00
    0.76753717E+01    0.21723923E+00    0.58088971E+00
    0.81943612E+01    0.22227164E+00    0.56855098E+00
    0.87561248E+01    0.22619412E+00    0.55576702E+00
    0.93556112E+01    0.22900321E+00    0.54280961E+00
    0.99890426E+01    0.23081947E+00    0.52986449E+00
    0.10653789E+02    0.23178207E+00    0.51705716E+00
    0.11348256E+02    0.23202820E+00    0.50447586E+00
    0.12071815E+02    0.23168073E+00    0.49216590E+00
    0.12824779E+02    0.23084506E+00    0.48014845E+00
    0.13608460E+02    0.22960652E+00    0.46842254E+00
    0.14425320E+02    0.22803509E+00    0.45697113E+00
    0.15279272E+02    0.22618388E+00    0.44576077E+00
    0.16176251E+02    0.22408972E+00    0.43473987E+00
    0.17125269E+02    0.22177347E+00    0.42383493E+00
    0.18140549E+02    0.21923886E+00    0.41294170E+00
    0.19246359E+02    0.21646027E+00    0.40188630E+00
    0.20490430E+02    0.21335720E+00    0.39034587E+00
    0.21998649E+02    0.20967475E+00    0.37747065E+00
    0.67676932E+01    0.20501843E+00    0.60325159E+00
    0.67781689E+01    0.20518425E+00    0.60299057E+00
    0.68614645E+01    0.20648229E+00    0.60091622E+00
    0.70254344E+01    0.20893066E+00    0.59684031E+00
    0.72652858E+01    0.21225691E+00    0.59090775E+00
    0.75747921E+01    0.21609961E+00    0.58332875E+00
    0.79470974E+01    0.22005128E+00    0.57437274E+00
    0.83754030E+01    0.22369557E+00    0.56436280E+00
    0.88534514E+01    0.22673657E+00    0.55361568E+00
    0.93758075E+01    0.22907776E+00    0.54238529E+00
    0.99379830E+01    0.23070917E+00    0.53087978E+00
    0.10536461E+02    0.23167037E+00    0.51926195E+00
    0.11168673E+02    0.23202688E+00    0.50765549E+00
    0.11832961E+02    0.23185279E+00    0.49614345E+00
    0.12528558E+02    0.23122155E+00    0.48478314E+00
    0.13255603E+02    0.23020252E+00    0.47360825E+00
    0.14015215E+02    0.22885393E+00    0.46262715E+00
    0.14809655E+02    0.22722353E+00    0.45183462E+00
    0.15642640E+02    0.22535000E+00    0.44120729E+00
    0.16519901E+02    0.22325979E+00    0.43070536E+00
    0.17450240E+02    0.22096641E+00    0.42026476E+00
    0.18447644E+02    0.21846699E+00    0.40979025E+00
    0.19536079E+02    0.21573403E+00    0.39911887E+00
    0.20762798E+02    0.21268450E+00    0.38793493E+00
    0.22252564E+02    0.20906625E+00    0.37541173E+00
    0.76641093E+01    0.21711431E+00    0.58116203E+00
    0.76733614E+01    0.21721698E+00    0.58093831E+00
    0.77470378E+01    0.21801868E+00    0.57915976E+00
    0.78926314E+01    0.21951874E+00    0.57566977E+00
    0.81068661E+01    0.22152250E+00    0.57059840E+00
    0.83853668E+01    0.22376913E+00    0.56413417E+00
    0.87231450E+01    0.22600202E+00    0.55650006E+00
    0.91150577E+01    0.22802171E+00    0.54792476E+00
    0.95561761E+01    0.22968996E+00    0.53862944E+00
    0.10042045E+02    0.23092784E+00    0.52881456E+00
    0.10568841E+02    0.23170354E+00    0.51865112E+00
    0.11133459E+02    0.23202166E+00    0.50828468E+00
    0.11733549E+02    0.23190844E+00    0.49782369E+00
    0.12367533E+02    0.23140174E+00    0.48735371E+00
    0.13034633E+02    0.23054479E+00    0.47693325E+00
    0.13734916E+02    0.22937938E+00    0.46660097E+00
    0.14469386E+02    0.22794391E+00    0.45637431E+00
    0.15240170E+02    0.22627201E+00    0.44625819E+00
    0.16050828E+02    0.22438912E+00    0.43623746E+00
    0.16906923E+02    0.22231228E+00    0.42627899E+00
    0.17817065E+02    0.22004958E+00    0.41633035E+00
    0.18795012E+02    0.21759407E+00    0.40630238E+00
    0.19864422E+02    0.21491309E+00    0.39604173E+00
    0.21072035E+02    0.21192496E+00    0.38524507E+00
    0.22541373E+02    0.20837748E+00    0.37310534E+00
    0.85698907E+01    0.22505055E+00    0.55993582E+00
    0.85781659E+01    0.22510446E+00    0.55974911E+00
    0.86441339E+01    0.22552387E+00    0.55826530E+00
    0.87748553E+01    0.22630135E+00    0.55535159E+00
    0.89680396E+01    0.22732940E+00    0.55110659E+00
    0.92205657E+01    0.22847446E+00    0.54566775E+00
    0.95287834E+01    0.22960273E+00    0.53919585E+00
    0.98888185E+01    0.23059727E+00    0.53186260E+00
    0.10296842E+02    0.23136848E+00    0.52383785E+00
    0.10749285E+02    0.23185696E+00    0.51528052E+00
    0.11242992E+02    0.23203244E+00    0.50633305E+00
    0.11775329E+02    0.23188623E+00    0.49711599E+00
    0.12344254E+02    0.23142601E+00    0.48772774E+00
    0.12948372E+02    0.23067144E+00    0.47824840E+00
    0.13586984E+02    0.22964449E+00    0.46873371E+00
    0.14260167E+02    0.22837156E+00    0.45922734E+00
    0.14968888E+02    0.22687631E+00    0.44975021E+00
    0.15715192E+02    0.22518099E+00    0.44031276E+00
    0.16502532E+02    0.22330199E+00    0.43090693E+00
    0.17336335E+02    0.22124987E+00    0.42150657E+00
    0.18225044E+02    0.21902621E+00    0.41206810E+00
    0.19182203E+02    0.21662147E+00    0.40250643E+00
    0.20231157E+02    0.21400006E+00    0.39267845E+00
    0.21418103E+02    0.21107975E+00    0.38229245E+00
    0.22865213E+02    0.20761141E+00    0.37056358E+00
    0.94866082E+01    0.22946446E+00    0.54007073E+00
    0.94940844E+01    0.22948932E+00    0.53991539E+00
    0.95537301E+01    0.22968225E+00    0.53867996E+00
    0.96721659E+01    0.23003776E+00    0.53624668E+00
    0.98477633E+01    0.23049978E+00    0.53268695E+00
    0.10078271E+02    0.23099843E+00    0.52809917E+00
    0.10361005E+02    0.23145915E+00    0.52260302E+00
    0.10693056E+02    0.23181453E+00    0.51632464E+00
    0.11071480E+02    0.23200866E+00    0.50939708E+00
    0.11493469E+02    0.23200200E+00    0.50194207E+00
    0.11956487E+02    0.23177039E+00    0.49407577E+00
    0.12458374E+02    0.23130275E+00    0.48589984E+00
    0.12997435E+02    0.23059989E+00    0.47749921E+00
    0.13572510E+02    0.22966998E+00    0.46894380E+00
    0.14183047E+02    0.22852556E+00    0.46029044E+00
    0.14829197E+02    0.22718121E+00    0.45157746E+00
    0.15511941E+02    0.22565262E+00    0.44283043E+00
    0.16233298E+02    0.22395285E+00    0.43406298E+00
    0.16996654E+02    0.22209128E+00    0.42527050E+00
    0.17807336E+02    0.22007391E+00    0.41643341E+00
    0.18673643E+02    0.21789889E+00    0.40751238E+00
    0.19608917E+02    0.21555152E+00    0.39843095E+00
    0.20636193E+02    0.21299709E+00    0.38905102E+00
    0.21801097E+02    0.21015124E+00    0.37909351E+00
    0.23224355E+02    0.20676913E+00    0.36779720E+00
    0.10416062E+02    0.23153120E+00    0.52154949E+00
    0.10422871E+02    0.23153975E+00    0.52141951E+00
    0.10477231E+02    0.23160504E+00    0.52038428E+00
    0.10585339E+02    0.23171974E+00    0.51834060E+00
    0.10746025E+02    0.23185464E+00    0.51534090E+00
    0.10957653E+02    0.23197226E+00    0.51145529E+00
    0.11218245E+02    0.23203142E+00    0.50677261E+00
    0.11525626E+02    0.23199292E+00    0.50138530E+00
    0.11877553E+02    0.23182473E+00    0.49539440E+00
    0.12271856E+02    0.23149930E+00    0.48889594E+00
    0.12706541E+02    0.23100241E+00    0.48198493E+00
    0.13179897E+02    0.23032291E+00    0.47474062E+00
    0.13690578E+02    0.22945969E+00    0.46723790E+00
    0.14237684E+02    0.22841666E+00    0.45953667E+00
    0.14820845E+02    0.22719931E+00    0.45168733E+00
    0.15440327E+02    0.22581723E+00    0.44372659E+00
    0.16097171E+02    0.22427875E+00    0.43568265E+00
    0.16793408E+02    0.22259124E+00    0.42756454E+00
    0.17532395E+02    0.22076159E+00    0.41937561E+00
    0.18319384E+02    0.21878923E+00    0.41109846E+00
    0.19162556E+02    0.21667080E+00    0.40269683E+00
    0.20075065E+02    0.21438841E+00    0.39410047E+00
    0.21079636E+02    0.21190633E+00    0.38517956E+00
    0.22221306E+02    0.20914096E+00    0.37566361E+00
    0.23619257E+02    0.20585141E+00    0.36481771E+00
    0.11360346E+02    0.23202689E+00    0.50426388E+00
    0.11366589E+02    0.23202615E+00    0.50415448E+00
    0.11416456E+02    0.23201879E+00    0.50328235E+00
    0.11515750E+02    0.23199583E+00    0.50155611E+00
    0.11663625E+02    0.23194171E+00    0.49901350E+00
    0.11858889E+02    0.23183670E+00    0.49570753E+00
    0.12100088E+02    0.23165710E+00    0.49170106E+00
    0.12385603E+02    0.23138263E+00    0.48706382E+00
    0.12713748E+02    0.23099306E+00    0.48187248E+00
    0.13082872E+02    0.23047237E+00    0.47620216E+00
    0.13491452E+02    0.22981098E+00    0.47012598E+00
    0.13938178E+02    0.22900084E+00    0.46370989E+00
    0.14422033E+02    0.22804187E+00    0.45701573E+00
    0.14942381E+02    0.22693451E+00    0.45009538E+00
    0.15499050E+02    0.22568231E+00    0.44299136E+00
    0.16092445E+02    0.22429002E+00    0.43573915E+00
    0.16723696E+02    0.22276226E+00    0.42835959E+00
    0.17394875E+02    0.22110424E+00    0.42086691E+00
    0.18109334E+02    0.21931738E+00    0.41326561E+00
    0.18872279E+02    0.21739967E+00    0.40553704E+00
    0.19691792E+02    0.21534408E+00    0.39765167E+00
    0.20580849E+02    0.21313386E+00    0.38954141E+00
    0.21561868E+02    0.21073007E+00    0.38108281E+00
    0.22679276E+02    0.20805086E+00    0.37201749E+00
    0.24050621E+02    0.20486037E+00    0.36163398E+00
    0.12321936E+02    0.23144896E+00    0.48808702E+00
    0.12327693E+02    0.23144307E+00    0.48799428E+00
    0.12373687E+02    0.23139526E+00    0.48725494E+00
    0.12465358E+02    0.23129482E+00    0.48578840E+00
    0.12602095E+02    0.23113368E+00    0.48362175E+00
    0.12783032E+02    0.23090157E+00    0.48079478E+00
    0.13007105E+02    0.23058563E+00    0.47735191E+00
    0.13273123E+02    0.23017425E+00    0.47334732E+00
    0.13579839E+02    0.22965709E+00    0.46883738E+00
    0.13926026E+02    0.22902383E+00    0.46388128E+00
    0.14310553E+02    0.22826987E+00    0.45853588E+00
    0.14732462E+02    0.22738985E+00    0.45285414E+00
    0.15191040E+02    0.22638237E+00    0.44688523E+00
    0.15685898E+02    0.22524931E+00    0.44067338E+00
    0.16217065E+02    0.22399183E+00    0.43425531E+00
    0.16785096E+02    0.22261164E+00    0.42765914E+00
    0.17391224E+02    0.22111332E+00    0.42090671E+00
    0.18037581E+02    0.21949759E+00    0.41401252E+00
    0.18727537E+02    0.21776360E+00    0.40697394E+00
    0.19466268E+02    0.21590895E+00    0.39978096E+00
    0.20261770E+02    0.21392396E+00    0.39240112E+00
    0.21126855E+02    0.21179061E+00    0.38477317E+00
    0.22083632E+02    0.20947057E+00    0.37677823E+00
    0.23175897E+02    0.20688219E+00    0.36816725E+00
    0.24519483E+02    0.20379626E+00    0.35825523E+00
    0.13303818E+02    0.23012439E+00    0.47289121E+00
    0.13309150E+02    0.23011569E+00    0.47281210E+00
    0.13351764E+02    0.23004574E+00    0.47218106E+00
    0.13436764E+02    0.22990408E+00    0.47092811E+00
    0.13563712E+02    0.22968544E+00    0.46907167E+00
    0.13731984E+02    0.22938472E+00    0.46664303E+00
    0.13940813E+02    0.22899585E+00    0.46367274E+00
    0.14189337E+02    0.22851308E+00    0.46020351E+00
    0.14476654E+02    0.22792883E+00    0.45627610E+00
    0.14801881E+02    0.22724035E+00    0.45193704E+00
    0.15164215E+02    0.22644249E+00    0.44722859E+00
    0.15562998E+02    0.22553472E+00    0.44219453E+00
    0.15997786E+02    0.22451506E+00    0.43687459E+00
    0.16468420E+02    0.22338479E+00    0.43130350E+00
    0.16975119E+02    0.22214438E+00    0.42551201E+00
    0.17518588E+02    0.22079605E+00    0.41952473E+00
    0.18100170E+02    0.21934042E+00    0.41336082E+00
    0.18722067E+02    0.21777733E+00    0.40702851E+00
    0.19387679E+02    0.21610576E+00    0.40052975E+00
    0.20102165E+02    0.21432095E+00    0.39385256E+00
    0.20873447E+02    0.21241225E+00    0.38696644E+00
    0.21714177E+02    0.21036125E+00    0.37981308E+00
    0.22646154E+02    0.20812925E+00    0.37227805E+00
    0.23712521E+02    0.20563644E+00    0.36412310E+00
    0.25027315E+02    0.20265928E+00    0.35468781E+00
    0.14309669E+02    0.22827166E+00    0.45854800E+00
    0.14314626E+02    0.22826162E+00    0.45848010E+00
    0.14354255E+02    0.22818098E+00    0.45793829E+00
    0.14433353E+02    0.22801850E+00    0.45686216E+00
    0.14551609E+02    0.22777260E+00    0.45526660E+00
    0.14708584E+02    0.22744095E+00    0.45317076E+00
    0.14903735E+02    0.22701906E+00    0.45059997E+00
    0.15136457E+02    0.22650460E+00    0.44758463E+00
    0.15406121E+02    0.22589555E+00    0.44415650E+00
    0.15712120E+02    0.22518816E+00    0.44035053E+00
    0.16053924E+02    0.22438175E+00    0.43620036E+00
    0.16431128E+02    0.22347522E+00    0.43173806E+00
    0.16843522E+02    0.22246814E+00    0.42699553E+00
    0.17291152E+02    0.22136217E+00    0.42200223E+00
    0.17774412E+02    0.22015625E+00    0.41678271E+00
    0.18294151E+02    0.21885257E+00    0.41135719E+00
    0.18851822E+02    0.21745117E+00    0.40573927E+00
    0.19449700E+02    0.21595045E+00    0.39993850E+00
    0.20091221E+02    0.21434819E+00    0.39395262E+00
    0.20781533E+02    0.21263834E+00    0.38777048E+00
    0.21528489E+02    0.21081117E+00    0.38136279E+00
    0.22344586E+02    0.20884631E+00    0.37467272E+00
    0.23251308E+02    0.20670630E+00    0.36759185E+00
    0.24291124E+02    0.20431282E+00    0.35989068E+00
    0.25576191E+02    0.20144879E+00    0.35093420E+00
    0.15344134E+02    0.22603691E+00    0.44493860E+00
    0.15348757E+02    0.22602639E+00    0.44488014E+00
    0.15385723E+02    0.22594215E+00    0.44441345E+00
    0.15459544E+02    0.22577314E+00    0.44348559E+00
    0.15570008E+02    0.22551850E+00    0.44210741E+00
    0.15716814E+02    0.22517720E+00    0.44029280E+00
    0.15899596E+02    0.22474755E+00    0.43806064E+00
    0.16117945E+02    0.22422918E+00    0.43543450E+00
    0.16371450E+02    0.22361974E+00    0.43243575E+00
    0.16659728E+02    0.22291889E+00    0.42909224E+00
    0.16982470E+02    0.22212626E+00    0.42542954E+00
    0.17339487E+02    0.22124203E+00    0.42147205E+00
    0.17730765E+02    0.22026542E+00    0.41724704E+00
    0.18156535E+02    0.21919863E+00    0.41277607E+00
    0.18617345E+02    0.21804021E+00    0.40807675E+00
    0.19114178E+02    0.21679211E+00    0.40316659E+00
    0.19648588E+02    0.21545218E+00    0.39805745E+00
    0.20222924E+02    0.21402053E+00    0.39275311E+00
    0.20840657E+02    0.21249284E+00    0.38725274E+00
    0.21506927E+02    0.21086359E+00    0.38154394E+00
    0.22229522E+02    0.20912132E+00    0.37559736E+00
    0.23020781E+02    0.20724527E+00    0.36935881E+00
    0.23901865E+02    0.20520090E+00    0.36272319E+00
    0.24914545E+02    0.20291012E+00    0.35547195E+00
    0.26169016E+02    0.20016320E+00    0.34699509E+00
    0.16413262E+02    0.22351852E+00    0.43194663E+00
    0.16417584E+02    0.22350804E+00    0.43189615E+00
    0.16452149E+02    0.22342426E+00    0.43149298E+00
    0.16521206E+02    0.22325662E+00    0.43069023E+00
    0.16624617E+02    0.22300470E+00    0.42949571E+00
    0.16762189E+02    0.22266786E+00    0.42792013E+00
    0.16933690E+02    0.22224641E+00    0.42597753E+00
    0.17138870E+02    0.22173980E+00    0.42368387E+00
    0.17377488E+02    0.22114750E+00    0.42105657E+00
    0.17649342E+02    0.22046916E+00    0.41811725E+00
    0.17954303E+02    0.21970629E+00    0.41488375E+00
    0.18292362E+02    0.21885706E+00    0.41137555E+00
    0.18663675E+02    0.21792391E+00    0.40761217E+00
    0.19068625E+02    0.21690623E+00    0.40361015E+00
    0.19507903E+02    0.21580464E+00    0.39938576E+00
    0.19982605E+02    0.21461865E+00    0.39494961E+00
    0.20494383E+02    0.21334743E+00    0.39031061E+00
    0.21045650E+02    0.21198965E+00    0.38547265E+00
    0.21639910E+02    0.21054086E+00    0.38043065E+00
    0.22282294E+02    0.20899520E+00    0.37517257E+00
    0.22980522E+02    0.20733983E+00    0.36966964E+00
    0.23746770E+02    0.20555761E+00    0.36386887E+00
    0.24601867E+02    0.20361064E+00    0.35767010E+00
    0.25586857E+02    0.20142547E+00    0.35086228E+00
    0.26809888E+02    0.19879890E+00    0.34286389E+00
    0.17525232E+02    0.22077947E+00    0.41945296E+00
    0.17529280E+02    0.22076936E+00    0.41940924E+00
    0.17561656E+02    0.22068850E+00    0.41905993E+00
    0.17626367E+02    0.22052665E+00    0.41836373E+00
    0.17723331E+02    0.22028402E+00    0.41732628E+00
    0.17852438E+02    0.21996113E+00    0.41595618E+00
    0.18013563E+02    0.21955783E+00    0.41426330E+00
    0.18206577E+02    0.21907268E+00    0.41225863E+00
    0.18431378E+02    0.21850792E+00    0.40995551E+00
    0.18687906E+02    0.21786309E+00    0.40736971E+00
    0.18976185E+02    0.21713813E+00    0.40451420E+00
    0.19296349E+02    0.21633470E+00    0.40140490E+00
    0.19648698E+02    0.21545191E+00    0.39805642E+00
    0.20033748E+02    0.21449128E+00    0.39447932E+00
    0.20452307E+02    0.21345142E+00    0.39068639E+00
    0.20905576E+02    0.21233333E+00    0.38668651E+00
    0.21395287E+02    0.21113529E+00    0.38248523E+00
    0.21923913E+02    0.20985476E+00    0.37808243E+00
    0.22494983E+02    0.20848764E+00    0.37347318E+00
    0.23113615E+02    0.20702774E+00    0.36864446E+00
    0.23787454E+02    0.20546398E+00    0.36356744E+00
    0.24528507E+02    0.20377592E+00    0.35819102E+00
    0.25357256E+02    0.20192931E+00    0.35241910E+00
    0.26313986E+02    0.19985237E+00    0.34604915E+00
    0.27504703E+02    0.19735015E+00    0.33852588E+00
    0.18691650E+02    0.21785369E+00    0.40733228E+00
    0.18695446E+02    0.21784417E+00    0.40729434E+00
    0.18725806E+02    0.21776794E+00    0.40699120E+00
    0.18786507E+02    0.21761545E+00    0.40638686E+00
    0.18877513E+02    0.21738649E+00    0.40548535E+00
    0.18998779E+02    0.21708136E+00    0.40429273E+00
    0.19150260E+02    0.21670165E+00    0.40281610E+00
    0.19331929E+02    0.21624544E+00    0.40106330E+00
    0.19543790E+02    0.21571470E+00    0.39904591E+00
    0.19785901E+02    0.21510893E+00    0.39677167E+00
    0.20058405E+02    0.21442989E+00    0.39425310E+00
    0.20361560E+02    0.21367615E+00    0.39150045E+00
    0.20695782E+02    0.21284985E+00    0.38852469E+00
    0.21061697E+02    0.21195030E+00    0.38533420E+00
    0.21460216E+02    0.21097725E+00    0.38193715E+00
    0.21892627E+02    0.20993023E+00    0.37833934E+00
    0.22360732E+02    0.20880773E+00    0.37454343E+00
    0.22867051E+02    0.20760707E+00    0.37054928E+00
    0.23415130E+02    0.20632494E+00    0.36635028E+00
    0.24010066E+02    0.20495300E+00    0.36192998E+00
    0.24659420E+02    0.20348118E+00    0.35726282E+00
    0.25375021E+02    0.20189019E+00    0.35229801E+00
    0.26176984E+02    0.20014607E+00    0.34694291E+00
    0.27104795E+02    0.19817998E+00    0.34100471E+00
    0.28262214E+02    0.19580491E+00    0.33395480E+00
    0.19930107E+02    0.21474942E+00    0.39543386E+00
    0.19933666E+02    0.21474056E+00    0.39540098E+00
    0.19962143E+02    0.21466962E+00    0.39513818E+00
    0.20019096E+02    0.21452777E+00    0.39461390E+00
    0.20104523E+02    0.21431508E+00    0.39383101E+00
    0.20218431E+02    0.21403170E+00    0.39279388E+00
    0.20360841E+02    0.21367794E+00    0.39150692E+00
    0.20531801E+02    0.21325501E+00    0.38997727E+00
    0.20731403E+02    0.21276192E+00    0.38821092E+00
    0.20959801E+02    0.21220022E+00    0.38621539E+00
    0.21217233E+02    0.21156939E+00    0.38399835E+00
    0.21504058E+02    0.21087057E+00    0.38156807E+00
    0.21820787E+02    0.21010368E+00    0.37893096E+00
    0.22168140E+02    0.20926811E+00    0.37609302E+00
    0.22547112E+02    0.20836387E+00    0.37305991E+00
    0.22959061E+02    0.20739030E+00    0.36983560E+00
    0.23405848E+02    0.20634653E+00    0.36642035E+00
    0.23890026E+02    0.20522809E+00    0.36281030E+00
    0.24415152E+02    0.20403180E+00    0.35899988E+00
    0.24986289E+02    0.20275043E+00    0.35497257E+00
    0.25610903E+02    0.20137292E+00    0.35070030E+00
    0.26300628E+02    0.19988094E+00    0.34613603E+00
    0.27075189E+02    0.19824187E+00    0.34119014E+00
    0.27973224E+02    0.19638989E+00    0.33567952E+00
    0.29096118E+02    0.19414546E+00    0.32910363E+00
    0.21269911E+02    0.21144074E+00    0.38354886E+00
    0.21273246E+02    0.21143260E+00    0.38352046E+00
    0.21299933E+02    0.21136752E+00    0.38329343E+00
    0.21353317E+02    0.21123746E+00    0.38284042E+00
    0.21433427E+02    0.21104245E+00    0.38216308E+00
    0.21540309E+02    0.21078244E+00    0.38126358E+00
    0.21674035E+02    0.21045829E+00    0.38014654E+00
    0.21834716E+02    0.21007003E+00    0.37881607E+00
    0.22022512E+02    0.20961736E+00    0.37727588E+00
    0.22237653E+02    0.20910189E+00    0.37553183E+00
    0.22480457E+02    0.20852218E+00    0.37358857E+00
    0.22751361E+02    0.20788034E+00    0.37145201E+00
    0.23050959E+02    0.20717447E+00    0.36912621E+00
    0.23380043E+02    0.20640658E+00    0.36661533E+00
    0.23739676E+02    0.20557394E+00    0.36392149E+00
    0.24131275E+02    0.20467648E+00    0.36104719E+00
    0.24556744E+02    0.20371227E+00    0.35799028E+00
    0.25018659E+02    0.20267850E+00    0.35474784E+00
    0.25520573E+02    0.20157054E+00    0.35130986E+00
    0.26067500E+02    0.20038193E+00    0.34766161E+00
    0.26666802E+02    0.19910149E+00    0.34377496E+00
    0.27329892E+02    0.19771165E+00    0.33960372E+00
    0.28076072E+02    0.19618092E+00    0.33506297E+00
    0.28943068E+02    0.19444659E+00    0.32998030E+00
    0.30029719E+02    0.19233841E+00    0.32388303E+00
    0.22767972E+02    0.20784107E+00    0.37132203E+00
    0.22771088E+02    0.20783370E+00    0.37129766E+00
    0.22796021E+02    0.20777478E+00    0.37110281E+00
    0.22845910E+02    0.20765696E+00    0.37071379E+00
    0.22920804E+02    0.20748036E+00    0.37013190E+00
    0.23020781E+02    0.20724527E+00    0.36935881E+00
    0.23145955E+02    0.20695213E+00    0.36839646E+00
    0.23296486E+02    0.20660106E+00    0.36724838E+00
    0.23472590E+02    0.20619130E+00    0.36591721E+00
    0.23674557E+02    0.20572387E+00    0.36440544E+00
    0.23902769E+02    0.20519882E+00    0.36271654E+00
    0.24157729E+02    0.20461623E+00    0.36085520E+00
    0.24440093E+02    0.20397544E+00    0.35882149E+00
    0.24750714E+02    0.20327625E+00    0.35661925E+00
    0.25090708E+02    0.20251861E+00    0.35424898E+00
    0.25461537E+02    0.20170000E+00    0.35170977E+00
    0.25865133E+02    0.20081976E+00    0.34900001E+00
    0.26304082E+02    0.19987355E+00    0.34611356E+00
    0.26781917E+02    0.19885793E+00    0.34304154E+00
    0.27303590E+02    0.19776616E+00    0.33976663E+00
    0.27876330E+02    0.19658735E+00    0.33626307E+00
    0.28511304E+02    0.19530489E+00    0.33248676E+00
    0.29227337E+02    0.19388851E+00    0.32835678E+00
    0.30061148E+02    0.19227856E+00    0.32371093E+00
    0.31108768E+02    0.19031538E+00    0.31810589E+00
    0.24573483E+02    0.20367456E+00    0.35787142E+00
    0.24576370E+02    0.20366806E+00    0.35785093E+00
    0.24599473E+02    0.20361603E+00    0.35768707E+00
    0.24645712E+02    0.20351200E+00    0.35735972E+00
    0.24715152E+02    0.20335600E+00    0.35686957E+00
    0.24807899E+02    0.20314821E+00    0.35621768E+00
    0.24924099E+02    0.20288883E+00    0.35540534E+00
    0.25063953E+02    0.20257796E+00    0.35443402E+00
    0.25227722E+02    0.20221521E+00    0.35330532E+00
    0.25415746E+02    0.20180060E+00    0.35202079E+00
    0.25628458E+02    0.20133458E+00    0.35058217E+00
    0.25866414E+02    0.20081698E+00    0.34899150E+00
    0.26130320E+02    0.20024647E+00    0.34724875E+00
    0.26421078E+02    0.19962375E+00    0.34535465E+00
    0.26739842E+02    0.19894684E+00    0.34330916E+00
    0.27088104E+02    0.19821487E+00    0.34110922E+00
    0.27467811E+02    0.19742636E+00    0.33875266E+00
    0.27881540E+02    0.19657673E+00    0.33623163E+00
    0.28332783E+02    0.19566297E+00    0.33353722E+00
    0.28826403E+02    0.19467730E+00    0.33065265E+00
    0.29369461E+02    0.19361110E+00    0.32755296E+00
    0.29972820E+02    0.19244697E+00    0.32419512E+00
    0.30654735E+02    0.19115790E+00    0.32050381E+00
    0.31450726E+02    0.18968815E+00    0.31632971E+00
    0.32453520E+02    0.18788739E+00    0.31126287E+00
