    0.18723995E-04   -0.53069533E-11    0.91335914E-14
    0.32059656E+00    0.34536787E-11   -0.12485152E-13
    0.96212644E+00    0.31092975E-10   -0.33177996E-12
    0.16046712E+01    0.86427631E-10   -0.14865735E-11
    0.22489230E+01    0.16958978E-09   -0.38744955E-11
    0.28955981E+01    0.28082197E-09   -0.76495521E-11
    0.35454477E+01    0.42051716E-09   -0.12614225E-10
    0.41992707E+01    0.58927532E-09   -0.18296096E-10
    0.48579283E+01    0.78785916E-09   -0.24736349E-10
    0.55223619E+01    0.10172291E-08   -0.32073687E-10
    0.61936150E+01    0.12785324E-08   -0.40385566E-10
    0.68728615E+01    0.15731803E-08   -0.49734251E-10
    0.75614420E+01    0.19029017E-08   -0.60182148E-10
    0.82609124E+01    0.22697705E-08   -0.71799757E-10
    0.89731104E+01    0.26763746E-08   -0.84670378E-10
    0.97002490E+01    0.31258731E-08   -0.98895410E-10
    0.10445052E+02    0.36222904E-08   -0.11460256E-09
    0.11210958E+02    0.41706465E-08   -0.13195195E-09
    0.12002445E+02    0.47777569E-08   -0.15115741E-09
    0.12825564E+02    0.54526348E-08   -0.17250570E-09
    0.13688903E+02    0.62081783E-08   -0.19640399E-09
    0.14605472E+02    0.70635058E-08   -0.22345617E-09
    0.15596951E+02    0.80506655E-08   -0.25467511E-09
    0.16705433E+02    0.92301108E-08   -0.29197638E-09
    0.18041270E+02    0.10757930E-07   -0.34028838E-09
    0.45488078E+00    0.69524593E-11   -0.35586501E-13
    0.55650578E+00    0.10405456E-10   -0.65025995E-13
    0.10642386E+01    0.38039340E-10   -0.44709143E-12
    0.16678987E+01    0.93365175E-10   -0.16619150E-11
    0.22944653E+01    0.17651561E-09   -0.40954748E-11
    0.29311098E+01    0.28773158E-09   -0.78944058E-11
    0.35745091E+01    0.42741853E-09   -0.12854841E-10
    0.42238360E+01    0.59616710E-09   -0.18522334E-10
    0.48791786E+01    0.79474336E-09   -0.24957639E-10
    0.55410646E+01    0.10241044E-08   -0.32292885E-10
    0.62102965E+01    0.12854042E-08   -0.40603812E-10
    0.68878982E+01    0.15800475E-08   -0.49951970E-10
    0.75751120E+01    0.19097628E-08   -0.60399502E-10
    0.82734268E+01    0.22766273E-08   -0.72016845E-10
    0.89846328E+01    0.26832272E-08   -0.84887206E-10
    0.97109086E+01    0.31327216E-08   -0.99112054E-10
    0.10454952E+02    0.36291287E-08   -0.11481892E-09
    0.11220183E+02    0.41774931E-08   -0.13216855E-09
    0.12011062E+02    0.47845954E-08   -0.15137372E-09
    0.12833628E+02    0.54594655E-08   -0.17272178E-09
    0.13696459E+02    0.62150030E-08   -0.19661988E-09
    0.14612553E+02    0.70703258E-08   -0.22367189E-09
    0.15603583E+02    0.80574865E-08   -0.25489086E-09
    0.16711625E+02    0.92369273E-08   -0.29219191E-09
    0.18047004E+02    0.10764744E-07   -0.34050383E-09
    0.10445894E+01    0.36648513E-10   -0.42315025E-12
    0.10926799E+01    0.40098825E-10   -0.48328831E-12
    0.14201600E+01    0.67711122E-10   -0.10428343E-11
    0.19147158E+01    0.12299825E-09   -0.24664105E-11
    0.24796818E+01    0.20609688E-09   -0.50657834E-11
    0.30782552E+01    0.31726114E-09   -0.89464322E-11
    0.36961285E+01    0.45690106E-09   -0.13871984E-10
    0.43272441E+01    0.62561517E-09   -0.19486062E-10
    0.49689671E+01    0.82416638E-09   -0.25902274E-10
    0.56202889E+01    0.10535016E-08   -0.33229294E-10
    0.62810854E+01    0.13147730E-08   -0.41536314E-10
    0.69517906E+01    0.16093944E-08   -0.50882147E-10
    0.76332544E+01    0.19390774E-08   -0.61328230E-10
    0.83266945E+01    0.23059315E-08   -0.72944486E-10
    0.90337079E+01    0.27125082E-08   -0.85813854E-10
    0.97563311E+01    0.31619859E-08   -0.10003786E-09
    0.10497156E+02    0.36583427E-08   -0.11574326E-09
    0.11259518E+02    0.42067578E-08   -0.13309426E-09
    0.12047816E+02    0.48138180E-08   -0.15229806E-09
    0.12868033E+02    0.54886548E-08   -0.17364507E-09
    0.13728701E+02    0.62441584E-08   -0.19754211E-09
    0.14642779E+02    0.70994728E-08   -0.22459384E-09
    0.15631892E+02    0.80866309E-08   -0.25581277E-09
    0.16738060E+02    0.92660470E-08   -0.29311273E-09
    0.18071486E+02    0.10793858E-07   -0.34142445E-09
    0.16388544E+01    0.90145370E-10   -0.15798588E-11
    0.16699180E+01    0.93591079E-10   -0.16677150E-11
    0.19004029E+01    0.12116794E-09   -0.24143792E-11
    0.22936463E+01    0.17638985E-09   -0.40914387E-11
    0.27827142E+01    0.25940651E-09   -0.68952828E-11
    0.33272108E+01    0.37048671E-09   -0.10847691E-10
    0.39058985E+01    0.51005507E-09   -0.15670542E-10
    0.45077398E+01    0.67871129E-09   -0.21213524E-10
    0.51269202E+01    0.87720833E-09   -0.27601933E-10
    0.57604101E+01    0.11064942E-08   -0.34916703E-10
    0.64067707E+01    0.13677249E-08   -0.43217241E-10
    0.70655551E+01    0.16623031E-08   -0.52559325E-10
    0.77370052E+01    0.19919600E-08   -0.63002889E-10
    0.84219070E+01    0.23587659E-08   -0.74617131E-10
    0.91215434E+01    0.27653074E-08   -0.87485027E-10
    0.98377169E+01    0.32147553E-08   -0.10170749E-09
    0.10572840E+02    0.37110786E-08   -0.11741195E-09
    0.11330112E+02    0.42594621E-08   -0.13476130E-09
    0.12113816E+02    0.48665032E-08   -0.15396445E-09
    0.12929847E+02    0.55412986E-08   -0.17531010E-09
    0.13786657E+02    0.62967227E-08   -0.19920463E-09
    0.14697131E+02    0.71520471E-08   -0.22625678E-09
    0.15682816E+02    0.81391678E-08   -0.25747462E-09
    0.16785629E+02    0.93185354E-08   -0.29477259E-09
    0.18115554E+02    0.10846341E-07   -0.34308410E-09
    0.22356149E+01    0.16759324E-09   -0.38112742E-11
    0.22584854E+01    0.17103306E-09   -0.39203225E-11
    0.24338573E+01    0.19856625E-09   -0.48150553E-11
    0.27518982E+01    0.25370699E-09   -0.66959893E-11
    0.31710611E+01    0.33662350E-09   -0.96385799E-11
    0.36582048E+01    0.44760332E-09   -0.13553008E-10
    0.41914405E+01    0.58708687E-09   -0.18224204E-10
    0.47572942E+01    0.75566705E-09   -0.23700334E-10
    0.53476575E+01    0.95410102E-09   -0.30059677E-10
    0.59577223E+01    0.11833160E-08   -0.37360175E-10
    0.65847430E+01    0.14444905E-08   -0.45652901E-10
    0.72273231E+01    0.17390114E-08   -0.54990113E-10
    0.78850098E+01    0.20686117E-08   -0.65430399E-10
    0.85580750E+01    0.24353748E-08   -0.77042258E-10
    0.92474150E+01    0.28418595E-08   -0.89908011E-10
    0.99545369E+01    0.32912626E-08   -0.10412918E-09
    0.10681624E+02    0.37875370E-08   -0.11983073E-09
    0.11431691E+02    0.43358409E-08   -0.13717773E-09
    0.12208877E+02    0.49428638E-08   -0.15638026E-09
    0.13018951E+02    0.56176488E-08   -0.17772502E-09
    0.13870257E+02    0.63729763E-08   -0.20161630E-09
    0.14775580E+02    0.72282947E-08   -0.22866807E-09
    0.15756359E+02    0.82152992E-08   -0.25988235E-09
    0.16854361E+02    0.93946420E-08   -0.29717904E-09
    0.18179258E+02    0.10922372E-07   -0.34548863E-09
    0.28350393E+01    0.26922803E-09   -0.72402093E-11
    0.28531088E+01    0.27266188E-09   -0.73612209E-11
    0.29938495E+01    0.30014836E-09   -0.83358383E-11
    0.32576705E+01    0.35520538E-09   -0.10302721E-10
    0.36187155E+01    0.43802028E-09   -0.13222563E-10
    0.40523988E+01    0.54890392E-09   -0.16964502E-10
    0.45395646E+01    0.68829608E-09   -0.21524215E-10
    0.50666874E+01    0.85678793E-09   -0.26948021E-10
    0.56246702E+01    0.10551388E-08   -0.33281453E-10
    0.62075702E+01    0.12842799E-08   -0.40568103E-10
    0.68116308E+01    0.15453725E-08   -0.48852575E-10
    0.74346266E+01    0.18398345E-08   -0.58184444E-10
    0.80754475E+01    0.21693629E-08   -0.68620695E-10
    0.87338492E+01    0.25360538E-08   -0.80228985E-10
    0.94103219E+01    0.29424828E-08   -0.93092361E-10
    0.10106052E+02    0.33918059E-08   -0.10731055E-09
    0.10822964E+02    0.38880761E-08   -0.12301231E-09
    0.11563868E+02    0.44362881E-08   -0.14035570E-09
    0.12332726E+02    0.50432180E-08   -0.15955454E-09
    0.13135165E+02    0.57179483E-08   -0.18089798E-09
    0.13979396E+02    0.64733176E-08   -0.20478972E-09
    0.14878080E+02    0.73284985E-08   -0.23183715E-09
    0.15852518E+02    0.83154046E-08   -0.26304890E-09
    0.16944290E+02    0.94947771E-08   -0.30034429E-09
    0.18262664E+02    0.11022314E-07   -0.34864876E-09
    0.34376635E+01    0.39541390E-09   -0.11732131E-10
    0.34525805E+01    0.39884128E-09   -0.11853121E-10
    0.35697643E+01    0.42628816E-09   -0.12815491E-10
    0.37937448E+01    0.48127405E-09   -0.14701518E-10
    0.41079417E+01    0.56400379E-09   -0.17463949E-10
    0.44946655E+01    0.67479235E-09   -0.21086408E-10
    0.49383934E+01    0.81408964E-09   -0.25578910E-10
    0.54269148E+01    0.98249006E-09   -0.30965761E-10
    0.59512181E+01    0.11807428E-08   -0.37278380E-10
    0.65049220E+01    0.14097987E-08   -0.44552450E-10
    0.70836711E+01    0.16708080E-08   -0.52828881E-10
    0.76846441E+01    0.19651834E-08   -0.62154994E-10
    0.83061986E+01    0.22946339E-08   -0.72586866E-10
    0.89476368E+01    0.26612560E-08   -0.84192003E-10
    0.96090708E+01    0.30675994E-08   -0.97051858E-10
    0.10291373E+02    0.35168736E-08   -0.11126733E-09
    0.10996210E+02    0.40130355E-08   -0.12696512E-09
    0.11726172E+02    0.45611801E-08   -0.14430632E-09
    0.12485040E+02    0.51680753E-08   -0.16350459E-09
    0.13278277E+02    0.58427198E-08   -0.18484449E-09
    0.14113950E+02    0.65980181E-08   -0.20873386E-09
    0.15004577E+02    0.74531062E-08   -0.23577837E-09
    0.15971299E+02    0.84399152E-08   -0.26698755E-09
    0.17055469E+02    0.96192768E-08   -0.30428062E-09
    0.18365864E+02    0.11146724E-07   -0.35258116E-09
    0.40441592E+01    0.54668124E-09   -0.16890833E-10
    0.40568468E+01    0.55010563E-09   -0.17004319E-10
    0.41570315E+01    0.57751810E-09   -0.17909524E-10
    0.43508842E+01    0.63244519E-09   -0.19708956E-10
    0.46274052E+01    0.71509855E-09   -0.22391477E-10
    0.49739031E+01    0.82579846E-09   -0.25954643E-10
    0.53782360E+01    0.96500334E-09   -0.30407738E-10
    0.58300170E+01    0.11333006E-08   -0.35769596E-10
    0.63209723E+01    0.13314661E-08   -0.42066203E-10
    0.68448305E+01    0.15604186E-08   -0.49329638E-10
    0.73970325E+01    0.18213351E-08   -0.57598485E-10
    0.79744247E+01    0.21156191E-08   -0.66918872E-10
    0.85750002E+01    0.24449803E-08   -0.77346188E-10
    0.91977116E+01    0.28115088E-08   -0.88947289E-10
    0.98423541E+01    0.32177748E-08   -0.10180305E-09
    0.10509522E+02    0.36669276E-08   -0.11601490E-09
    0.11200640E+02    0.41629965E-08   -0.13170992E-09
    0.11918088E+02    0.47110889E-08   -0.14904848E-09
    0.12665462E+02    0.53179374E-08   -0.16824507E-09
    0.13448060E+02    0.59925200E-08   -0.18958277E-09
    0.14273797E+02    0.67476731E-08   -0.21346716E-09
    0.15155033E+02    0.76027210E-08   -0.24050889E-09
    0.16112731E+02    0.85894572E-08   -0.27171558E-09
    0.17187982E+02    0.97686470E-08   -0.30900581E-09
    0.18488988E+02    0.11296083E-07   -0.35730369E-09
    0.46552895E+01    0.72371276E-09   -0.22669751E-10
    0.46663158E+01    0.72713319E-09   -0.22780180E-10
    0.47536731E+01    0.75452101E-09   -0.23663413E-10
    0.49240928E+01    0.80939575E-09   -0.25428252E-10
    0.51700460E+01    0.89198051E-09   -0.28074535E-10
    0.54823543E+01    0.10026000E-08   -0.31607129E-10
    0.58516596E+01    0.11417017E-08   -0.36036826E-10
    0.62694174E+01    0.13099083E-08   -0.41381914E-10
    0.67283867E+01    0.15079650E-08   -0.47666359E-10
    0.72227558E+01    0.17368215E-08   -0.54920726E-10
    0.77480699E+01    0.19976407E-08   -0.63182790E-10
    0.83010810E+01    0.22918173E-08   -0.72497706E-10
    0.88795904E+01    0.26210816E-08   -0.82920539E-10
    0.94823201E+01    0.29875075E-08   -0.94516984E-10
    0.10108829E+02    0.33936628E-08   -0.10736931E-09
    0.10759487E+02    0.38427869E-08   -0.12157932E-09
    0.11435507E+02    0.43387269E-08   -0.13726905E-09
    0.12139082E+02    0.48867435E-08   -0.15460471E-09
    0.12873632E+02    0.54934130E-08   -0.17379557E-09
    0.13644296E+02    0.61679447E-08   -0.19513114E-09
    0.14458831E+02    0.69230254E-08   -0.21901333E-09
    0.15329433E+02    0.77779353E-08   -0.24605246E-09
    0.16276873E+02    0.87645803E-08   -0.27725336E-09
    0.17341950E+02    0.99436016E-08   -0.31453823E-09
    0.18632208E+02    0.11470944E-07   -0.36283352E-09
    0.52719068E+01    0.92734566E-09   -0.29205389E-10
    0.52816459E+01    0.93076374E-09   -0.29314586E-10
    0.53589821E+01    0.95813143E-09   -0.30188360E-10
    0.55107142E+01    0.10129600E-08   -0.31937533E-10
    0.57315492E+01    0.10954698E-08   -0.34565858E-10
    0.60147726E+01    0.12060067E-08   -0.38081393E-10
    0.63532040E+01    0.13450286E-08   -0.42496789E-10
    0.67399463E+01    0.15131327E-08   -0.47830252E-10
    0.71688541E+01    0.17110913E-08   -0.54105300E-10
    0.76347549E+01    0.19398370E-08   -0.61352292E-10
    0.81335028E+01    0.22005494E-08   -0.69608153E-10
    0.86619413E+01    0.24946248E-08   -0.78917579E-10
    0.92178309E+01    0.28237745E-08   -0.89335614E-10
    0.97997794E+01    0.31901036E-08   -0.10092745E-09
    0.10407195E+02    0.35961758E-08   -0.11377629E-09
    0.11040282E+02    0.40451555E-08   -0.12798121E-09
    0.11700090E+02    0.45410026E-08   -0.14366786E-09
    0.12388648E+02    0.50889027E-08   -0.16099986E-09
    0.13109222E+02    0.56954857E-08   -0.18018739E-09
    0.13866799E+02    0.63698111E-08   -0.20151619E-09
    0.14668983E+02    0.71247940E-08   -0.22539478E-09
    0.15527807E+02    0.79796992E-08   -0.25243118E-09
    0.16463835E+02    0.89662530E-08   -0.28363062E-09
    0.17517548E+02    0.10145114E-07   -0.32090917E-09
    0.18795756E+02    0.11672199E-07   -0.36919746E-09
    0.58949662E+01    0.11586042E-08   -0.36574452E-10
    0.59036776E+01    0.11620190E-08   -0.36683056E-10
    0.59729653E+01    0.11893571E-08   -0.37552202E-10
    0.61094678E+01    0.12441450E-08   -0.39293246E-10
    0.63093804E+01    0.13266049E-08   -0.41911874E-10
    0.65677328E+01    0.14370634E-08   -0.45417328E-10
    0.68790134E+01    0.15759880E-08   -0.49823269E-10
    0.72377138E+01    0.17439989E-08   -0.55148136E-10
    0.76387233E+01    0.19418468E-08   -0.61415953E-10
    0.80775681E+01    0.21704982E-08   -0.68656644E-10
    0.85505259E+01    0.24310964E-08   -0.76906878E-10
    0.90546591E+01    0.27250556E-08   -0.86211030E-10
    0.95878064E+01    0.30540905E-08   -0.96624334E-10
    0.10148562E+02    0.34202867E-08   -0.10821172E-09
    0.10736263E+02    0.38262676E-08   -0.12105650E-09
    0.11351011E+02    0.42751092E-08   -0.13525626E-09
    0.11993737E+02    0.47708511E-08   -0.15093896E-09
    0.12666342E+02    0.53186733E-08   -0.16826834E-09
    0.13371960E+02    0.59251545E-08   -0.18745222E-09
    0.14115443E+02    0.65994076E-08   -0.20877781E-09
    0.14904251E+02    0.73541873E-08   -0.23264971E-09
    0.15750252E+02    0.82089639E-08   -0.25968200E-09
    0.16673797E+02    0.91953124E-08   -0.29087610E-09
    0.17715025E+02    0.10374118E-07   -0.32815232E-09
    0.18979938E+02    0.11901096E-07   -0.37643513E-09
    0.65255482E+01    0.14187231E-08   -0.44835576E-10
    0.65334188E+01    0.14221362E-08   -0.44943848E-10
    0.65960948E+01    0.14494574E-08   -0.45810444E-10
    0.67199515E+01    0.15041998E-08   -0.47546938E-10
    0.69022050E+01    0.15865952E-08   -0.50159548E-10
    0.71391363E+01    0.16969855E-08   -0.53658326E-10
    0.74265051E+01    0.18358303E-08   -0.58057617E-10
    0.77599390E+01    0.20037432E-08   -0.63376063E-10
    0.81352471E+01    0.22014899E-08   -0.69637928E-10
    0.85486408E+01    0.24300286E-08   -0.76873089E-10
    0.89968687E+01    0.26905134E-08   -0.85117766E-10
    0.94772889E+01    0.29843498E-08   -0.94417064E-10
    0.99879019E+01    0.33132908E-08   -0.10482623E-09
    0.10527367E+02    0.36793392E-08   -0.11640764E-09
    0.11095021E+02    0.40851884E-08   -0.12924782E-09
    0.11690920E+02    0.45339189E-08   -0.14344372E-09
    0.12315920E+02    0.50295350E-08   -0.15912173E-09
    0.12971830E+02    0.55772065E-08   -0.17644581E-09
    0.13661679E+02    0.61836110E-08   -0.19562678E-09
    0.14390201E+02    0.68577217E-08   -0.21694791E-09
    0.15164724E+02    0.76124071E-08   -0.24081519E-09
    0.15996955E+02    0.84669223E-08   -0.26784154E-09
    0.16907030E+02    0.94532172E-08   -0.29903064E-09
    0.17934723E+02    0.10631765E-07   -0.33629852E-09
    0.19185156E+02    0.12158655E-07   -0.38457816E-09
    0.71648910E+01    0.17092071E-08   -0.54045590E-10
    0.71720600E+01    0.17126162E-08   -0.54153627E-10
    0.72292012E+01    0.17399123E-08   -0.55018658E-10
    0.73423860E+01    0.17946191E-08   -0.56752054E-10
    0.75095484E+01    0.18769638E-08   -0.59360566E-10
    0.77278814E+01    0.19872817E-08   -0.62854741E-10
    0.79941142E+01    0.21260404E-08   -0.67248863E-10
    0.83047900E+01    0.22938585E-08   -0.72562319E-10
    0.86565080E+01    0.24915077E-08   -0.78818890E-10
    0.90461121E+01    0.27199335E-08   -0.86048890E-10
    0.94708252E+01    0.29802956E-08   -0.94288779E-10
    0.99283376E+01    0.32740196E-08   -0.10358345E-09
    0.10416865E+02    0.36028413E-08   -0.11398719E-09
    0.10935188E+02    0.39687599E-08   -0.12556462E-09
    0.11482699E+02    0.43744872E-08   -0.13840058E-09
    0.12059457E+02    0.48230910E-08   -0.15259135E-09
    0.12666285E+02    0.53186257E-08   -0.16826683E-09
    0.13304933E+02    0.58661174E-08   -0.18558466E-09
    0.13978353E+02    0.64723551E-08   -0.20475928E-09
    0.14691180E+02    0.71462809E-08   -0.22607440E-09
    0.15450622E+02    0.79008404E-08   -0.24993889E-09
    0.16268235E+02    0.87553300E-08   -0.27696081E-09
    0.17163931E+02    0.97414519E-08   -0.30814542E-09
    0.18177105E+02    0.10919800E-07   -0.34540727E-09
    0.19411932E+02    0.12446431E-07   -0.39367627E-09
    0.78144349E+01    0.20318801E-08   -0.64267273E-10
    0.78210086E+01    0.20352875E-08   -0.64375185E-10
    0.78734414E+01    0.20625681E-08   -0.65239038E-10
    0.79774910E+01    0.21172404E-08   -0.66970208E-10
    0.81316079E+01    0.21995280E-08   -0.69575814E-10
    0.83336595E+01    0.23097768E-08   -0.73066212E-10
    0.85811183E+01    0.24484571E-08   -0.77456198E-10
    0.88712607E+01    0.26161849E-08   -0.82765505E-10
    0.92013510E+01    0.28137256E-08   -0.89017473E-10
    0.95687969E+01    0.30420394E-08   -0.96242908E-10
    0.99712717E+01    0.33023023E-08   -0.10447853E-09
    0.10406806E+02    0.35959078E-08   -0.11376781E-09
    0.10873858E+02    0.39245556E-08   -0.12416631E-09
    0.11371370E+02    0.42903814E-08   -0.13573940E-09
    0.11898828E+02    0.46959411E-08   -0.14856931E-09
    0.12456333E+02    0.51444459E-08   -0.16275711E-09
    0.13044712E+02    0.56398141E-08   -0.17842618E-09
    0.13665686E+02    0.61872249E-08   -0.19574111E-09
    0.14322154E+02    0.67932773E-08   -0.21490958E-09
    0.15018672E+02    0.74670593E-08   -0.23621962E-09
    0.15762343E+02    0.82215089E-08   -0.26007874E-09
    0.16564577E+02    0.90757128E-08   -0.28709382E-09
    0.17445064E+02    0.10061672E-07   -0.31827055E-09
    0.18442801E+02    0.11239946E-07   -0.35552843E-09
    0.19660947E+02    0.12766256E-07   -0.40378961E-09
    0.84758835E+01    0.23889849E-08   -0.75573836E-10
    0.84819445E+01    0.23923908E-08   -0.75681672E-10
    0.85303158E+01    0.24196597E-08   -0.76544944E-10
    0.86264460E+01    0.24742952E-08   -0.78273950E-10
    0.87691650E+01    0.25565292E-08   -0.80876953E-10
    0.89568459E+01    0.26667167E-08   -0.84364788E-10
    0.91875350E+01    0.28053147E-08   -0.88751187E-10
    0.94590948E+01    0.29729452E-08   -0.94056213E-10
    0.97693433E+01    0.31703938E-08   -0.10030386E-09
    0.10116179E+02    0.33985787E-08   -0.10752486E-09
    0.10497689E+02    0.36587125E-08   -0.11575496E-09
    0.10912233E+02    0.39521803E-08   -0.12504017E-09
    0.11358521E+02    0.42807390E-08   -0.13543436E-09
    0.11835678E+02    0.46464348E-08   -0.14700335E-09
    0.12343310E+02    0.50518469E-08   -0.15982751E-09
    0.12881593E+02    0.55001806E-08   -0.17400962E-09
    0.13451383E+02    0.59954693E-08   -0.18967603E-09
    0.14054401E+02    0.65427045E-08   -0.20698431E-09
    0.14693512E+02    0.71485404E-08   -0.22614587E-09
    0.15373214E+02    0.78222116E-08   -0.24745299E-09
    0.16100517E+02    0.85764786E-08   -0.27130526E-09
    0.16886693E+02    0.94305746E-08   -0.29831493E-09
    0.17751211E+02    0.10416369E-07   -0.32948776E-09
    0.18732648E+02    0.11594326E-07   -0.36673502E-09
    0.19933089E+02    0.13120545E-07   -0.41498972E-09
    0.91512902E+01    0.27833068E-08   -0.88054592E-10
    0.91569042E+01    0.27867102E-08   -0.88162298E-10
    0.92017281E+01    0.28139553E-08   -0.89024748E-10
    0.92909140E+01    0.28685592E-08   -0.90752543E-10
    0.94235751E+01    0.29507447E-08   -0.93353804E-10
    0.95984687E+01    0.30608603E-08   -0.96838588E-10
    0.98140874E+01    0.31993901E-08   -0.10122128E-09
    0.10068763E+02    0.33669346E-08   -0.10652358E-09
    0.10360771E+02    0.35642487E-08   -0.11276612E-09
    0.10688433E+02    0.37923515E-08   -0.11998308E-09
    0.11050203E+02    0.40523988E-08   -0.12821036E-09
    0.11444752E+02    0.43457216E-08   -0.13749038E-09
    0.11871037E+02    0.46741261E-08   -0.14787926E-09
    0.12328373E+02    0.50396717E-08   -0.15944236E-09
    0.12816506E+02    0.54449668E-08   -0.17226313E-09
    0.13335702E+02    0.58931825E-08   -0.18644087E-09
    0.13886872E+02    0.63881951E-08   -0.20209761E-09
    0.14471755E+02    0.69353551E-08   -0.21940327E-09
    0.15093204E+02    0.75410613E-08   -0.23855944E-09
    0.15755672E+02    0.82145869E-08   -0.25985982E-09
    0.16466092E+02    0.89686984E-08   -0.28370798E-09
    0.17235600E+02    0.98225986E-08   -0.31071248E-09
    0.18083445E+02    0.10808092E-07   -0.34187455E-09
    0.19047772E+02    0.11985929E-07   -0.37911761E-09
    0.20229522E+02    0.13511721E-07   -0.42735970E-09
    0.98431845E+01    0.32183157E-08   -0.10182017E-09
    0.98484041E+01    0.32217164E-08   -0.10192779E-09
    0.98900944E+01    0.32489412E-08   -0.10278956E-09
    0.99731264E+01    0.33035270E-08   -0.10451728E-09
    0.10096828E+02    0.33856445E-08   -0.10711559E-09
    0.10260252E+02    0.34957399E-08   -0.11059879E-09
    0.10462241E+02    0.36341661E-08   -0.11497830E-09
    0.10701502E+02    0.38016030E-08   -0.12027585E-09
    0.10976691E+02    0.39988443E-08   -0.12651623E-09
    0.11286486E+02    0.42268698E-08   -0.13373039E-09
    0.11629667E+02    0.44867255E-08   -0.14195083E-09
    0.12005187E+02    0.47799320E-08   -0.15122621E-09
    0.12412239E+02    0.51082366E-08   -0.16161157E-09
    0.12850329E+02    0.54736250E-08   -0.17316967E-09
    0.13319346E+02    0.58787881E-08   -0.18598550E-09
    0.13819664E+02    0.63267655E-08   -0.20015480E-09
    0.14352261E+02    0.68217508E-08   -0.21581017E-09
    0.14918910E+02    0.73685964E-08   -0.23310547E-09
    0.15522467E+02    0.79742295E-08   -0.25225830E-09
    0.16167355E+02    0.86476097E-08   -0.27355420E-09
    0.16860437E+02    0.94013886E-08   -0.29739233E-09
    0.17612725E+02    0.10255162E-07   -0.32439048E-09
    0.18443241E+02    0.11240482E-07   -0.35554536E-09
    0.19389682E+02    0.12418066E-07   -0.39277914E-09
    0.20551781E+02    0.13943694E-07   -0.44101494E-09
    0.10554761E+02    0.36984425E-08   -0.11701212E-09
    0.10559629E+02    0.37018427E-08   -0.11711971E-09
    0.10598522E+02    0.37290629E-08   -0.11798092E-09
    0.10676046E+02    0.37835962E-08   -0.11970603E-09
    0.10791693E+02    0.38657394E-08   -0.12230563E-09
    0.10944747E+02    0.39756766E-08   -0.12578340E-09
    0.11134325E+02    0.41140459E-08   -0.13016097E-09
    0.11359439E+02    0.42814275E-08   -0.13545614E-09
    0.11619056E+02    0.44785719E-08   -0.14169297E-09
    0.11912156E+02    0.47064213E-08   -0.14890083E-09
    0.12237804E+02    0.49662121E-08   -0.15711889E-09
    0.12595206E+02    0.52593256E-08   -0.16639119E-09
    0.12983774E+02    0.55874449E-08   -0.17676964E-09
    0.13403196E+02    0.59527630E-08   -0.18832545E-09
    0.13853509E+02    0.63576567E-08   -0.20113179E-09
    0.14335195E+02    0.68056035E-08   -0.21529945E-09
    0.14849313E+02    0.73003127E-08   -0.23094565E-09
    0.15397681E+02    0.78470140E-08   -0.24823731E-09
    0.15983169E+02    0.84524038E-08   -0.26738246E-09
    0.16610180E+02    0.91255288E-08   -0.28866951E-09
    0.17285516E+02    0.98793020E-08   -0.31250560E-09
    0.18020066E+02    0.10732752E-07   -0.33949221E-09
    0.18832628E+02    0.11717830E-07   -0.37064034E-09
    0.19760427E+02    0.12895230E-07   -0.40786647E-09
    0.20901924E+02    0.14420555E-07   -0.45609208E-09
    0.11290182E+02    0.42296286E-08   -0.13381765E-09
    0.11294733E+02    0.42330258E-08   -0.13392511E-09
    0.11331103E+02    0.42602037E-08   -0.13478476E-09
    0.11403648E+02    0.43146676E-08   -0.13650777E-09
    0.11511988E+02    0.43967405E-08   -0.13910466E-09
    0.11655587E+02    0.45066707E-08   -0.14258168E-09
    0.11833783E+02    0.46449522E-08   -0.14695646E-09
    0.12045833E+02    0.48122392E-08   -0.15224812E-09
    0.12290959E+02    0.50092537E-08   -0.15848026E-09
    0.12568400E+02    0.52370359E-08   -0.16568607E-09
    0.12877464E+02    0.54966698E-08   -0.17389858E-09
    0.13217581E+02    0.57896254E-08   -0.18316507E-09
    0.13588363E+02    0.61176621E-08   -0.19354038E-09
    0.13989671E+02    0.64828051E-08   -0.20508978E-09
    0.14421682E+02    0.68876414E-08   -0.21789422E-09
    0.14884994E+02    0.73352809E-08   -0.23205169E-09
    0.15380745E+02    0.78298413E-08   -0.24769428E-09
    0.15910808E+02    0.83764016E-08   -0.26497869E-09
    0.16478073E+02    0.89816882E-08   -0.28411893E-09
    0.17086934E+02    0.96546416E-08   -0.30539916E-09
    0.17744133E+02    0.10408099E-07   -0.32922638E-09
    0.18460445E+02    0.11261376E-07   -0.35620610E-09
    0.19254430E+02    0.12246251E-07   -0.38734668E-09
    0.20162830E+02    0.13423201E-07   -0.42456113E-09
    0.21282755E+02    0.14948205E-07   -0.47277398E-09
    0.12055072E+02    0.48195973E-08   -0.15248085E-09
    0.12059334E+02    0.48229935E-08   -0.15258827E-09
    0.12093405E+02    0.48501813E-08   -0.15344819E-09
    0.12161403E+02    0.49046586E-08   -0.15517149E-09
    0.12263051E+02    0.49866314E-08   -0.15776477E-09
    0.12397953E+02    0.50965252E-08   -0.16124104E-09
    0.12565626E+02    0.52347317E-08   -0.16561318E-09
    0.12765525E+02    0.54019137E-08   -0.17090115E-09
    0.12997085E+02    0.55988653E-08   -0.17713087E-09
    0.13259760E+02    0.58264953E-08   -0.18433125E-09
    0.13553067E+02    0.60860496E-08   -0.19254048E-09
    0.13876634E+02    0.63788151E-08   -0.20180096E-09
    0.14230255E+02    0.67067401E-08   -0.21217252E-09
    0.14613947E+02    0.70716677E-08   -0.22371434E-09
    0.15028023E+02    0.74763241E-08   -0.23651260E-09
    0.15473189E+02    0.79238526E-08   -0.25066618E-09
    0.15950670E+02    0.84182310E-08   -0.26630179E-09
    0.16462392E+02    0.89646884E-08   -0.28358113E-09
    0.17011274E+02    0.95697040E-08   -0.30271300E-09
    0.17601701E+02    0.10242386E-07   -0.32398631E-09
    0.18240362E+02    0.10995539E-07   -0.34780228E-09
    0.18937913E+02    0.11848669E-07   -0.37477742E-09
    0.19712677E+02    0.12833242E-07   -0.40590708E-09
    0.20600880E+02    0.14010064E-07   -0.44311352E-09
    0.21698207E+02    0.15534676E-07   -0.49131479E-09
    0.12857416E+02    0.54796387E-08   -0.17335989E-09
    0.12861412E+02    0.54830315E-08   -0.17346721E-09
    0.12893363E+02    0.55101957E-08   -0.17432638E-09
    0.12957164E+02    0.55646490E-08   -0.17604863E-09
    0.13052616E+02    0.56466227E-08   -0.17864156E-09
    0.13179439E+02    0.57563935E-08   -0.18211402E-09
    0.13337291E+02    0.58945822E-08   -0.18648515E-09
    0.13525791E+02    0.60616843E-08   -0.19176992E-09
    0.13744548E+02    0.62585099E-08   -0.19799604E-09
    0.13993199E+02    0.64860645E-08   -0.20519287E-09
    0.14271440E+02    0.67454541E-08   -0.21339698E-09
    0.14579073E+02    0.70381138E-08   -0.22265305E-09
    0.14916050E+02    0.73657840E-08   -0.23301652E-09
    0.15282533E+02    0.77306359E-08   -0.24455585E-09
    0.15678962E+02    0.81351867E-08   -0.25734870E-09
    0.16106147E+02    0.85824593E-08   -0.27149434E-09
    0.16565393E+02    0.90766029E-08   -0.28712198E-09
    0.17058685E+02    0.96228880E-08   -0.30439483E-09
    0.17588969E+02    0.10227642E-07   -0.32351985E-09
    0.18160623E+02    0.10900109E-07   -0.34478454E-09
    0.18780287E+02    0.11653085E-07   -0.36859306E-09
    0.19458493E+02    0.12505896E-07   -0.39555706E-09
    0.20213313E+02    0.13490176E-07   -0.42667862E-09
    0.21080433E+02    0.14666718E-07   -0.46387369E-09
    0.22154019E+02    0.16191030E-07   -0.51206305E-09
    0.13709312E+02    0.62266191E-08   -0.19698733E-09
    0.13713060E+02    0.62300080E-08   -0.19709453E-09
    0.13743032E+02    0.62571359E-08   -0.19795259E-09
    0.13802906E+02    0.63115018E-08   -0.19967206E-09
    0.13892548E+02    0.63933986E-08   -0.20226218E-09
    0.14011771E+02    0.65032317E-08   -0.20573583E-09
    0.14160347E+02    0.66412789E-08   -0.21010214E-09
    0.14338030E+02    0.68082845E-08   -0.21538424E-09
    0.14544576E+02    0.70050043E-08   -0.22160592E-09
    0.14779774E+02    0.72323817E-08   -0.22879732E-09
    0.15043474E+02    0.74916447E-08   -0.23699706E-09
    0.15335627E+02    0.77841916E-08   -0.24625038E-09
    0.15656329E+02    0.81118245E-08   -0.25660972E-09
    0.16005871E+02    0.84763186E-08   -0.26813864E-09
    0.16384808E+02    0.88807174E-08   -0.28092560E-09
    0.16794048E+02    0.93278396E-08   -0.29506681E-09
    0.17234974E+02    0.98218885E-08   -0.31069003E-09
    0.17709625E+02    0.10367820E-07   -0.32795323E-09
    0.18220975E+02    0.10972295E-07   -0.34706733E-09
    0.18773394E+02    0.11644573E-07   -0.36832391E-09
    0.19373469E+02    0.12397415E-07   -0.39212603E-09
    0.20031601E+02    0.13249916E-07   -0.41908113E-09
    0.20765599E+02    0.14233941E-07   -0.45019169E-09
    0.21610570E+02    0.15410030E-07   -0.48737369E-09
    0.22659053E+02    0.16933920E-07   -0.53554887E-09
    0.14630922E+02    0.70880316E-08   -0.22423194E-09
    0.14634434E+02    0.70914196E-08   -0.22433911E-09
    0.14662523E+02    0.71185470E-08   -0.22519718E-09
    0.14718657E+02    0.71729272E-08   -0.22691715E-09
    0.14802755E+02    0.72547993E-08   -0.22950624E-09
    0.14914703E+02    0.73644602E-08   -0.23297464E-09
    0.15054371E+02    0.75024598E-08   -0.23733902E-09
    0.15221621E+02    0.76694004E-08   -0.24261808E-09
    0.15416334E+02    0.78659532E-08   -0.24883612E-09
    0.15638426E+02    0.80933641E-08   -0.25602576E-09
    0.15887881E+02    0.83523845E-08   -0.26421887E-09
    0.16164780E+02    0.86448647E-08   -0.27346741E-09
    0.16469344E+02    0.89722238E-08   -0.28381951E-09
    0.16801981E+02    0.93366101E-08   -0.29534416E-09
    0.17163350E+02    0.97407955E-08   -0.30812466E-09
    0.17554450E+02    0.10187717E-07   -0.32225679E-09
    0.17976735E+02    0.10681401E-07   -0.33786835E-09
    0.18432294E+02    0.11227195E-07   -0.35512521E-09
    0.18924127E+02    0.11831494E-07   -0.37423435E-09
    0.19456592E+02    0.12503466E-07   -0.39548021E-09
    0.20036216E+02    0.13255992E-07   -0.41927328E-09
    0.20673260E+02    0.14108215E-07   -0.44621668E-09
    0.21385246E+02    0.15091792E-07   -0.47731352E-09
    0.22206652E+02    0.16267639E-07   -0.51448508E-09
    0.23228244E+02    0.17790978E-07   -0.56264088E-09
    0.15661393E+02    0.81170490E-08   -0.25677499E-09
    0.15664674E+02    0.81204349E-08   -0.25688209E-09
    0.15690918E+02    0.81475392E-08   -0.25773940E-09
    0.15743386E+02    0.82018445E-08   -0.25945684E-09
    0.15822038E+02    0.82835991E-08   -0.26204266E-09
    0.15926824E+02    0.83931974E-08   -0.26550999E-09
    0.16057690E+02    0.85310600E-08   -0.26986936E-09
    0.16214595E+02    0.86979970E-08   -0.27514758E-09
    0.16397521E+02    0.88944571E-08   -0.28136003E-09
    0.16606496E+02    0.91214967E-08   -0.28854199E-09
    0.16841618E+02    0.93805038E-08   -0.29673206E-09
    0.17103083E+02    0.96728164E-08   -0.30597406E-09
    0.17391223E+02    0.99999229E-08   -0.31631848E-09
    0.17706549E+02    0.10364234E-07   -0.32783987E-09
    0.18049818E+02    0.10768088E-07   -0.34060959E-09
    0.18422108E+02    0.11214837E-07   -0.35473447E-09
    0.18824939E+02    0.11708307E-07   -0.37033921E-09
    0.19260447E+02    0.12253873E-07   -0.38758759E-09
    0.19731648E+02    0.12857852E-07   -0.40668497E-09
    0.20242883E+02    0.13529496E-07   -0.42792159E-09
    0.20800608E+02    0.14281751E-07   -0.45170339E-09
    0.21414925E+02    0.15133507E-07   -0.47863225E-09
    0.22103034E+02    0.16116981E-07   -0.50972189E-09
    0.22898706E+02    0.17292200E-07   -0.54687330E-09
    0.23890723E+02    0.18815067E-07   -0.59501158E-09
    0.16903349E+02    0.94491163E-08   -0.29890102E-09
    0.16906389E+02    0.94525028E-08   -0.29900806E-09
    0.16930708E+02    0.94796176E-08   -0.29986512E-09
    0.16979345E+02    0.95339580E-08   -0.30158284E-09
    0.17052297E+02    0.96157152E-08   -0.30416798E-09
    0.17149568E+02    0.97252283E-08   -0.30763215E-09
    0.17271172E+02    0.98629925E-08   -0.31198992E-09
    0.17417149E+02    0.10029630E-07   -0.31725756E-09
    0.17587571E+02    0.10226024E-07   -0.32346866E-09
    0.17782566E+02    0.10453044E-07   -0.33064694E-09
    0.18002335E+02    0.10711721E-07   -0.33882718E-09
    0.18247176E+02    0.11003714E-07   -0.34806076E-09
    0.18517521E+02    0.11330826E-07   -0.35840248E-09
    0.18813981E+02    0.11694741E-07   -0.36991024E-09
    0.19137395E+02    0.12098454E-07   -0.38267532E-09
    0.19488920E+02    0.12544840E-07   -0.39678872E-09
    0.19870136E+02    0.13038183E-07   -0.41238555E-09
    0.20283214E+02    0.13583236E-07   -0.42962013E-09
    0.20731181E+02    0.14187014E-07   -0.44870798E-09
    0.21218348E+02    0.14858320E-07   -0.46993191E-09
    0.21751075E+02    0.15610109E-07   -0.49369968E-09
    0.22339270E+02    0.16461545E-07   -0.52061511E-09
    0.22999741E+02    0.17444423E-07   -0.55168447E-09
    0.23765410E+02    0.18619143E-07   -0.58881962E-09
    0.24722674E+02    0.20141410E-07   -0.63693714E-09
