    0.24140020E-04    0.10549690E+00    0.33717008E-04
    0.33407294E+00    0.10545495E+00   -0.17005457E-02
    0.10025697E+01    0.10511772E+00   -0.50569194E-02
    0.16721241E+01    0.10446278E+00   -0.82801739E-02
    0.23434572E+01    0.10352730E+00   -0.11285036E-01
    0.30173154E+01    0.10236781E+00   -0.13990943E-01
    0.36944817E+01    0.10105053E+00   -0.16322819E-01
    0.43757883E+01    0.99656336E-01   -0.18211009E-01
    0.50621328E+01    0.98269828E-01   -0.19590150E-01
    0.57544961E+01    0.96961022E-01   -0.20471340E-01
    0.64539656E+01    0.95738608E-01   -0.21026778E-01
    0.71617644E+01    0.94598740E-01   -0.21377850E-01
    0.78792896E+01    0.93531764E-01   -0.21595208E-01
    0.86081625E+01    0.92527284E-01   -0.21722059E-01
    0.93502980E+01    0.91577985E-01   -0.21785943E-01
    0.10108002E+02    0.90675408E-01   -0.21804821E-01
    0.10884113E+02    0.89812104E-01   -0.21790733E-01
    0.11682215E+02    0.88981246E-01   -0.21751965E-01
    0.12506972E+02    0.88175612E-01   -0.21694105E-01
    0.13364691E+02    0.87388214E-01   -0.21620869E-01
    0.14264320E+02    0.86611557E-01   -0.21534563E-01
    0.15219417E+02    0.85836119E-01   -0.21436207E-01
    0.16252574E+02    0.85046624E-01   -0.21325336E-01
    0.17407651E+02    0.84217601E-01   -0.21198603E-01
    0.18799641E+02    0.83284159E-01   -0.21045126E-01
    0.58645768E+00    0.10536650E+00   -0.29781875E-02
    0.67493507E+00    0.10532430E+00   -0.34235753E-02
    0.11614985E+01    0.10498946E+00   -0.58378881E-02
    0.17719852E+01    0.10434000E+00   -0.87436136E-02
    0.24157244E+01    0.10341277E+00   -0.11591513E-01
    0.30737803E+01    0.10226228E+00   -0.14201182E-01
    0.37407389E+01    0.10095746E+00   -0.16466277E-01
    0.44149129E+01    0.99576125E-01   -0.18304289E-01
    0.50959907E+01    0.98203396E-01   -0.19643790E-01
    0.57843027E+01    0.96906666E-01   -0.20500675E-01
    0.64805559E+01    0.95694133E-01   -0.21043204E-01
    0.71857360E+01    0.94561657E-01   -0.21387032E-01
    0.79010846E+01    0.93500567E-01   -0.21600200E-01
    0.86281165E+01    0.92500973E-01   -0.21724522E-01
    0.93686715E+01    0.91555262E-01   -0.21786882E-01
    0.10125001E+02    0.90655985E-01   -0.21804840E-01
    0.10899901E+02    0.89795052E-01   -0.21790167E-01
    0.11696926E+02    0.88966455E-01   -0.21751080E-01
    0.12520714E+02    0.88162567E-01   -0.21693013E-01
    0.13377552E+02    0.87376830E-01   -0.21619695E-01
    0.14276371E+02    0.86601459E-01   -0.21533361E-01
    0.15230712E+02    0.85827266E-01   -0.21435016E-01
    0.16263151E+02    0.85038783E-01   -0.21324189E-01
    0.17417527E+02    0.84210701E-01   -0.21197518E-01
    0.18808786E+02    0.83278260E-01   -0.21044121E-01
    0.13467430E+01    0.10481900E+00   -0.67367244E-02
    0.13875595E+01    0.10477751E+00   -0.69329220E-02
    0.16789469E+01    0.10445460E+00   -0.83120180E-02
    0.21470248E+01    0.10382673E+00   -0.10434284E-01
    0.27028704E+01    0.10293199E+00   -0.12771825E-01
    0.33042260E+01    0.10182353E+00   -0.15030380E-01
    0.39322909E+01    0.10056735E+00   -0.17037201E-01
    0.45783447E+01    0.99241241E-01   -0.18675083E-01
    0.52382159E+01    0.97927548E-01   -0.19855744E-01
    0.59099866E+01    0.96680317E-01   -0.20618200E-01
    0.65929802E+01    0.95507386E-01   -0.21109516E-01
    0.72872894E+01    0.94405876E-01   -0.21424281E-01
    0.79935550E+01    0.93369152E-01   -0.21620432E-01
    0.87128743E+01    0.92388991E-01   -0.21734514E-01
    0.94467872E+01    0.91459906E-01   -0.21790613E-01
    0.10197324E+02    0.90573310E-01   -0.21804670E-01
    0.10967116E+02    0.89723173E-01   -0.21787652E-01
    0.11759586E+02    0.88903318E-01   -0.21747199E-01
    0.12579271E+02    0.88107215E-01   -0.21688320E-01
    0.13432375E+02    0.87328369E-01   -0.21614670E-01
    0.14327754E+02    0.86558503E-01   -0.21528222E-01
    0.15278887E+02    0.85789478E-01   -0.21429936E-01
    0.16308276E+02    0.85005398E-01   -0.21319287E-01
    0.17459669E+02    0.84181303E-01   -0.21192886E-01
    0.18847817E+02    0.83253104E-01   -0.21039827E-01
    0.21129026E+01    0.10387666E+00   -0.10283950E-01
    0.21391498E+01    0.10383868E+00   -0.10399660E-01
    0.23386969E+01    0.10353486E+00   -0.11264725E-01
    0.26945048E+01    0.10294667E+00   -0.12738326E-01
    0.31553366E+01    0.10210860E+00   -0.14500043E-01
    0.36835513E+01    0.10107243E+00   -0.16288602E-01
    0.42560019E+01    0.99902589E-01   -0.17914963E-01
    0.48592058E+01    0.98672617E-01   -0.19240184E-01
    0.54853939E+01    0.97457769E-01   -0.20177648E-01
    0.61301372E+01    0.96292186E-01   -0.20801602E-01
    0.67910256E+01    0.95184505E-01   -0.21214845E-01
    0.74669423E+01    0.94134274E-01   -0.21484057E-01
    0.81576689E+01    0.93138973E-01   -0.21652844E-01
    0.88636798E+01    0.92192799E-01   -0.21750308E-01
    0.95860539E+01    0.91290545E-01   -0.21796061E-01
    0.10326474E+02    0.90426350E-01   -0.21803767E-01
    0.11087302E+02    0.89595280E-01   -0.21782861E-01
    0.11871752E+02    0.88791015E-01   -0.21740009E-01
    0.12684191E+02    0.88008781E-01   -0.21679848E-01
    0.13530681E+02    0.87241168E-01   -0.21605556E-01
    0.14419958E+02    0.86481846E-01   -0.21518924E-01
    0.15365384E+02    0.85721439E-01   -0.21420798E-01
    0.16389341E+02    0.84945671E-01   -0.21310440E-01
    0.17535412E+02    0.84128928E-01   -0.21184532E-01
    0.18918003E+02    0.83207974E-01   -0.21032104E-01
    0.28822795E+01    0.10261431E+00   -0.13477307E-01
    0.29015754E+01    0.10257961E+00   -0.13551605E-01
    0.30516686E+01    0.10230390E+00   -0.14119198E-01
    0.33321966E+01    0.10176949E+00   -0.15127744E-01
    0.37147445E+01    0.10100989E+00   -0.16385944E-01
    0.41727362E+01    0.10007401E+00   -0.17699878E-01
    0.46858009E+01    0.99022964E-01   -0.18902174E-01
    0.52397575E+01    0.97924592E-01   -0.19857927E-01
    0.58251802E+01    0.96832448E-01   -0.20540000E-01
    0.64359739E+01    0.95768809E-01   -0.21015502E-01
    0.70683242E+01    0.94744345E-01   -0.21340608E-01
    0.77200003E+01    0.93761381E-01   -0.21556238E-01
    0.83899190E+01    0.92820398E-01   -0.21691895E-01
    0.90778850E+01    0.91918670E-01   -0.21768688E-01
    0.97844574E+01    0.91053509E-01   -0.21801444E-01
    0.10510911E+02    0.90219732E-01   -0.21800953E-01
    0.11259283E+02    0.89414925E-01   -0.21775016E-01
    0.12032526E+02    0.88632721E-01   -0.21729167E-01
    0.12834792E+02    0.87868759E-01   -0.21667393E-01
    0.13671961E+02    0.87117829E-01   -0.21592256E-01
    0.14552607E+02    0.86372402E-01   -0.21505480E-01
    0.15489939E+02    0.85624741E-01   -0.21407509E-01
    0.16506171E+02    0.84860052E-01   -0.21297665E-01
    0.17644655E+02    0.84054170E-01   -0.21172436E-01
    0.19019307E+02    0.83143192E-01   -0.21020979E-01
    0.36550908E+01    0.10112985E+00   -0.16198999E-01
    0.36703261E+01    0.10109904E+00   -0.16247057E-01
    0.37900969E+01    0.10085741E+00   -0.16616947E-01
    0.40194138E+01    0.10038933E+00   -0.17284404E-01
    0.43418292E+01    0.99726458E-01   -0.18128719E-01
    0.47396077E+01    0.98913404E-01   -0.19010839E-01
    0.51970072E+01    0.98006928E-01   -0.19796491E-01
    0.57015097E+01    0.97057555E-01   -0.20417689E-01
    0.62437871E+01    0.96096024E-01   -0.20886216E-01
    0.68171779E+01    0.95142485E-01   -0.21227743E-01
    0.74170992E+01    0.94209426E-01   -0.21468253E-01
    0.80405571E+01    0.93303024E-01   -0.21630135E-01
    0.86857869E+01    0.92424781E-01   -0.21731411E-01
    0.93520132E+01    0.91575859E-01   -0.21786032E-01
    0.10039311E+02    0.90754692E-01   -0.21804621E-01
    0.10748553E+02    0.89958825E-01   -0.21795113E-01
    0.11481446E+02    0.89185084E-01   -0.21763537E-01
    0.12240663E+02    0.88430136E-01   -0.21714356E-01
    0.13030120E+02    0.87689657E-01   -0.21650692E-01
    0.13855492E+02    0.86959097E-01   -0.21574751E-01
    0.14725166E+02    0.86231492E-01   -0.21487763E-01
    0.15652168E+02    0.85499396E-01   -0.21390217E-01
    0.16658507E+02    0.84749434E-01   -0.21280963E-01
    0.17787243E+02    0.83956424E-01   -0.21156708E-01
    0.19151663E+02    0.83058687E-01   -0.21006459E-01
    0.44320276E+01    0.99541082E-01   -0.18344526E-01
    0.44446005E+01    0.99515273E-01   -0.18373860E-01
    0.45440086E+01    0.99311612E-01   -0.18599654E-01
    0.47369682E+01    0.98918735E-01   -0.19005592E-01
    0.50134479E+01    0.98365948E-01   -0.19510627E-01
    0.53616286E+01    0.97690917E-01   -0.20023320E-01
    0.57699275E+01    0.96932891E-01   -0.20486599E-01
    0.62281933E+01    0.96122857E-01   -0.20874978E-01
    0.67281541E+01    0.95286285E-01   -0.21182917E-01
    0.72634079E+01    0.94442326E-01   -0.21415761E-01
    0.78292107E+01    0.93603248E-01   -0.21583451E-01
    0.84222170E+01    0.92776630E-01   -0.21696734E-01
    0.90402474E+01    0.91966345E-01   -0.21765782E-01
    0.96821139E+01    0.91175149E-01   -0.21798956E-01
    0.10347509E+02    0.90402612E-01   -0.21803529E-01
    0.11036964E+02    0.89648878E-01   -0.21784918E-01
    0.11751884E+02    0.88911092E-01   -0.21747687E-01
    0.12494679E+02    0.88187301E-01   -0.21695077E-01
    0.13269032E+02    0.87473864E-01   -0.21629535E-01
    0.14080406E+02    0.86766730E-01   -0.21552815E-01
    0.14936991E+02    0.86060810E-01   -0.21465853E-01
    0.15851610E+02    0.85347349E-01   -0.21368740E-01
    0.16846039E+02    0.84613693E-01   -0.21260438E-01
    0.17962995E+02    0.83836975E-01   -0.21137343E-01
    0.19315004E+02    0.82954999E-01   -0.20988541E-01
    0.52139557E+01    0.97974186E-01   -0.19821072E-01
    0.52246473E+01    0.97953601E-01   -0.19836426E-01
    0.53094708E+01    0.97790982E-01   -0.19954277E-01
    0.54755213E+01    0.97476269E-01   -0.20165822E-01
    0.57163910E+01    0.97030352E-01   -0.20432966E-01
    0.60240789E+01    0.96478241E-01   -0.20716579E-01
    0.63901901E+01    0.95846012E-01   -0.20986202E-01
    0.68068244E+01    0.95159140E-01   -0.21222664E-01
    0.72670849E+01    0.94436706E-01   -0.21417082E-01
    0.77652791E+01    0.93695466E-01   -0.21567798E-01
    0.82969275E+01    0.92947103E-01   -0.21677230E-01
    0.88586796E+01    0.92199288E-01   -0.21749821E-01
    0.94482030E+01    0.91458183E-01   -0.21790676E-01
    0.10064084E+02    0.90725924E-01   -0.21804711E-01
    0.10705765E+02    0.90005371E-01   -0.21796335E-01
    0.11373524E+02    0.89296189E-01   -0.21769345E-01
    0.12068523E+02    0.88597245E-01   -0.21726685E-01
    0.12792946E+02    0.87907494E-01   -0.21670910E-01
    0.13550265E+02    0.87223923E-01   -0.21603724E-01
    0.14345742E+02    0.86543507E-01   -0.21526414E-01
    0.15187369E+02    0.85861276E-01   -0.21439585E-01
    0.16087759E+02    0.85169438E-01   -0.21343186E-01
    0.17068435E+02    0.84455775E-01   -0.21235964E-01
    0.18171727E+02    0.83697261E-01   -0.21114321E-01
    0.19509276E+02    0.82833042E-01   -0.20967332E-01
    0.60018590E+01    0.96517050E-01   -0.20697991E-01
    0.60111494E+01    0.96500814E-01   -0.20705795E-01
    0.60850191E+01    0.96370664E-01   -0.20766151E-01
    0.62304342E+01    0.96119017E-01   -0.20876600E-01
    0.64431439E+01    0.95756766E-01   -0.21020011E-01
    0.67176264E+01    0.95303542E-01   -0.21177442E-01
    0.70478015E+01    0.94776323E-01   -0.21332089E-01
    0.74276400E+01    0.94193494E-01   -0.21471637E-01
    0.78515922E+01    0.93571328E-01   -0.21588755E-01
    0.83148384E+01    0.92922748E-01   -0.21680159E-01
    0.88133979E+01    0.92258180E-01   -0.21745273E-01
    0.93441523E+01    0.91585608E-01   -0.21785624E-01
    0.99048229E+01    0.90911240E-01   -0.21803397E-01
    0.10493940E+02    0.90238577E-01   -0.21801267E-01
    0.11110823E+02    0.89570295E-01   -0.21781858E-01
    0.11755595E+02    0.88907346E-01   -0.21747452E-01
    0.12429249E+02    0.88249659E-01   -0.21700177E-01
    0.13133790E+02    0.87595685E-01   -0.21641561E-01
    0.13872514E+02    0.86944524E-01   -0.21573104E-01
    0.14650504E+02    0.86292236E-01   -0.21495447E-01
    0.15475566E+02    0.85635829E-01   -0.21409046E-01
    0.16360103E+02    0.84967180E-01   -0.21313635E-01
    0.17325370E+02    0.84274975E-01   -0.21207656E-01
    0.18413274E+02    0.83537157E-01   -0.21087671E-01
    0.19734457E+02    0.82693395E-01   -0.20942772E-01
    0.67968365E+01    0.95175179E-01   -0.21217731E-01
    0.68050416E+01    0.95162005E-01   -0.21221786E-01
    0.68703808E+01    0.95056854E-01   -0.21253296E-01
    0.69994989E+01    0.94851958E-01   -0.21311515E-01
    0.71894908E+01    0.94555861E-01   -0.21388456E-01
    0.74364762E+01    0.94180147E-01   -0.21474456E-01
    0.77360313E+01    0.93738074E-01   -0.21560376E-01
    0.80835951E+01    0.93242317E-01   -0.21638717E-01
    0.84747964E+01    0.92705892E-01   -0.21704371E-01
    0.89056842E+01    0.92138504E-01   -0.21754277E-01
    0.93728682E+01    0.91550090E-01   -0.21787094E-01
    0.98735939E+01    0.90948114E-01   -0.21802969E-01
    0.10405777E+02    0.90337086E-01   -0.21802727E-01
    0.10968019E+02    0.89722212E-01   -0.21787617E-01
    0.11559631E+02    0.89105249E-01   -0.21759163E-01
    0.12180669E+02    0.88488212E-01   -0.21718759E-01
    0.12832026E+02    0.87871314E-01   -0.21667627E-01
    0.13515588E+02    0.87254514E-01   -0.21606964E-01
    0.14234512E+02    0.86636578E-01   -0.21537532E-01
    0.14993731E+02    0.86015553E-01   -0.21459921E-01
    0.15800880E+02    0.85385608E-01   -0.21374209E-01
    0.16668163E+02    0.84742432E-01   -0.21279905E-01
    0.17616559E+02    0.84073394E-01   -0.21175546E-01
    0.18687518E+02    0.83356746E-01   -0.21057449E-01
    0.19990585E+02    0.82535452E-01   -0.20914894E-01
    0.76001194E+01    0.93936690E-01   -0.21523712E-01
    0.76074581E+01    0.93925776E-01   -0.21525784E-01
    0.76659612E+01    0.93839878E-01   -0.21541925E-01
    0.77818901E+01    0.93671313E-01   -0.21571940E-01
    0.79532136E+01    0.93426215E-01   -0.21611798E-01
    0.81771638E+01    0.93112028E-01   -0.21656425E-01
    0.84505035E+01    0.92738502E-01   -0.21700881E-01
    0.87697969E+01    0.92314764E-01   -0.21740726E-01
    0.91316484E+01    0.91850971E-01   -0.21772609E-01
    0.95328925E+01    0.91354909E-01   -0.21794138E-01
    0.99707315E+01    0.90834438E-01   -0.21804158E-01
    0.10442829E+02    0.90295575E-01   -0.21802147E-01
    0.10947375E+02    0.89744183E-01   -0.21788406E-01
    0.11483130E+02    0.89183359E-01   -0.21763444E-01
    0.12049477E+02    0.88616005E-01   -0.21727999E-01
    0.12646482E+02    0.88044068E-01   -0.21682901E-01
    0.13275004E+02    0.87468475E-01   -0.21628997E-01
    0.13936856E+02    0.86889275E-01   -0.21566847E-01
    0.14635100E+02    0.86304813E-01   -0.21497031E-01
    0.15374550E+02    0.85714253E-01   -0.21419826E-01
    0.16162693E+02    0.85113463E-01   -0.21335060E-01
    0.17011540E+02    0.84496059E-01   -0.21242210E-01
    0.17941794E+02    0.83851345E-01   -0.21139693E-01
    0.18994424E+02    0.83159069E-01   -0.21023709E-01
    0.20277779E+02    0.82361817E-01   -0.20883700E-01
    0.84131008E+01    0.92788958E-01   -0.21695380E-01
    0.84197310E+01    0.92779990E-01   -0.21696366E-01
    0.84726272E+01    0.92708801E-01   -0.21704062E-01
    0.85776608E+01    0.92567772E-01   -0.21718216E-01
    0.87333875E+01    0.92362088E-01   -0.21736799E-01
    0.89378106E+01    0.92097189E-01   -0.21757180E-01
    0.91885505E+01    0.91779194E-01   -0.21776456E-01
    0.94830264E+01    0.91415709E-01   -0.21792166E-01
    0.98186279E+01    0.91013176E-01   -0.21802091E-01
    0.10192865E+02    0.90578416E-01   -0.21804692E-01
    0.10603487E+02    0.90117496E-01   -0.21798983E-01
    0.11048581E+02    0.89636503E-01   -0.21784452E-01
    0.11526642E+02    0.89138881E-01   -0.21761035E-01
    0.12036641E+02    0.88628662E-01   -0.21728883E-01
    0.12578090E+02    0.88108329E-01   -0.21688415E-01
    0.13151121E+02    0.87580081E-01   -0.21640030E-01
    0.13756605E+02    0.87044012E-01   -0.21584232E-01
    0.14396333E+02    0.86501439E-01   -0.21521312E-01
    0.15073308E+02    0.85951932E-01   -0.21451578E-01
    0.15792252E+02    0.85392136E-01   -0.21375139E-01
    0.16560528E+02    0.84820467E-01   -0.21291709E-01
    0.17389966E+02    0.84229957E-01   -0.21200546E-01
    0.18300995E+02    0.83611413E-01   -0.21100065E-01
    0.19334079E+02    0.82943031E-01   -0.20986453E-01
    0.20596280E+02    0.82170978E-01   -0.20849305E-01
    0.92373773E+01    0.91717956E-01   -0.21779542E-01
    0.92434162E+01    0.91710452E-01   -0.21779912E-01
    0.92916244E+01    0.91650803E-01   -0.21782762E-01
    0.93874990E+01    0.91532127E-01   -0.21787822E-01
    0.95300016E+01    0.91358424E-01   -0.21794028E-01
    0.97176814E+01    0.91132686E-01   -0.21799901E-01
    0.99487855E+01    0.90859898E-01   -0.21803931E-01
    0.10221383E+02    0.90545776E-01   -0.21804539E-01
    0.10533486E+02    0.90194720E-01   -0.21800514E-01
    0.10883169E+02    0.89813125E-01   -0.21790767E-01
    0.11268665E+02    0.89405185E-01   -0.21774564E-01
    0.11688456E+02    0.88974970E-01   -0.21751590E-01
    0.12141349E+02    0.88526174E-01   -0.21721584E-01
    0.12626543E+02    0.88062765E-01   -0.21684510E-01
    0.13143714E+02    0.87586747E-01   -0.21640684E-01
    0.13693095E+02    0.87099362E-01   -0.21590257E-01
    0.14275610E+02    0.86602096E-01   -0.21533437E-01
    0.14893061E+02    0.86095959E-01   -0.21470424E-01
    0.15548424E+02    0.85579593E-01   -0.21401270E-01
    0.16246357E+02    0.85051235E-01   -0.21326009E-01
    0.16994116E+02    0.84508390E-01   -0.21244124E-01
    0.17803365E+02    0.83945418E-01   -0.21154936E-01
    0.18694258E+02    0.83352359E-01   -0.21056708E-01
    0.19706737E+02    0.82710493E-01   -0.20945803E-01
    0.20946495E+02    0.81964308E-01   -0.20811703E-01
    0.10074806E+02    0.90713530E-01   -0.21804744E-01
    0.10080343E+02    0.90707146E-01   -0.21804759E-01
    0.10124567E+02    0.90656480E-01   -0.21804840E-01
    0.10212625E+02    0.90555795E-01   -0.21804589E-01
    0.10343766E+02    0.90406833E-01   -0.21803574E-01
    0.10516934E+02    0.90213053E-01   -0.21800838E-01
    0.10730839E+02    0.89978057E-01   -0.21795627E-01
    0.10984044E+02    0.89705181E-01   -0.21786998E-01
    0.11275056E+02    0.89398545E-01   -0.21774255E-01
    0.11602411E+02    0.89061769E-01   -0.21756681E-01
    0.11964756E+02    0.88699421E-01   -0.21733832E-01
    0.12360929E+02    0.88314563E-01   -0.21705368E-01
    0.12790032E+02    0.87910198E-01   -0.21671153E-01
    0.13251497E+02    0.87489698E-01   -0.21631109E-01
    0.13745173E+02    0.87053935E-01   -0.21585319E-01
    0.14271419E+02    0.86605607E-01   -0.21533855E-01
    0.14831238E+02    0.86145691E-01   -0.21476826E-01
    0.15426466E+02    0.85673793E-01   -0.21414298E-01
    0.16060076E+02    0.85190187E-01   -0.21346192E-01
    0.16736686E+02    0.84692671E-01   -0.21272419E-01
    0.17463463E+02    0.84178663E-01   -0.21192468E-01
    0.18251914E+02    0.83644043E-01   -0.21105493E-01
    0.19121921E+02    0.83077709E-01   -0.21009724E-01
    0.20112882E+02    0.82461229E-01   -0.20901610E-01
    0.21329046E+02    0.81742483E-01   -0.20770806E-01
    0.10927582E+02    0.89765317E-01   -0.21789150E-01
    0.10932687E+02    0.89759857E-01   -0.21788959E-01
    0.10973477E+02    0.89716411E-01   -0.21787407E-01
    0.11054775E+02    0.89629905E-01   -0.21784202E-01
    0.11176039E+02    0.89501501E-01   -0.21778943E-01
    0.11336500E+02    0.89334619E-01   -0.21771238E-01
    0.11535217E+02    0.89130131E-01   -0.21760552E-01
    0.11771133E+02    0.88891665E-01   -0.21746464E-01
    0.12043141E+02    0.88622252E-01   -0.21728436E-01
    0.12350153E+02    0.88324797E-01   -0.21706177E-01
    0.12691167E+02    0.88002263E-01   -0.21679282E-01
    0.13065333E+02    0.87657625E-01   -0.21647605E-01
    0.13472017E+02    0.87293190E-01   -0.21611011E-01
    0.13910877E+02    0.86911601E-01   -0.21569378E-01
    0.14381937E+02    0.86513393E-01   -0.21522766E-01
    0.14885690E+02    0.86101874E-01   -0.21471190E-01
    0.15423228E+02    0.85676304E-01   -0.21414643E-01
    0.15996443E+02    0.85238072E-01   -0.21353093E-01
    0.16608323E+02    0.84785798E-01   -0.21286465E-01
    0.17263459E+02    0.84318048E-01   -0.21214487E-01
    0.17968942E+02    0.83832947E-01   -0.21136684E-01
    0.18736134E+02    0.83325186E-01   -0.21052105E-01
    0.19584642E+02    0.82785917E-01   -0.20959123E-01
    0.20553306E+02    0.82196555E-01   -0.20853940E-01
    0.21744851E+02    0.81505261E-01   -0.20726674E-01
    0.11798354E+02    0.88864234E-01   -0.21744720E-01
    0.11803083E+02    0.88859480E-01   -0.21744416E-01
    0.11840874E+02    0.88821664E-01   -0.21741991E-01
    0.11916256E+02    0.88747106E-01   -0.21737105E-01
    0.12028838E+02    0.88636357E-01   -0.21729421E-01
    0.12178068E+02    0.88490721E-01   -0.21718948E-01
    0.12363266E+02    0.88312345E-01   -0.21705192E-01
    0.12583667E+02    0.88103074E-01   -0.21687966E-01
    0.12838471E+02    0.87865360E-01   -0.21667082E-01
    0.13126895E+02    0.87601899E-01   -0.21642170E-01
    0.13448228E+02    0.87314318E-01   -0.21613209E-01
    0.13801885E+02    0.87004985E-01   -0.21579907E-01
    0.14187472E+02    0.86676176E-01   -0.21542213E-01
    0.14604849E+02    0.86329554E-01   -0.21500137E-01
    0.15054210E+02    0.85967225E-01   -0.21453582E-01
    0.15536179E+02    0.85589055E-01   -0.21402573E-01
    0.16051949E+02    0.85196288E-01   -0.21347074E-01
    0.16603472E+02    0.84789314E-01   -0.21286997E-01
    0.17193764E+02    0.84366915E-01   -0.21222177E-01
    0.17827398E+02    0.83929037E-01   -0.21152296E-01
    0.18511402E+02    0.83472575E-01   -0.21076871E-01
    0.19256994E+02    0.82991557E-01   -0.20994897E-01
    0.20083508E+02    0.82478963E-01   -0.20904812E-01
    0.21029206E+02    0.81915689E-01   -0.20802827E-01
    0.22195217E+02    0.81253219E-01   -0.20679236E-01
    0.12690383E+02    0.88002995E-01   -0.21679345E-01
    0.12694779E+02    0.87998889E-01   -0.21678988E-01
    0.12729924E+02    0.87966097E-01   -0.21676119E-01
    0.12800071E+02    0.87900889E-01   -0.21670314E-01
    0.12904945E+02    0.87804141E-01   -0.21661429E-01
    0.13044156E+02    0.87676878E-01   -0.21649465E-01
    0.13217224E+02    0.87520619E-01   -0.21634172E-01
    0.13423611E+02    0.87336123E-01   -0.21615475E-01
    0.13662760E+02    0.87125861E-01   -0.21593125E-01
    0.13934132E+02    0.86891616E-01   -0.21567112E-01
    0.14237257E+02    0.86634271E-01   -0.21537258E-01
    0.14571777E+02    0.86356662E-01   -0.21503523E-01
    0.14937504E+02    0.86060401E-01   -0.21465799E-01
    0.15334480E+02    0.85745726E-01   -0.21424069E-01
    0.15763054E+02    0.85414295E-01   -0.21378287E-01
    0.16223980E+02    0.85067849E-01   -0.21328431E-01
    0.16718544E+02    0.84705849E-01   -0.21274400E-01
    0.17248767E+02    0.84328300E-01   -0.21216109E-01
    0.17817692E+02    0.83935649E-01   -0.21153362E-01
    0.18429888E+02    0.83526224E-01   -0.21085843E-01
    0.19092319E+02    0.83096621E-01   -0.21012972E-01
    0.19816066E+02    0.82642944E-01   -0.20933843E-01
    0.20620183E+02    0.82156775E-01   -0.20846730E-01
    0.21542334E+02    0.81619891E-01   -0.20748170E-01
    0.22681982E+02    0.80985612E-01   -0.20628453E-01
    0.13607787E+02    0.87173709E-01   -0.21598316E-01
    0.13611888E+02    0.87170143E-01   -0.21597929E-01
    0.13644670E+02    0.87141628E-01   -0.21594835E-01
    0.13710138E+02    0.87084471E-01   -0.21588643E-01
    0.13808102E+02    0.86999654E-01   -0.21579311E-01
    0.13938295E+02    0.86888038E-01   -0.21566706E-01
    0.14100393E+02    0.86749790E-01   -0.21550848E-01
    0.14294034E+02    0.86586673E-01   -0.21531598E-01
    0.14518852E+02    0.86400163E-01   -0.21508912E-01
    0.14774509E+02    0.86191518E-01   -0.21482680E-01
    0.15060729E+02    0.85962005E-01   -0.21452898E-01
    0.15377345E+02    0.85712063E-01   -0.21419529E-01
    0.15724347E+02    0.85443857E-01   -0.21382460E-01
    0.16101936E+02    0.85158828E-01   -0.21341647E-01
    0.16510601E+02    0.84856819E-01   -0.21297180E-01
    0.16951212E+02    0.84538779E-01   -0.21248842E-01
    0.17425148E+02    0.84205378E-01   -0.21196680E-01
    0.17934492E+02    0.83856297E-01   -0.21140501E-01
    0.18482322E+02    0.83491731E-01   -0.21080074E-01
    0.19073197E+02    0.83108824E-01   -0.21015069E-01
    0.19714023E+02    0.82706001E-01   -0.20945007E-01
    0.20415743E+02    0.82278735E-01   -0.20868810E-01
    0.21197123E+02    0.81818317E-01   -0.20784867E-01
    0.22095208E+02    0.81308946E-01   -0.20689733E-01
    0.23207722E+02    0.80703052E-01   -0.20574092E-01
    0.14555933E+02    0.86369670E-01   -0.21505141E-01
    0.14559766E+02    0.86366521E-01   -0.21504750E-01
    0.14590419E+02    0.86341374E-01   -0.21501616E-01
    0.14651661E+02    0.86291293E-01   -0.21495328E-01
    0.14743370E+02    0.86216731E-01   -0.21485888E-01
    0.14865375E+02    0.86118197E-01   -0.21473295E-01
    0.15017469E+02    0.85996610E-01   -0.21457434E-01
    0.15199431E+02    0.85851798E-01   -0.21438314E-01
    0.15411047E+02    0.85685765E-01   -0.21415943E-01
    0.15652137E+02    0.85499419E-01   -0.21390220E-01
    0.15922589E+02    0.85293852E-01   -0.21361081E-01
    0.16222393E+02    0.85069028E-01   -0.21328602E-01
    0.16551688E+02    0.84826892E-01   -0.21292679E-01
    0.16910814E+02    0.84567462E-01   -0.21253295E-01
    0.17300383E+02    0.84292347E-01   -0.21210412E-01
    0.17721368E+02    0.84001548E-01   -0.21163961E-01
    0.18175233E+02    0.83694938E-01   -0.21113936E-01
    0.18664118E+02    0.83372008E-01   -0.21060024E-01
    0.19191131E+02    0.83033459E-01   -0.21002126E-01
    0.19760823E+02    0.82677109E-01   -0.20939887E-01
    0.20380039E+02    0.82300168E-01   -0.20872667E-01
    0.21059578E+02    0.81897947E-01   -0.20799572E-01
    0.21817913E+02    0.81463836E-01   -0.20718943E-01
    0.22691441E+02    0.80980469E-01   -0.20627467E-01
    0.23776074E+02    0.80403649E-01   -0.20516032E-01
    0.15542071E+02    0.85584502E-01   -0.21401946E-01
    0.15545661E+02    0.85581728E-01   -0.21401564E-01
    0.15574374E+02    0.85559529E-01   -0.21398509E-01
    0.15631762E+02    0.85515156E-01   -0.21392398E-01
    0.15717754E+02    0.85448911E-01   -0.21383170E-01
    0.15832251E+02    0.85361932E-01   -0.21370827E-01
    0.15975143E+02    0.85254152E-01   -0.21355399E-01
    0.16146316E+02    0.85125677E-01   -0.21336833E-01
    0.16345678E+02    0.84977805E-01   -0.21315210E-01
    0.16573177E+02    0.84811283E-01   -0.21290322E-01
    0.16828834E+02    0.84626038E-01   -0.21262332E-01
    0.17112769E+02    0.84424317E-01   -0.21231094E-01
    0.17425246E+02    0.84205310E-01   -0.21196670E-01
    0.17766723E+02    0.83970458E-01   -0.21158965E-01
    0.18137918E+02    0.83719672E-01   -0.21118029E-01
    0.18539895E+02    0.83453772E-01   -0.21073729E-01
    0.18974190E+02    0.83171992E-01   -0.21025929E-01
    0.19442997E+02    0.82874723E-01   -0.20974556E-01
    0.19949444E+02    0.82560662E-01   -0.20919342E-01
    0.20498072E+02    0.82229490E-01   -0.20859907E-01
    0.21095659E+02    0.81876958E-01   -0.20795710E-01
    0.21752854E+02    0.81500724E-01   -0.20725827E-01
    0.22487822E+02    0.81091666E-01   -0.20648673E-01
    0.23336287E+02    0.80634848E-01   -0.20560879E-01
    0.24392263E+02    0.80086397E-01   -0.20453791E-01
    0.16576498E+02    0.84808874E-01   -0.21289957E-01
    0.16579864E+02    0.84806432E-01   -0.21289588E-01
    0.16606788E+02    0.84786910E-01   -0.21286634E-01
    0.16660620E+02    0.84747901E-01   -0.21280731E-01
    0.16741328E+02    0.84689301E-01   -0.21271912E-01
    0.16848871E+02    0.84611663E-01   -0.21260126E-01
    0.16983211E+02    0.84516110E-01   -0.21245322E-01
    0.17144323E+02    0.84401915E-01   -0.21227622E-01
    0.17332209E+02    0.84270219E-01   -0.21206902E-01
    0.17546923E+02    0.84121030E-01   -0.21183259E-01
    0.17788590E+02    0.83955504E-01   -0.21156560E-01
    0.18057440E+02    0.83773281E-01   -0.21126878E-01
    0.18353841E+02    0.83576364E-01   -0.21094222E-01
    0.18678349E+02    0.83362719E-01   -0.21058458E-01
    0.19031772E+02    0.83135242E-01   -0.21019612E-01
    0.19415251E+02    0.82892157E-01   -0.20977582E-01
    0.19830385E+02    0.82634087E-01   -0.20932278E-01
    0.20279408E+02    0.82360833E-01   -0.20883524E-01
    0.20765467E+02    0.82070929E-01   -0.20831123E-01
    0.21293080E+02    0.81763149E-01   -0.20774635E-01
    0.21868953E+02    0.81434998E-01   -0.20713552E-01
    0.22503576E+02    0.81083029E-01   -0.20647034E-01
    0.23214789E+02    0.80699303E-01   -0.20573364E-01
    0.24037608E+02    0.80268155E-01   -0.20489509E-01
    0.25064053E+02    0.79748762E-01   -0.20386913E-01
    0.17674810E+02    0.84033498E-01   -0.21169101E-01
    0.17677967E+02    0.84031333E-01   -0.21168752E-01
    0.17703221E+02    0.84014002E-01   -0.21165963E-01
    0.17753729E+02    0.83979356E-01   -0.21160395E-01
    0.17829489E+02    0.83927613E-01   -0.21152066E-01
    0.17930507E+02    0.83859000E-01   -0.21140942E-01
    0.18056802E+02    0.83773709E-01   -0.21126948E-01
    0.18208416E+02    0.83672938E-01   -0.21110290E-01
    0.18385431E+02    0.83555499E-01   -0.21090737E-01
    0.18587983E+02    0.83422028E-01   -0.21068421E-01
    0.18816285E+02    0.83273425E-01   -0.21043296E-01
    0.19070652E+02    0.83110447E-01   -0.21015349E-01
    0.19351540E+02    0.82932087E-01   -0.20984543E-01
    0.19659587E+02    0.82739553E-01   -0.20950951E-01
    0.19995674E+02    0.82532341E-01   -0.20914343E-01
    0.20361007E+02    0.82311616E-01   -0.20874722E-01
    0.20757235E+02    0.82075773E-01   -0.20832005E-01
    0.21186624E+02    0.81824365E-01   -0.20785988E-01
    0.21652327E+02    0.81557576E-01   -0.20736490E-01
    0.22158833E+02    0.81273492E-01   -0.20683052E-01
    0.22712766E+02    0.80968881E-01   -0.20625245E-01
    0.23324441E+02    0.80641139E-01   -0.20562093E-01
    0.24011353E+02    0.80281611E-01   -0.20492165E-01
    0.24807766E+02    0.79877031E-01   -0.20412263E-01
    0.25803593E+02    0.79386890E-01   -0.20314344E-01
    0.18863001E+02    0.83243327E-01   -0.21038156E-01
    0.18865959E+02    0.83241423E-01   -0.21037831E-01
    0.18889626E+02    0.83226200E-01   -0.21035226E-01
    0.18936970E+02    0.83195811E-01   -0.21030018E-01
    0.19008014E+02    0.83150396E-01   -0.21022218E-01
    0.19102801E+02    0.83089927E-01   -0.21011822E-01
    0.19221395E+02    0.83014162E-01   -0.20998803E-01
    0.19363893E+02    0.82924349E-01   -0.20983192E-01
    0.19530438E+02    0.82819762E-01   -0.20965027E-01
    0.19721233E+02    0.82701555E-01   -0.20944218E-01
    0.19936562E+02    0.82568577E-01   -0.20920736E-01
    0.20176811E+02    0.82422720E-01   -0.20894642E-01
    0.20442505E+02    0.82262702E-01   -0.20865916E-01
    0.20734350E+02    0.82089248E-01   -0.20834460E-01
    0.21053287E+02    0.81901617E-01   -0.20800246E-01
    0.21400573E+02    0.81701317E-01   -0.20763206E-01
    0.21777896E+02    0.81486521E-01   -0.20723175E-01
    0.22187541E+02    0.81257494E-01   -0.20680041E-01
    0.22632657E+02    0.81012470E-01   -0.20633595E-01
    0.23117694E+02    0.80750927E-01   -0.20583382E-01
    0.23649179E+02    0.80469898E-01   -0.20528962E-01
    0.24237233E+02    0.80165662E-01   -0.20469372E-01
    0.24898975E+02    0.79831597E-01   -0.20403213E-01
    0.25667862E+02    0.79452898E-01   -0.20327537E-01
    0.26631547E+02    0.78992545E-01   -0.20234556E-01
    0.20191541E+02    0.82413848E-01   -0.20893039E-01
    0.20194305E+02    0.82412183E-01   -0.20892738E-01
    0.20216416E+02    0.82398855E-01   -0.20890337E-01
    0.20260660E+02    0.82372154E-01   -0.20885548E-01
    0.20327079E+02    0.82332061E-01   -0.20878381E-01
    0.20415742E+02    0.82278735E-01   -0.20868810E-01
    0.20526752E+02    0.82212381E-01   -0.20856807E-01
    0.20660248E+02    0.82133014E-01   -0.20842418E-01
    0.20816425E+02    0.82040958E-01   -0.20825660E-01
    0.20995537E+02    0.81935437E-01   -0.20806438E-01
    0.21197925E+02    0.81817856E-01   -0.20784782E-01
    0.21424034E+02    0.81687798E-01   -0.20760716E-01
    0.21674445E+02    0.81545089E-01   -0.20734141E-01
    0.21949916E+02    0.81389675E-01   -0.20705016E-01
    0.22251436E+02    0.81221957E-01   -0.20673345E-01
    0.22580302E+02    0.81041042E-01   -0.20639050E-01
    0.22938227E+02    0.80847051E-01   -0.20601909E-01
    0.23327505E+02    0.80639513E-01   -0.20561779E-01
    0.23751267E+02    0.80416632E-01   -0.20518556E-01
    0.24213907E+02    0.80177645E-01   -0.20471720E-01
    0.24721836E+02    0.79919716E-01   -0.20420821E-01
    0.25284956E+02    0.79639682E-01   -0.20365114E-01
    0.25919963E+02    0.79330631E-01   -0.20303056E-01
    0.26659420E+02    0.78979556E-01   -0.20231895E-01
    0.27588491E+02    0.78550139E-01   -0.20144135E-01
    0.21792740E+02    0.81478102E-01   -0.20721605E-01
    0.21795301E+02    0.81476650E-01   -0.20721334E-01
    0.21815789E+02    0.81465039E-01   -0.20719168E-01
    0.21856796E+02    0.81441852E-01   -0.20714836E-01
    0.21918378E+02    0.81407267E-01   -0.20708339E-01
    0.22000630E+02    0.81361489E-01   -0.20699676E-01
    0.22103681E+02    0.81304227E-01   -0.20688843E-01
    0.22227709E+02    0.81235138E-01   -0.20675830E-01
    0.22372946E+02    0.81154796E-01   -0.20660641E-01
    0.22539693E+02    0.81063248E-01   -0.20643276E-01
    0.22728335E+02    0.80960428E-01   -0.20623624E-01
    0.22939363E+02    0.80846440E-01   -0.20601792E-01
    0.23173406E+02    0.80721274E-01   -0.20577631E-01
    0.23431261E+02    0.80584360E-01   -0.20551181E-01
    0.23713954E+02    0.80436138E-01   -0.20522357E-01
    0.24022806E+02    0.80275740E-01   -0.20491006E-01
    0.24359545E+02    0.80103069E-01   -0.20457075E-01
    0.24726457E+02    0.79917416E-01   -0.20420360E-01
    0.25126637E+02    0.79717629E-01   -0.20380736E-01
    0.25564399E+02    0.79503105E-01   -0.20337656E-01
    0.26046005E+02    0.79270390E-01   -0.20290814E-01
    0.26581087E+02    0.79016097E-01   -0.20239378E-01
    0.27185836E+02    0.78734980E-01   -0.20181931E-01
    0.27891752E+02    0.78413215E-01   -0.20115823E-01
    0.28781071E+02    0.78018499E-01   -0.20034031E-01
