    0.22381009E-04    0.25392492E-08    0.47723411E-07
    0.38321279E+00    0.20347785E-04   -0.22582704E-06
    0.11500409E+01    0.60911216E-04   -0.20066987E-05
    0.19180821E+01    0.10109856E-03   -0.54352343E-05
    0.26881637E+01    0.14072499E-03   -0.10248312E-04
    0.34611419E+01    0.17969861E-03   -0.16059076E-04
    0.42379147E+01    0.21804391E-03   -0.22362643E-04
    0.50194369E+01    0.25591731E-03   -0.28538539E-04
    0.58067380E+01    0.29356226E-03   -0.34101785E-04
    0.66009432E+01    0.33114260E-03   -0.39262597E-04
    0.74032998E+01    0.36877174E-03   -0.44219463E-04
    0.82152111E+01    0.40654883E-03   -0.49074525E-04
    0.90382793E+01    0.44457008E-03   -0.53887202E-04
    0.98743644E+01    0.48293610E-03   -0.58696492E-04
    0.10725663E+02    0.52175592E-03   -0.63531583E-04
    0.11594820E+02    0.56115958E-03   -0.68418196E-04
    0.12485092E+02    0.60128738E-03   -0.73379799E-04
    0.13400589E+02    0.64232800E-03   -0.78443612E-04
    0.14346662E+02    0.68451253E-03   -0.83641126E-04
    0.15330546E+02    0.72815569E-03   -0.89012994E-04
    0.16362504E+02    0.77368850E-03   -0.94613355E-04
    0.17458090E+02    0.82178100E-03   -0.10052466E-03
    0.18643216E+02    0.87352255E-03   -0.10688383E-03
    0.19968198E+02    0.93104587E-03   -0.11395179E-03
    0.21564940E+02    0.99994052E-03   -0.12241554E-03
    0.54372427E+00    0.28861306E-04   -0.45369406E-06
    0.66519781E+00    0.35298054E-04   -0.67802647E-06
    0.12720968E+01    0.67333855E-04   -0.24471073E-05
    0.19936587E+01    0.10502011E-03   -0.58522402E-05
    0.27426010E+01    0.14349673E-03   -0.10630855E-04
    0.35035895E+01    0.18181455E-03   -0.16396790E-04
    0.42726522E+01    0.21974097E-03   -0.22645782E-04
    0.50488002E+01    0.25732931E-03   -0.28758027E-04
    0.58321387E+01    0.29476992E-03   -0.34272386E-04
    0.66232988E+01    0.33219538E-03   -0.39403574E-04
    0.74232395E+01    0.36970295E-03   -0.44340336E-04
    0.82331846E+01    0.40738189E-03   -0.49180649E-04
    0.90546192E+01    0.44532236E-03   -0.53981884E-04
    0.98893230E+01    0.48362032E-03   -0.58781945E-04
    0.10739436E+02    0.52238184E-03   -0.63609352E-04
    0.11607562E+02    0.56173564E-03   -0.68489515E-04
    0.12496926E+02    0.60181927E-03   -0.73445488E-04
    0.13411615E+02    0.64282140E-03   -0.78504365E-04
    0.14356962E+02    0.68497048E-03   -0.83697535E-04
    0.15340185E+02    0.72858222E-03   -0.89065465E-04
    0.16371536E+02    0.77408637E-03   -0.94662207E-04
    0.17466555E+02    0.82215132E-03   -0.10057019E-03
    0.18651143E+02    0.87386780E-03   -0.10692622E-03
    0.19975599E+02    0.93136647E-03   -0.11399116E-03
    0.21571793E+02    0.10002349E-02   -0.12245174E-03
    0.12486099E+01    0.66098898E-04   -0.23591492E-05
    0.13060929E+01    0.69120588E-04   -0.25771079E-05
    0.16975337E+01    0.89618054E-04   -0.42959092E-05
    0.22886821E+01    0.12026271E-03   -0.76016111E-05
    0.29639924E+01    0.15472732E-03   -0.12233872E-04
    0.36794742E+01    0.19055654E-03   -0.17809080E-04
    0.44180253E+01    0.22682785E-03   -0.23825956E-04
    0.51724050E+01    0.26326632E-03   -0.29669801E-04
    0.59394640E+01    0.29986806E-03   -0.34988499E-04
    0.67179965E+01    0.33665169E-03   -0.39998689E-04
    0.75078542E+01    0.37365267E-03   -0.44852218E-04
    0.83095559E+01    0.41092009E-03   -0.49630997E-04
    0.91241175E+01    0.44852086E-03   -0.54384255E-04
    0.99529945E+01    0.48653194E-03   -0.59145470E-04
    0.10798096E+02    0.52504719E-03   -0.63940461E-04
    0.11661856E+02    0.56418915E-03   -0.68793224E-04
    0.12547372E+02    0.60408605E-03   -0.73725415E-04
    0.13458633E+02    0.64492446E-03   -0.78763484E-04
    0.14400894E+02    0.68692353E-03   -0.83938137E-04
    0.15381309E+02    0.73040123E-03   -0.89289193E-04
    0.16410075E+02    0.77578375E-03   -0.94870646E-04
    0.17502683E+02    0.82373154E-03   -0.10076451E-03
    0.18684982E+02    0.87534117E-03   -0.10710718E-03
    0.20007198E+02    0.93273509E-03   -0.11415919E-03
    0.21601057E+02    0.10014915E-02   -0.12260628E-03
    0.19589417E+01    0.10321953E-03   -0.56590449E-05
    0.19960723E+01    0.10514524E-03   -0.58657742E-05
    0.22715736E+01    0.11938177E-03   -0.74951136E-05
    0.27416221E+01    0.14344692E-03   -0.10623933E-04
    0.33262106E+01    0.17295498E-03   -0.14995407E-04
    0.39770537E+01    0.20525355E-03   -0.20230669E-04
    0.46687657E+01    0.23899827E-03   -0.25832873E-04
    0.53881536E+01    0.27360125E-03   -0.31219063E-04
    0.61282672E+01    0.30881993E-03   -0.36231131E-04
    0.68854850E+01    0.34452279E-03   -0.41043454E-04
    0.76580873E+01    0.38065726E-03   -0.45757215E-04
    0.84455400E+01    0.41721526E-03   -0.50430647E-04
    0.92481320E+01    0.45422352E-03   -0.55100906E-04
    0.10066803E+02    0.49173211E-03   -0.59794330E-04
    0.10903087E+02    0.52981850E-03   -0.64532954E-04
    0.11759137E+02    0.56858221E-03   -0.69336881E-04
    0.12637839E+02    0.60814856E-03   -0.74227017E-04
    0.13543014E+02    0.64869400E-03   -0.79228722E-04
    0.14479785E+02    0.69042940E-03   -0.84369981E-04
    0.15455196E+02    0.73366753E-03   -0.89690972E-04
    0.16479351E+02    0.77883119E-03   -0.95245295E-04
    0.17567651E+02    0.82657225E-03   -0.10111394E-03
    0.18745852E+02    0.87798940E-03   -0.10743278E-03
    0.20064057E+02    0.93519677E-03   -0.11446136E-03
    0.21653731E+02    0.10037529E-02   -0.12288443E-03
    0.26722565E+01    0.13991428E-03   -0.10137451E-04
    0.26995938E+01    0.14130730E-03   -0.10328230E-04
    0.29092179E+01    0.15195500E-03   -0.11830586E-04
    0.32893759E+01    0.17110954E-03   -0.14707937E-04
    0.37904062E+01    0.19604889E-03   -0.18708411E-04
    0.43726946E+01    0.22462058E-03   -0.23458934E-04
    0.50100774E+01    0.25546710E-03   -0.28468334E-04
    0.56864489E+01    0.28783757E-03   -0.33287725E-04
    0.63921171E+01    0.32129512E-03   -0.37935842E-04
    0.71213345E+01    0.35558324E-03   -0.42499316E-04
    0.78708197E+01    0.39055901E-03   -0.47030631E-04
    0.86389031E+01    0.42615360E-03   -0.51563267E-04
    0.94250437E+01    0.46234867E-03   -0.56120491E-04
    0.10229566E+02    0.49916132E-03   -0.60720420E-04
    0.11053542E+02    0.53664874E-03   -0.65380603E-04
    0.11898773E+02    0.57488345E-03   -0.70116472E-04
    0.12767869E+02    0.61398741E-03   -0.74947785E-04
    0.13664433E+02    0.65411479E-03   -0.79897070E-04
    0.14593412E+02    0.69547774E-03   -0.84991412E-04
    0.15561703E+02    0.73837423E-03   -0.90270326E-04
    0.16579279E+02    0.78322285E-03   -0.95785568E-04
    0.17661423E+02    0.83067273E-03   -0.10161828E-03
    0.18833759E+02    0.88181133E-03   -0.10790274E-03
    0.20146213E+02    0.93875029E-03   -0.11489770E-03
    0.21729878E+02    0.10070257E-02   -0.12328661E-03
    0.33887553E+01    0.17608414E-03   -0.15486468E-04
    0.34103540E+01    0.17716343E-03   -0.15656864E-04
    0.35785830E+01    0.18554667E-03   -0.16996584E-04
    0.38939314E+01    0.20115945E-03   -0.19551748E-04
    0.43254927E+01    0.22231974E-03   -0.23075754E-04
    0.48438792E+01    0.24746093E-03   -0.27202197E-04
    0.54261942E+01    0.27542011E-03   -0.31487266E-04
    0.60562703E+01    0.30540872E-03   -0.35759707E-04
    0.67232335E+01    0.33689800E-03   -0.40031505E-04
    0.74199807E+01    0.36955077E-03   -0.44320588E-04
    0.81420213E+01    0.40315496E-03   -0.48641839E-04
    0.88866954E+01    0.43758678E-03   -0.53007448E-04
    0.96526761E+01    0.47278768E-03   -0.57427823E-04
    0.10439671E+02    0.50874268E-03   -0.61913491E-04
    0.11248267E+02    0.54547532E-03   -0.66475113E-04
    0.12079881E+02    0.58304798E-03   -0.71126122E-04
    0.12936815E+02    0.62156598E-03   -0.75883082E-04
    0.13822425E+02    0.66116422E-03   -0.80765208E-04
    0.14741451E+02    0.70205306E-03   -0.85800882E-04
    0.15700615E+02    0.74450966E-03   -0.91025115E-04
    0.16709734E+02    0.78895958E-03   -0.96490383E-04
    0.17783941E+02    0.83603571E-03   -0.10227720E-03
    0.18948698E+02    0.88681101E-03   -0.10851676E-03
    0.20253706E+02    0.94339617E-03   -0.11546896E-03
    0.21829574E+02    0.10113131E-02   -0.12381295E-03
    0.41090790E+01    0.21173736E-03   -0.21310356E-04
    0.41269096E+01    0.21261134E-03   -0.21456136E-04
    0.42669807E+01    0.21946399E-03   -0.22599577E-04
    0.45347072E+01    0.23249962E-03   -0.24765411E-04
    0.49102703E+01    0.25066207E-03   -0.27712298E-04
    0.53725258E+01    0.27285376E-03   -0.31108474E-04
    0.59029189E+01    0.29813292E-03   -0.34745495E-04
    0.64868542E+01    0.32576522E-03   -0.38540055E-04
    0.71135601E+01    0.35521909E-03   -0.42451589E-04
    0.77754087E+01    0.38612027E-03   -0.46460639E-04
    0.84671943E+01    0.41821703E-03   -0.50557742E-04
    0.91855443E+01    0.45134627E-03   -0.54739439E-04
    0.99284955E+01    0.48541181E-03   -0.59005637E-04
    0.10695214E+02    0.52037181E-03   -0.63359596E-04
    0.11485834E+02    0.55622828E-03   -0.67807517E-04
    0.12301398E+02    0.59302662E-03   -0.72359362E-04
    0.13143898E+02    0.63084237E-03   -0.77027228E-04
    0.14016430E+02    0.66981281E-03   -0.81831110E-04
    0.14923513E+02    0.71012723E-03   -0.86794241E-04
    0.15871678E+02    0.75206039E-03   -0.91953468E-04
    0.16870568E+02    0.79602280E-03   -0.97359164E-04
    0.17935145E+02    0.84264157E-03   -0.10308883E-03
    0.19090679E+02    0.89298884E-03   -0.10927563E-03
    0.20386600E+02    0.94914260E-03   -0.11617518E-03
    0.21952930E+02    0.10166074E-02   -0.12446358E-03
    0.48340304E+01    0.24698569E-03   -0.27126065E-04
    0.48491960E+01    0.24771745E-03   -0.27243248E-04
    0.49689480E+01    0.25348795E-03   -0.28158411E-04
    0.52006624E+01    0.26462198E-03   -0.29875620E-04
    0.55311910E+01    0.28043519E-03   -0.32220608E-04
    0.59453640E+01    0.30014812E-03   -0.35027651E-04
    0.64286679E+01    0.32302025E-03   -0.38169425E-04
    0.69686869E+01    0.34842775E-03   -0.41558952E-04
    0.75555315E+01    0.37587686E-03   -0.45139937E-04
    0.81817053E+01    0.40499545E-03   -0.48876552E-04
    0.88417588E+01    0.43551517E-03   -0.52746123E-04
    0.95319223E+01    0.46725218E-03   -0.56734922E-04
    0.10249797E+02    0.50008478E-03   -0.60835477E-04
    0.10994131E+02    0.53395359E-03   -0.65046201E-04
    0.11764680E+02    0.56883244E-03   -0.69367844E-04
    0.12562154E+02    0.60475006E-03   -0.73807409E-04
    0.13388255E+02    0.64177602E-03   -0.78375654E-04
    0.14245828E+02    0.68002777E-03   -0.83088978E-04
    0.15139173E+02    0.71968103E-03   -0.87970400E-04
    0.16074622E+02    0.76100975E-03   -0.93053936E-04
    0.17061635E+02    0.80440662E-03   -0.98389435E-04
    0.18114987E+02    0.85049364E-03   -0.10405397E-03
    0.19259734E+02    0.90033035E-03   -0.11017761E-03
    0.20544994E+02    0.95598604E-03   -0.11701569E-03
    0.22100101E+02    0.10229227E-02   -0.12523988E-03
    0.55645216E+01    0.28202561E-03   -0.32451374E-04
    0.55777013E+01    0.28265431E-03   -0.32542365E-04
    0.56821206E+01    0.28763141E-03   -0.33258236E-04
    0.58858253E+01    0.29732104E-03   -0.34631539E-04
    0.61798159E+01    0.31126042E-03   -0.36566928E-04
    0.65531217E+01    0.32888951E-03   -0.38960381E-04
    0.69945565E+01    0.34964123E-03   -0.41718803E-04
    0.74939073E+01    0.37300185E-03   -0.44767959E-04
    0.80425187E+01    0.39853699E-03   -0.48052196E-04
    0.86334437E+01    0.42590140E-03   -0.51531363E-04
    0.92613578E+01    0.45483132E-03   -0.55177235E-04
    0.99223784E+01    0.48513209E-03   -0.58970714E-04
    0.10613877E+02    0.51667242E-03   -0.62899796E-04
    0.11334327E+02    0.54937222E-03   -0.66958127E-04
    0.12083201E+02    0.58319766E-03   -0.71144626E-04
    0.12860939E+02    0.61816481E-03   -0.75463386E-04
    0.13668995E+02    0.65431843E-03   -0.79922148E-04
    0.14509985E+02    0.69177113E-03   -0.84535188E-04
    0.15388002E+02    0.73069720E-03   -0.89325593E-04
    0.16309186E+02    0.77133954E-03   -0.94324880E-04
    0.17282808E+02    0.81410339E-03   -0.99581835E-04
    0.18323449E+02    0.85958478E-03   -0.10517175E-03
    0.19455935E+02    0.90884175E-03   -0.11122354E-03
    0.20729034E+02    0.96392522E-03   -0.11799188E-03
    0.22271294E+02    0.10302727E-02   -0.12614213E-03
    0.63015714E+01    0.31701851E-03   -0.37354631E-04
    0.63132126E+01    0.31756860E-03   -0.37429566E-04
    0.64056534E+01    0.32193409E-03   -0.38022417E-04
    0.65870206E+01    0.33048679E-03   -0.39174704E-04
    0.68509872E+01    0.34290269E-03   -0.40829057E-04
    0.71895275E+01    0.35877613E-03   -0.42917220E-04
    0.75940584E+01    0.37767335E-03   -0.45372083E-04
    0.80563359E+01    0.39917852E-03   -0.48134174E-04
    0.85690144E+01    0.42292449E-03   -0.51154513E-04
    0.91259110E+01    0.44860338E-03   -0.54394632E-04
    0.97220703E+01    0.47596639E-03   -0.57825437E-04
    0.10353719E+02    0.50482640E-03   -0.61426037E-04
    0.11018180E+02    0.53504479E-03   -0.65181604E-04
    0.11713790E+02    0.56653473E-03   -0.69083516E-04
    0.12439841E+02    0.59925312E-03   -0.73128551E-04
    0.13196577E+02    0.63320034E-03   -0.77318255E-04
    0.13985253E+02    0.66842272E-03   -0.81659834E-04
    0.14808294E+02    0.70501827E-03   -0.86166057E-04
    0.15669605E+02    0.74314054E-03   -0.90856729E-04
    0.16575145E+02    0.78304107E-03   -0.95763226E-04
    0.17534006E+02    0.82510121E-03   -0.10093298E-03
    0.18560568E+02    0.86992271E-03   -0.10644181E-03
    0.19679413E+02    0.91853851E-03   -0.11241522E-03
    0.20938929E+02    0.97298650E-03   -0.11910386E-03
    0.22466785E+02    0.10386465E-02   -0.12717195E-03
    0.70463215E+01    0.35206839E-03   -0.42038070E-04
    0.70567343E+01    0.35255647E-03   -0.42102197E-04
    0.71395546E+01    0.35643655E-03   -0.42611100E-04
    0.73027177E+01    0.36407140E-03   -0.43608202E-04
    0.75416756E+01    0.37523058E-03   -0.45056371E-04
    0.78504872E+01    0.38961345E-03   -0.46909303E-04
    0.82225645E+01    0.40688967E-03   -0.49117949E-04
    0.86513232E+01    0.42672729E-03   -0.51635834E-04
    0.91306545E+01    0.44882161E-03   -0.54422074E-04
    0.96552109E+01    0.47290383E-03   -0.57442355E-04
    0.10220543E+02    0.49874944E-03   -0.60669100E-04
    0.10823139E+02    0.52618508E-03   -0.64081790E-04
    0.11460416E+02    0.55507794E-03   -0.67665029E-04
    0.12130693E+02    0.58533881E-03   -0.71409301E-04
    0.12833179E+02    0.61691954E-03   -0.75309692E-04
    0.13567995E+02    0.64980936E-03   -0.79366391E-04
    0.14336253E+02    0.68404969E-03   -0.83584121E-04
    0.15140225E+02    0.71972761E-03   -0.87976127E-04
    0.15983659E+02    0.75700151E-03   -0.92560846E-04
    0.16872353E+02    0.79610117E-03   -0.97368795E-04
    0.17815224E+02    0.83740415E-03   -0.10244529E-03
    0.18826459E+02    0.88149395E-03   -0.10786374E-03
    0.19930383E+02    0.92940775E-03   -0.11375056E-03
    0.21174975E+02    0.98315138E-03   -0.12035403E-03
    0.22686941E+02    0.10480788E-02   -0.12833050E-03
    0.78000634E+01    0.38726765E-03   -0.46608092E-04
    0.78094713E+01    0.38770541E-03   -0.46664327E-04
    0.78843886E+01    0.39118992E-03   -0.47111558E-04
    0.80324360E+01    0.39806882E-03   -0.47992354E-04
    0.82502857E+01    0.40817437E-03   -0.49281572E-04
    0.85334924E+01    0.42128269E-03   -0.50946481E-04
    0.88769877E+01    0.43713930E-03   -0.52951016E-04
    0.92755451E+01    0.45548325E-03   -0.55259094E-04
    0.97241553E+01    0.47606186E-03   -0.57837376E-04
    0.10218289E+02    0.49864659E-03   -0.60656284E-04
    0.10754061E+02    0.52304645E-03   -0.63691923E-04
    0.11328313E+02    0.54910001E-03   -0.66924392E-04
    0.11938655E+02    0.57668205E-03   -0.70338947E-04
    0.12583484E+02    0.60570807E-03   -0.73925700E-04
    0.13262007E+02    0.63612737E-03   -0.77679527E-04
    0.13974292E+02    0.66793399E-03   -0.81599607E-04
    0.14721362E+02    0.70116150E-03   -0.85691056E-04
    0.15505378E+02    0.73588535E-03   -0.89963948E-04
    0.16329963E+02    0.77225485E-03   -0.94437312E-04
    0.17200774E+02    0.81050534E-03   -0.99140042E-04
    0.18126570E+02    0.85099879E-03   -0.10411613E-03
    0.19121346E+02    0.89432070E-03   -0.10943926E-03
    0.20209169E+02    0.94147145E-03   -0.11523219E-03
    0.21437582E+02    0.99446045E-03   -0.12174247E-03
    0.22932240E+02    0.10585715E-02   -0.12962038E-03
    0.85642773E+01    0.42270557E-03   -0.51126781E-04
    0.85728465E+01    0.42310159E-03   -0.51176945E-04
    0.86411480E+01    0.42625729E-03   -0.51576385E-04
    0.87764392E+01    0.43250271E-03   -0.52365786E-04
    0.89762503E+01    0.44171342E-03   -0.53527508E-04
    0.92372263E+01    0.45372228E-03   -0.55037952E-04
    0.95554574E+01    0.46833143E-03   -0.56870067E-04
    0.99268118E+01    0.48533482E-03   -0.58996025E-04
    0.10347224E+02    0.50453028E-03   -0.61389169E-04
    0.10812923E+02    0.52572087E-03   -0.64024135E-04
    0.11320587E+02    0.54875026E-03   -0.66881048E-04
    0.11867457E+02    0.57347077E-03   -0.69941715E-04
    0.12451399E+02    0.59977277E-03   -0.73192735E-04
    0.13070957E+02    0.62757589E-03   -0.76624232E-04
    0.13725403E+02    0.65683614E-03   -0.80232165E-04
    0.14414808E+02    0.68754202E-03   -0.84014333E-04
    0.15140157E+02    0.71972460E-03   -0.87975756E-04
    0.15903541E+02    0.75346702E-03   -0.92126347E-04
    0.16708488E+02    0.78890482E-03   -0.96483649E-04
    0.17560538E+02    0.82626127E-03   -0.10107568E-03
    0.18468308E+02    0.86590549E-03   -0.10594790E-03
    0.19445610E+02    0.90839411E-03   -0.11116853E-03
    0.20516246E+02    0.95474531E-03   -0.11686318E-03
    0.21727305E+02    0.10069151E-02   -0.12327302E-03
    0.23203307E+02    0.10701608E-02   -0.13104363E-03
    0.93406847E+01    0.45847557E-03   -0.55634684E-04
    0.93485422E+01    0.45883643E-03   -0.55679963E-04
    0.94112159E+01    0.46171397E-03   -0.56040908E-04
    0.95355875E+01    0.46742027E-03   -0.56755972E-04
    0.97198053E+01    0.47586267E-03   -0.57812466E-04
    0.99613199E+01    0.48691254E-03   -0.59192977E-04
    0.10257110E+02    0.50041859E-03   -0.60877065E-04
    0.10603921E+02    0.51621941E-03   -0.62843476E-04
    0.10998482E+02    0.53415101E-03   -0.65070699E-04
    0.11437694E+02    0.55404970E-03   -0.67537659E-04
    0.11918777E+02    0.57578564E-03   -0.70228070E-04
    0.12439376E+02    0.59923222E-03   -0.73125970E-04
    0.12997649E+02    0.62429180E-03   -0.76219266E-04
    0.13592331E+02    0.65089584E-03   -0.79500419E-04
    0.14222807E+02    0.67900354E-03   -0.82962910E-04
    0.14889199E+02    0.70860592E-03   -0.86607219E-04
    0.15592495E+02    0.73973469E-03   -0.90437753E-04
    0.16334753E+02    0.77246588E-03   -0.94463228E-04
    0.17119436E+02    0.80693984E-03   -0.98701280E-04
    0.17951992E+02    0.84337728E-03   -0.10317921E-03
    0.18840911E+02    0.88212230E-03   -0.10794095E-03
    0.19799830E+02    0.92375393E-03   -0.11305558E-03
    0.20852288E+02    0.96924887E-03   -0.11864485E-03
    0.22044893E+02    0.10205508E-02   -0.12494869E-03
    0.23500958E+02    0.10828752E-02   -0.13260583E-03
    0.10131322E+02    0.49467754E-03   -0.60161609E-04
    0.10138567E+02    0.49500819E-03   -0.60202830E-04
    0.10196385E+02    0.49764688E-03   -0.60531709E-04
    0.10311291E+02    0.50289128E-03   -0.61185070E-04
    0.10481885E+02    0.51066487E-03   -0.62152659E-04
    0.10706222E+02    0.52087224E-03   -0.63421782E-04
    0.10981967E+02    0.53340150E-03   -0.64977688E-04
    0.11306566E+02    0.54811549E-03   -0.66802375E-04
    0.11677409E+02    0.56489173E-03   -0.68880180E-04
    0.12091986E+02    0.58359372E-03   -0.71193587E-04
    0.12548009E+02    0.60411467E-03   -0.73728950E-04
    0.13043519E+02    0.62634679E-03   -0.76472658E-04
    0.13576972E+02    0.65021014E-03   -0.79415841E-04
    0.14147323E+02    0.67564440E-03   -0.82549369E-04
    0.14754102E+02    0.70261441E-03   -0.85870034E-04
    0.15397517E+02    0.73111790E-03   -0.89377333E-04
    0.16078594E+02    0.76118470E-03   -0.93075468E-04
    0.16799389E+02    0.79289666E-03   -0.96974796E-04
    0.17563325E+02    0.82638314E-03   -0.10109067E-03
    0.18375781E+02    0.86186960E-03   -0.10545219E-03
    0.19245135E+02    0.89969622E-03   -0.11009970E-03
    0.20184860E+02    0.94042088E-03   -0.11510300E-03
    0.21218228E+02    0.98501411E-03   -0.12058276E-03
    0.22391351E+02    0.10354135E-02   -0.12677475E-03
    0.23826252E+02    0.10967453E-02   -0.13431004E-03
    0.10938643E+02    0.53143413E-03   -0.64733513E-04
    0.10945354E+02    0.53173896E-03   -0.64771349E-04
    0.10998932E+02    0.53417146E-03   -0.65073238E-04
    0.11105537E+02    0.53900642E-03   -0.65673045E-04
    0.11264109E+02    0.54619287E-03   -0.66564064E-04
    0.11473161E+02    0.55565472E-03   -0.67736474E-04
    0.11730893E+02    0.56730699E-03   -0.69179083E-04
    0.12035309E+02    0.58103896E-03   -0.70877741E-04
    0.12384350E+02    0.59675774E-03   -0.72820318E-04
    0.12776008E+02    0.61435293E-03   -0.74992902E-04
    0.13208435E+02    0.63373093E-03   -0.77383749E-04
    0.13680044E+02    0.65481167E-03   -0.79982889E-04
    0.14189588E+02    0.67752544E-03   -0.82780962E-04
    0.14736248E+02    0.70182215E-03   -0.85772437E-04
    0.15319718E+02    0.72767646E-03   -0.88954034E-04
    0.15940319E+02    0.75509009E-03   -0.92325846E-04
    0.16599139E+02    0.78409625E-03   -0.95892887E-04
    0.17298257E+02    0.81478087E-03   -0.99664970E-04
    0.18041082E+02    0.84726853E-03   -0.10365729E-03
    0.18832938E+02    0.88177565E-03   -0.10789836E-03
    0.19682110E+02    0.91865546E-03   -0.11242959E-03
    0.20601913E+02    0.95844084E-03   -0.11731769E-03
    0.21615352E+02    0.10021052E-02   -0.12268177E-03
    0.22768023E+02    0.10515489E-02   -0.12875709E-03
    0.24180582E+02    0.11118356E-02   -0.13616504E-03
    0.11765673E+02    0.56887725E-03   -0.69373389E-04
    0.11771912E+02    0.56915890E-03   -0.69408239E-04
    0.11821745E+02    0.57140813E-03   -0.69686532E-04
    0.11920994E+02    0.57588562E-03   -0.70240437E-04
    0.12068856E+02    0.58255100E-03   -0.71064683E-04
    0.12264198E+02    0.59135294E-03   -0.72152558E-04
    0.12505638E+02    0.60221081E-03   -0.73493842E-04
    0.12791630E+02    0.61505447E-03   -0.75079492E-04
    0.13120566E+02    0.62979769E-03   -0.76898317E-04
    0.13490867E+02    0.64636505E-03   -0.78941209E-04
    0.13901075E+02    0.66467019E-03   -0.81197315E-04
    0.14349939E+02    0.68465822E-03   -0.83659072E-04
    0.14836494E+02    0.70626886E-03   -0.86319921E-04
    0.15360147E+02    0.72946534E-03   -0.89174089E-04
    0.15920769E+02    0.75422743E-03   -0.92219809E-04
    0.16518805E+02    0.78056495E-03   -0.95458650E-04
    0.17155424E+02    0.80851709E-03   -0.98895468E-04
    0.17832746E+02    0.83817006E-03   -0.10253938E-03
    0.18554185E+02    0.86964474E-03   -0.10640765E-03
    0.19325028E+02    0.90316521E-03   -0.11052593E-03
    0.20153476E+02    0.93906430E-03   -0.11493628E-03
    0.21052695E+02    0.97788543E-03   -0.11970675E-03
    0.22045420E+02    0.10205734E-02   -0.12495147E-03
    0.23176712E+02    0.10690250E-02   -0.13090398E-03
    0.24565783E+02    0.11282206E-02   -0.13817814E-03
    0.12616229E+02    0.60717838E-03   -0.74107238E-04
    0.12622047E+02    0.60743962E-03   -0.74139491E-04
    0.12668537E+02    0.60952671E-03   -0.74397156E-04
    0.12761202E+02    0.61368799E-03   -0.74910827E-04
    0.12899436E+02    0.61989081E-03   -0.75676393E-04
    0.13082382E+02    0.62808765E-03   -0.76687352E-04
    0.13308988E+02    0.63822882E-03   -0.77938734E-04
    0.13578070E+02    0.65025913E-03   -0.79421886E-04
    0.13888392E+02    0.66410488E-03   -0.81127630E-04
    0.14238739E+02    0.67971236E-03   -0.83050156E-04
    0.14627989E+02    0.69701426E-03   -0.85180491E-04
    0.15055196E+02    0.71596262E-03   -0.87512876E-04
    0.15519656E+02    0.73651630E-03   -0.90041619E-04
    0.16020996E+02    0.75864716E-03   -0.92763239E-04
    0.16559259E+02    0.78234272E-03   -0.95677365E-04
    0.17135025E+02    0.80762302E-03   -0.98785401E-04
    0.17749556E+02    0.83453054E-03   -0.10209233E-03
    0.18405027E+02    0.86314623E-03   -0.10560890E-03
    0.19104867E+02    0.89360509E-03   -0.10935134E-03
    0.19854341E+02    0.92611415E-03   -0.11334565E-03
    0.20661577E+02    0.96101362E-03   -0.11763424E-03
    0.21539594E+02    0.99885124E-03   -0.12228165E-03
    0.22510858E+02    0.10405369E-02   -0.12740387E-03
    0.23619868E+02    0.10879472E-02   -0.13322895E-03
    0.24984312E+02    0.11459998E-02   -0.14036305E-03
    0.13495285E+02    0.64656243E-03   -0.78965571E-04
    0.13500725E+02    0.64680544E-03   -0.78995567E-04
    0.13544199E+02    0.64874691E-03   -0.79235254E-04
    0.13630912E+02    0.65261833E-03   -0.79712735E-04
    0.13760413E+02    0.65839829E-03   -0.80424522E-04
    0.13932058E+02    0.66605114E-03   -0.81367545E-04
    0.14145057E+02    0.67554354E-03   -0.82536949E-04
    0.14398523E+02    0.68681817E-03   -0.83925157E-04
    0.14691526E+02    0.69983684E-03   -0.85527917E-04
    0.15023155E+02    0.71454325E-03   -0.87338005E-04
    0.15392582E+02    0.73089969E-03   -0.89350497E-04
    0.15799127E+02    0.74885757E-03   -0.91559778E-04
    0.16242328E+02    0.76839506E-03   -0.93962920E-04
    0.16722015E+02    0.78949913E-03   -0.96556744E-04
    0.17238404E+02    0.81215577E-03   -0.99342784E-04
    0.17792206E+02    0.83639735E-03   -0.10232162E-03
    0.18384783E+02    0.86226261E-03   -0.10550043E-03
    0.19018373E+02    0.88984443E-03   -0.10888934E-03
    0.19696432E+02    0.91927636E-03   -0.11250584E-03
    0.20424210E+02    0.95076903E-03   -0.11637486E-03
    0.21209768E+02    0.98464980E-03   -0.12053803E-03
    0.22065983E+02    0.10214564E-02   -0.12505994E-03
    0.23015044E+02    0.10621120E-02   -0.13005515E-03
    0.24100864E+02    0.11084417E-02   -0.13574807E-03
    0.25439523E+02    0.11652970E-02   -0.14273507E-03
    0.14409567E+02    0.68730907E-03   -0.83985634E-04
    0.14414662E+02    0.68753552E-03   -0.84013532E-04
    0.14455387E+02    0.68934538E-03   -0.84236478E-04
    0.14536666E+02    0.69295647E-03   -0.84681109E-04
    0.14658167E+02    0.69835509E-03   -0.85345506E-04
    0.14819417E+02    0.70551158E-03   -0.86226766E-04
    0.15019839E+02    0.71439632E-03   -0.87319900E-04
    0.15258780E+02    0.72497795E-03   -0.88621937E-04
    0.15535567E+02    0.73721938E-03   -0.90128171E-04
    0.15849545E+02    0.75108321E-03   -0.91833367E-04
    0.16200138E+02    0.76653729E-03   -0.93734363E-04
    0.16586902E+02    0.78355805E-03   -0.95826762E-04
    0.17009589E+02    0.80212491E-03   -0.98108858E-04
    0.17468220E+02    0.82222417E-03   -0.10057914E-03
    0.17963170E+02    0.84386547E-03   -0.10323918E-03
    0.18495283E+02    0.86708031E-03   -0.10609236E-03
    0.19066021E+02    0.89191725E-03   -0.10914398E-03
    0.19677688E+02    0.91846368E-03   -0.11240603E-03
    0.20333773E+02    0.94685771E-03   -0.11589456E-03
    0.21039517E+02    0.97731812E-03   -0.11963693E-03
    0.21802917E+02    0.10101672E-02   -0.12367228E-03
    0.22636707E+02    0.10459287E-02   -0.12806615E-03
    0.23562791E+02    0.10855136E-02   -0.13292995E-03
    0.24624471E+02    0.11307185E-02   -0.13848478E-03
    0.25936119E+02    0.11863215E-02   -0.14531870E-03
    0.15368618E+02    0.72983999E-03   -0.89220168E-04
    0.15373395E+02    0.73005126E-03   -0.89246151E-04
    0.15411587E+02    0.73173992E-03   -0.89453836E-04
    0.15487849E+02    0.73511065E-03   -0.89868584E-04
    0.15601944E+02    0.74015210E-03   -0.90489112E-04
    0.15753537E+02    0.74684550E-03   -0.91312376E-04
    0.15942219E+02    0.75517391E-03   -0.92336148E-04
    0.16167534E+02    0.76510161E-03   -0.93557658E-04
    0.16429018E+02    0.77661758E-03   -0.94973087E-04
    0.16726233E+02    0.78968438E-03   -0.96579533E-04
    0.17058818E+02    0.80428313E-03   -0.98374241E-04
    0.17426535E+02    0.82040023E-03   -0.10035495E-03
    0.17829327E+02    0.83802066E-03   -0.10252103E-03
    0.18267389E+02    0.85713865E-03   -0.10487132E-03
    0.18741245E+02    0.87778905E-03   -0.10740814E-03
    0.19251864E+02    0.89998850E-03   -0.11013561E-03
    0.19800806E+02    0.92379617E-03   -0.11306077E-03
    0.20390444E+02    0.94930883E-03   -0.11619559E-03
    0.21024299E+02    0.97666298E-03   -0.11955630E-03
    0.21707604E+02    0.10060678E-02   -0.12316896E-03
    0.22448295E+02    0.10378536E-02   -0.12707463E-03
    0.23258962E+02    0.10725369E-02   -0.13133585E-03
    0.24161207E+02    0.11110106E-02   -0.13606373E-03
    0.25197685E+02    0.11550495E-02   -0.14147474E-03
    0.26480956E+02    0.12093400E-02   -0.14814794E-03
    0.16386899E+02    0.77476313E-03   -0.94745304E-04
    0.16391380E+02    0.77496046E-03   -0.94769535E-04
    0.16427205E+02    0.77653780E-03   -0.94963285E-04
    0.16498773E+02    0.77968476E-03   -0.95350330E-04
    0.16605924E+02    0.78439464E-03   -0.95929543E-04
    0.16748432E+02    0.79065931E-03   -0.96699485E-04
    0.16926027E+02    0.79845844E-03   -0.97658395E-04
    0.17138414E+02    0.80777154E-03   -0.98803687E-04
    0.17385301E+02    0.81859509E-03   -0.10013320E-03
    0.17666435E+02    0.83089201E-03   -0.10164524E-03
    0.17981638E+02    0.84467218E-03   -0.10333828E-03
    0.18330853E+02    0.85990798E-03   -0.10521143E-03
    0.18714192E+02    0.87661230E-03   -0.10726342E-03
    0.19132003E+02    0.89478339E-03   -0.10949611E-03
    0.19584951E+02    0.91443847E-03   -0.11191137E-03
    0.20074121E+02    0.93563227E-03   -0.11451482E-03
    0.20601165E+02    0.95840858E-03   -0.11731372E-03
    0.21168520E+02    0.98287336E-03   -0.12031988E-03
    0.21779743E+02    0.10091707E-02   -0.12354995E-03
    0.22440056E+02    0.10375003E-02   -0.12703125E-03
    0.23157332E+02    0.10681969E-02   -0.13080222E-03
    0.23944005E+02    0.11017590E-02   -0.13492685E-03
    0.24821361E+02    0.11390805E-02   -0.13951270E-03
    0.25831365E+02    0.11818911E-02   -0.14477409E-03
    0.27084628E+02    0.12347934E-02   -0.15127680E-03
    0.17488511E+02    0.82311173E-03   -0.10068828E-03
    0.17492709E+02    0.82329533E-03   -0.10071086E-03
    0.17526284E+02    0.82476356E-03   -0.10089144E-03
    0.17593381E+02    0.82769720E-03   -0.10125233E-03
    0.17693904E+02    0.83209404E-03   -0.10179299E-03
    0.17827718E+02    0.83795032E-03   -0.10251239E-03
    0.17994664E+02    0.84524118E-03   -0.10340818E-03
    0.18194581E+02    0.85396399E-03   -0.10448102E-03
    0.18427323E+02    0.86411901E-03   -0.10572836E-03
    0.18692792E+02    0.87568112E-03   -0.10714896E-03
    0.18990968E+02    0.88865138E-03   -0.10874279E-03
    0.19321949E+02    0.90303162E-03   -0.11050951E-03
    0.19685998E+02    0.91882403E-03   -0.11245029E-03
    0.20083603E+02    0.93604252E-03   -0.11456518E-03
    0.20515552E+02    0.95471534E-03   -0.11685950E-03
    0.20983038E+02    0.97488656E-03   -0.11933763E-03
    0.21487800E+02    0.99662281E-03   -0.12200793E-03
    0.22032335E+02    0.10200119E-02   -0.12488245E-03
    0.22620228E+02    0.10452233E-02   -0.12797942E-03
    0.23256691E+02    0.10724399E-02   -0.13132393E-03
    0.23949521E+02    0.11019941E-02   -0.13495574E-03
    0.24710988E+02    0.11343960E-02   -0.13893655E-03
    0.25562033E+02    0.11704905E-02   -0.14337247E-03
    0.26543869E+02    0.12119935E-02   -0.14847458E-03
    0.27764990E+02    0.12634145E-02   -0.15479575E-03
    0.18720244E+02    0.87687562E-03   -0.10729580E-03
    0.18724166E+02    0.87704622E-03   -0.10731678E-03
    0.18755536E+02    0.87841053E-03   -0.10748458E-03
    0.18818251E+02    0.88113716E-03   -0.10781989E-03
    0.18912265E+02    0.88522543E-03   -0.10832206E-03
    0.19037517E+02    0.89067757E-03   -0.10899168E-03
    0.19193944E+02    0.89747267E-03   -0.10982652E-03
    0.19381494E+02    0.90561441E-03   -0.11082692E-03
    0.19600147E+02    0.91509821E-03   -0.11199247E-03
    0.19849937E+02    0.92592342E-03   -0.11332220E-03
    0.20130981E+02    0.93809172E-03   -0.11481680E-03
    0.20443513E+02    0.95160349E-03   -0.11647731E-03
    0.20787930E+02    0.96646931E-03   -0.11830394E-03
    0.21164844E+02    0.98271503E-03   -0.12030043E-03
    0.21575157E+02    0.10003794E-02   -0.12246950E-03
    0.22020159E+02    0.10194895E-02   -0.12481822E-03
    0.22501668E+02    0.10401427E-02   -0.12735551E-03
    0.23022235E+02    0.10624196E-02   -0.13009291E-03
    0.23585467E+02    0.10864805E-02   -0.13304876E-03
    0.24196553E+02    0.11125157E-02   -0.13624853E-03
    0.24863208E+02    0.11408570E-02   -0.13973116E-03
    0.25597509E+02    0.11719925E-02   -0.14355724E-03
    0.26420012E+02    0.12067689E-02   -0.14783133E-03
    0.27371088E+02    0.12468532E-02   -0.15275953E-03
    0.28556859E+02    0.12966431E-02   -0.15888088E-03
    0.20204768E+02    0.94128129E-03   -0.11520881E-03
    0.20208402E+02    0.94143833E-03   -0.11522812E-03
    0.20237472E+02    0.94269458E-03   -0.11538265E-03
    0.20295608E+02    0.94520737E-03   -0.11569172E-03
    0.20382809E+02    0.94897862E-03   -0.11615505E-03
    0.20499077E+02    0.95400403E-03   -0.11677211E-03
    0.20644432E+02    0.96027419E-03   -0.11754329E-03
    0.20818920E+02    0.96780793E-03   -0.11846810E-03
    0.21022628E+02    0.97659105E-03   -0.11954744E-03
    0.21255708E+02    0.98662816E-03   -0.12078091E-03
    0.21518400E+02    0.99793968E-03   -0.12216965E-03
    0.21811061E+02    0.10105174E-02   -0.12371526E-03
    0.22134208E+02    0.10243890E-02   -0.12541973E-03
    0.22488569E+02    0.10395809E-02   -0.12728659E-03
    0.22875151E+02    0.10561307E-02   -0.12932041E-03
    0.23295333E+02    0.10740899E-02   -0.13152681E-03
    0.23751004E+02    0.10935390E-02   -0.13391584E-03
    0.24244761E+02    0.11145686E-02   -0.13650047E-03
    0.24780222E+02    0.11373344E-02   -0.13929793E-03
    0.25362537E+02    0.11620370E-02   -0.14233450E-03
    0.25999312E+02    0.11889927E-02   -0.14564702E-03
    0.26702389E+02    0.12186832E-02   -0.14929619E-03
    0.27491857E+02    0.12519299E-02   -0.15338373E-03
    0.28407070E+02    0.12903660E-02   -0.15810902E-03
    0.29551299E+02    0.13382499E-02   -0.16399726E-03
