    0.22381009E-04    0.18038561E+00   -0.19369695E-06
    0.38321279E+00    0.18038561E+00   -0.33126578E-02
    0.11500409E+01    0.18038561E+00   -0.98485622E-02
    0.19180821E+01    0.18038561E+00   -0.16115300E-01
    0.26881637E+01    0.18038561E+00   -0.21930286E-01
    0.34611419E+01    0.18038561E+00   -0.27106100E-01
    0.42379147E+01    0.18038561E+00   -0.31448302E-01
    0.50194369E+01    0.18038561E+00   -0.34752974E-01
    0.58067380E+01    0.18038561E+00   -0.36949148E-01
    0.66009432E+01    0.18038561E+00   -0.38416986E-01
    0.74032998E+01    0.18038561E+00   -0.39446359E-01
    0.82152111E+01    0.18038561E+00   -0.40196101E-01
    0.90382793E+01    0.18038561E+00   -0.40759169E-01
    0.98743644E+01    0.18038561E+00   -0.41192909E-01
    0.10725663E+02    0.18038561E+00   -0.41534266E-01
    0.11594820E+02    0.18038561E+00   -0.41807919E-01
    0.12485092E+02    0.18038561E+00   -0.42030876E-01
    0.13400589E+02    0.18038561E+00   -0.42215182E-01
    0.14346662E+02    0.18038561E+00   -0.42369585E-01
    0.15330546E+02    0.18038561E+00   -0.42500594E-01
    0.16362504E+02    0.18038561E+00   -0.42613189E-01
    0.17458090E+02    0.18038561E+00   -0.42711324E-01
    0.18643216E+02    0.18038561E+00   -0.42798359E-01
    0.19968198E+02    0.18038561E+00   -0.42877623E-01
    0.21564940E+02    0.18038561E+00   -0.42954044E-01
    0.54372427E+00    0.18038561E+00   -0.46946312E-02
    0.66519781E+00    0.18038561E+00   -0.57367488E-02
    0.12720968E+01    0.18038561E+00   -0.10867971E-01
    0.19936587E+01    0.18038561E+00   -0.16709787E-01
    0.27426010E+01    0.18038561E+00   -0.22318689E-01
    0.35035895E+01    0.18038561E+00   -0.27367373E-01
    0.42726522E+01    0.18038561E+00   -0.31619302E-01
    0.50488002E+01    0.18038561E+00   -0.34853744E-01
    0.58321387E+01    0.18038561E+00   -0.37005566E-01
    0.66232988E+01    0.18038561E+00   -0.38450829E-01
    0.74232395E+01    0.18038561E+00   -0.39467771E-01
    0.82331846E+01    0.18038561E+00   -0.40210231E-01
    0.90546192E+01    0.18038561E+00   -0.40768816E-01
    0.98893230E+01    0.18038561E+00   -0.41199680E-01
    0.10739436E+02    0.18038561E+00   -0.41539129E-01
    0.11607562E+02    0.18038561E+00   -0.41811478E-01
    0.12496926E+02    0.18038561E+00   -0.42033521E-01
    0.13411615E+02    0.18038561E+00   -0.42217173E-01
    0.14356962E+02    0.18038561E+00   -0.42371099E-01
    0.15340185E+02    0.18038561E+00   -0.42501753E-01
    0.16371536E+02    0.18038561E+00   -0.42614081E-01
    0.17466555E+02    0.18038561E+00   -0.42712010E-01
    0.18651143E+02    0.18038561E+00   -0.42798885E-01
    0.19975599E+02    0.18038561E+00   -0.42878021E-01
    0.21571793E+02    0.18038561E+00   -0.42954335E-01
    0.12486099E+01    0.18038561E+00   -0.10672393E-01
    0.13060929E+01    0.18038561E+00   -0.11150548E-01
    0.16975337E+01    0.18038561E+00   -0.14355295E-01
    0.22886821E+01    0.18038561E+00   -0.18983874E-01
    0.29639924E+01    0.18038561E+00   -0.23863069E-01
    0.36794742E+01    0.18038561E+00   -0.28421897E-01
    0.44180253E+01    0.18038561E+00   -0.32311666E-01
    0.51724050E+01    0.18038561E+00   -0.35259280E-01
    0.59394640E+01    0.18038561E+00   -0.37236006E-01
    0.67179965E+01    0.18038561E+00   -0.38590456E-01
    0.75078542E+01    0.18038561E+00   -0.39556740E-01
    0.83095559E+01    0.18038561E+00   -0.40269250E-01
    0.91241175E+01    0.18038561E+00   -0.40809268E-01
    0.99529945E+01    0.18038561E+00   -0.41228161E-01
    0.10798096E+02    0.18038561E+00   -0.41559632E-01
    0.11661856E+02    0.18038561E+00   -0.41826512E-01
    0.12547372E+02    0.18038561E+00   -0.42044713E-01
    0.13458633E+02    0.18038561E+00   -0.42225609E-01
    0.14400894E+02    0.18038561E+00   -0.42377518E-01
    0.15381309E+02    0.18038561E+00   -0.42506674E-01
    0.16410075E+02    0.18038561E+00   -0.42617868E-01
    0.17502683E+02    0.18038561E+00   -0.42714927E-01
    0.18684982E+02    0.18038561E+00   -0.42801122E-01
    0.20007198E+02    0.18038561E+00   -0.42879715E-01
    0.21601057E+02    0.18038561E+00   -0.42955575E-01
    0.19589417E+01    0.18038561E+00   -0.16437275E-01
    0.19960723E+01    0.18038561E+00   -0.16728696E-01
    0.22715736E+01    0.18038561E+00   -0.18854141E-01
    0.27416221E+01    0.18038561E+00   -0.22311733E-01
    0.33262106E+01    0.18038561E+00   -0.26258650E-01
    0.39770537E+01    0.18038561E+00   -0.30098027E-01
    0.46687657E+01    0.18038561E+00   -0.33414704E-01
    0.53881536E+01    0.18038561E+00   -0.35901386E-01
    0.61282672E+01    0.18038561E+00   -0.37612377E-01
    0.68854850E+01    0.18038561E+00   -0.38823440E-01
    0.76580873E+01    0.18038561E+00   -0.39707490E-01
    0.84455400E+01    0.18038561E+00   -0.40370394E-01
    0.92481320E+01    0.18038561E+00   -0.40879194E-01
    0.10066803E+02    0.18038561E+00   -0.41277726E-01
    0.10903087E+02    0.18038561E+00   -0.41595503E-01
    0.11759137E+02    0.18038561E+00   -0.41852927E-01
    0.12637839E+02    0.18038561E+00   -0.42064448E-01
    0.13543014E+02    0.18038561E+00   -0.42240527E-01
    0.14479785E+02    0.18038561E+00   -0.42388899E-01
    0.15455196E+02    0.18038561E+00   -0.42515415E-01
    0.16479351E+02    0.18038561E+00   -0.42624608E-01
    0.17567651E+02    0.18038561E+00   -0.42720127E-01
    0.18745852E+02    0.18038561E+00   -0.42805117E-01
    0.20064057E+02    0.18038561E+00   -0.42882744E-01
    0.21653731E+02    0.18038561E+00   -0.42957793E-01
    0.26722565E+01    0.18038561E+00   -0.21816167E-01
    0.26995938E+01    0.18038561E+00   -0.22012112E-01
    0.29092179E+01    0.18038561E+00   -0.23486375E-01
    0.32893759E+01    0.18038561E+00   -0.26022926E-01
    0.37904062E+01    0.18038561E+00   -0.29063008E-01
    0.43726946E+01    0.18038561E+00   -0.32099841E-01
    0.50100774E+01    0.18038561E+00   -0.34720481E-01
    0.56864489E+01    0.18038561E+00   -0.36671620E-01
    0.63921171E+01    0.18038561E+00   -0.38083497E-01
    0.71213345E+01    0.18038561E+00   -0.39124039E-01
    0.78708197E+01    0.18038561E+00   -0.39906353E-01
    0.86389031E+01    0.18038561E+00   -0.40506062E-01
    0.94250437E+01    0.18038561E+00   -0.40974200E-01
    0.10229566E+02    0.18038561E+00   -0.41345749E-01
    0.11053542E+02    0.18038561E+00   -0.41645130E-01
    0.11898773E+02    0.18038561E+00   -0.41889713E-01
    0.12767869E+02    0.18038561E+00   -0.42092078E-01
    0.13664433E+02    0.18038561E+00   -0.42261506E-01
    0.14593412E+02    0.18038561E+00   -0.42404966E-01
    0.15561703E+02    0.18038561E+00   -0.42527795E-01
    0.16579279E+02    0.18038561E+00   -0.42634180E-01
    0.17661423E+02    0.18038561E+00   -0.42727531E-01
    0.18833759E+02    0.18038561E+00   -0.42810816E-01
    0.20146213E+02    0.18038561E+00   -0.42887074E-01
    0.21729878E+02    0.18038561E+00   -0.42960970E-01
    0.33887553E+01    0.18038561E+00   -0.26654633E-01
    0.34103540E+01    0.18038561E+00   -0.26790115E-01
    0.35785830E+01    0.18038561E+00   -0.27822593E-01
    0.38939314E+01    0.18038561E+00   -0.29643981E-01
    0.43254927E+01    0.18038561E+00   -0.31875336E-01
    0.48438792E+01    0.18038561E+00   -0.34113683E-01
    0.54261942E+01    0.18038561E+00   -0.36006728E-01
    0.60562703E+01    0.18038561E+00   -0.37473003E-01
    0.67232335E+01    0.18038561E+00   -0.38598006E-01
    0.74199807E+01    0.18038561E+00   -0.39464283E-01
    0.81420213E+01    0.18038561E+00   -0.40137592E-01
    0.88866954E+01    0.18038561E+00   -0.40667119E-01
    0.96526761E+01    0.18038561E+00   -0.41088826E-01
    0.10439671E+02    0.18038561E+00   -0.41428883E-01
    0.11248267E+02    0.18038561E+00   -0.41706416E-01
    0.12079881E+02    0.18038561E+00   -0.41935528E-01
    0.12936815E+02    0.18038561E+00   -0.42126734E-01
    0.13822425E+02    0.18038561E+00   -0.42287976E-01
    0.14741451E+02    0.18038561E+00   -0.42425338E-01
    0.15700615E+02    0.18038561E+00   -0.42543560E-01
    0.16709734E+02    0.18038561E+00   -0.42646416E-01
    0.17783941E+02    0.18038561E+00   -0.42737025E-01
    0.18948698E+02    0.18038561E+00   -0.42818146E-01
    0.20253706E+02    0.18038561E+00   -0.42892658E-01
    0.21829574E+02    0.18038561E+00   -0.42965078E-01
    0.41090790E+01    0.18038561E+00   -0.30795821E-01
    0.41269096E+01    0.18038561E+00   -0.30887818E-01
    0.42669807E+01    0.18038561E+00   -0.31591528E-01
    0.45347072E+01    0.18038561E+00   -0.32839602E-01
    0.49102703E+01    0.18038561E+00   -0.34362801E-01
    0.53725258E+01    0.18038561E+00   -0.35857459E-01
    0.59029189E+01    0.18038561E+00   -0.37158950E-01
    0.64868542E+01    0.18038561E+00   -0.38238785E-01
    0.71135601E+01    0.18038561E+00   -0.39114605E-01
    0.77754087E+01    0.18038561E+00   -0.39819182E-01
    0.84671943E+01    0.18038561E+00   -0.40386051E-01
    0.91855443E+01    0.18038561E+00   -0.40844258E-01
    0.99284955E+01    0.18038561E+00   -0.41217268E-01
    0.10695214E+02    0.18038561E+00   -0.41523448E-01
    0.11485834E+02    0.18038561E+00   -0.41776990E-01
    0.12301398E+02    0.18038561E+00   -0.41988824E-01
    0.13143898E+02    0.18038561E+00   -0.42167392E-01
    0.14016430E+02    0.18038561E+00   -0.42319254E-01
    0.14923513E+02    0.18038561E+00   -0.42449559E-01
    0.15871678E+02    0.18038561E+00   -0.42562402E-01
    0.16870568E+02    0.18038561E+00   -0.42661108E-01
    0.17935145E+02    0.18038561E+00   -0.42748470E-01
    0.19090679E+02    0.18038561E+00   -0.42827016E-01
    0.20386600E+02    0.18038561E+00   -0.42899437E-01
    0.21952930E+02    0.18038561E+00   -0.42970081E-01
    0.48340304E+01    0.18038561E+00   -0.34075975E-01
    0.48491960E+01    0.18038561E+00   -0.34133959E-01
    0.49689480E+01    0.18038561E+00   -0.34575553E-01
    0.52006624E+01    0.18038561E+00   -0.35347951E-01
    0.55311910E+01    0.18038561E+00   -0.36286286E-01
    0.59453640E+01    0.18038561E+00   -0.37248313E-01
    0.64286679E+01    0.18038561E+00   -0.38144223E-01
    0.69686869E+01    0.18038561E+00   -0.38932977E-01
    0.75555315E+01    0.18038561E+00   -0.39605557E-01
    0.81817053E+01    0.18038561E+00   -0.40169511E-01
    0.88417588E+01    0.18038561E+00   -0.40638916E-01
    0.95319223E+01    0.18038561E+00   -0.41029045E-01
    0.10249797E+02    0.18038561E+00   -0.41353977E-01
    0.10994131E+02    0.18038561E+00   -0.41625778E-01
    0.11764680E+02    0.18038561E+00   -0.41854413E-01
    0.12562154E+02    0.18038561E+00   -0.42047967E-01
    0.13388255E+02    0.18038561E+00   -0.42212949E-01
    0.14245828E+02    0.18038561E+00   -0.42354590E-01
    0.15139173E+02    0.18038561E+00   -0.42477117E-01
    0.16074622E+02    0.18038561E+00   -0.42583972E-01
    0.17061635E+02    0.18038561E+00   -0.42678017E-01
    0.18114987E+02    0.18038561E+00   -0.42761707E-01
    0.19259734E+02    0.18038561E+00   -0.42837317E-01
    0.20544994E+02    0.18038561E+00   -0.42907342E-01
    0.22100101E+02    0.18038561E+00   -0.42975938E-01
    0.55645216E+01    0.18038561E+00   -0.36371736E-01
    0.55777013E+01    0.18038561E+00   -0.36405103E-01
    0.56821206E+01    0.18038561E+00   -0.36661304E-01
    0.58858253E+01    0.18038561E+00   -0.37122414E-01
    0.61798159E+01    0.18038561E+00   -0.37709186E-01
    0.65531217E+01    0.18038561E+00   -0.38343425E-01
    0.69945565E+01    0.18038561E+00   -0.38966240E-01
    0.74939073E+01    0.18038561E+00   -0.39542282E-01
    0.80425187E+01    0.18038561E+00   -0.40055468E-01
    0.86334437E+01    0.18038561E+00   -0.40502357E-01
    0.92613578E+01    0.18038561E+00   -0.40886486E-01
    0.99223784E+01    0.18038561E+00   -0.41214535E-01
    0.10613877E+02    0.18038561E+00   -0.41494091E-01
    0.11334327E+02    0.18038561E+00   -0.41732497E-01
    0.12083201E+02    0.18038561E+00   -0.41936348E-01
    0.12860939E+02    0.18038561E+00   -0.42111339E-01
    0.13668995E+02    0.18038561E+00   -0.42262283E-01
    0.14509985E+02    0.18038561E+00   -0.42393207E-01
    0.15388002E+02    0.18038561E+00   -0.42507471E-01
    0.16309186E+02    0.18038561E+00   -0.42607896E-01
    0.17282808E+02    0.18038561E+00   -0.42696884E-01
    0.18323449E+02    0.18038561E+00   -0.42776557E-01
    0.19455935E+02    0.18038561E+00   -0.42848930E-01
    0.20729034E+02    0.18038561E+00   -0.42916295E-01
    0.22271294E+02    0.18038561E+00   -0.42982601E-01
    0.63015714E+01    0.18038561E+00   -0.37928480E-01
    0.63132126E+01    0.18038561E+00   -0.37948785E-01
    0.64056534E+01    0.18038561E+00   -0.38106108E-01
    0.65870206E+01    0.18038561E+00   -0.38395735E-01
    0.68509872E+01    0.18038561E+00   -0.38776847E-01
    0.71895275E+01    0.18038561E+00   -0.39205484E-01
    0.75940584E+01    0.18038561E+00   -0.39644335E-01
    0.80563359E+01    0.18038561E+00   -0.40067054E-01
    0.85690144E+01    0.18038561E+00   -0.40458087E-01
    0.91259110E+01    0.18038561E+00   -0.40810299E-01
    0.97220703E+01    0.18038561E+00   -0.41122176E-01
    0.10353719E+02    0.18038561E+00   -0.41395487E-01
    0.11018180E+02    0.18038561E+00   -0.41633649E-01
    0.11713790E+02    0.18038561E+00   -0.41840696E-01
    0.12439841E+02    0.18038561E+00   -0.42020690E-01
    0.13196577E+02    0.18038561E+00   -0.42177429E-01
    0.13985253E+02    0.18038561E+00   -0.42314316E-01
    0.14808294E+02    0.18038561E+00   -0.42434335E-01
    0.15669605E+02    0.18038561E+00   -0.42540077E-01
    0.16575145E+02    0.18038561E+00   -0.42633788E-01
    0.17534006E+02    0.18038561E+00   -0.42717442E-01
    0.18560568E+02    0.18038561E+00   -0.42792833E-01
    0.19679413E+02    0.18038561E+00   -0.42861729E-01
    0.20938929E+02    0.18038561E+00   -0.42926211E-01
    0.22466785E+02    0.18038561E+00   -0.42990018E-01
    0.70463215E+01    0.18038561E+00   -0.39031702E-01
    0.70567343E+01    0.18038561E+00   -0.39044696E-01
    0.71395546E+01    0.18038561E+00   -0.39146029E-01
    0.73027177E+01    0.18038561E+00   -0.39335661E-01
    0.75416756E+01    0.18038561E+00   -0.39591466E-01
    0.78504872E+01    0.18038561E+00   -0.39888043E-01
    0.82225645E+01    0.18038561E+00   -0.40201893E-01
    0.86513232E+01    0.18038561E+00   -0.40514466E-01
    0.91306545E+01    0.18038561E+00   -0.40813025E-01
    0.96552109E+01    0.18038561E+00   -0.41090057E-01
    0.10220543E+02    0.18038561E+00   -0.41342063E-01
    0.10823139E+02    0.18038561E+00   -0.41568283E-01
    0.11460416E+02    0.18038561E+00   -0.41769649E-01
    0.12130693E+02    0.18038561E+00   -0.41948013E-01
    0.12833179E+02    0.18038561E+00   -0.42105638E-01
    0.13567995E+02    0.18038561E+00   -0.42244889E-01
    0.14336253E+02    0.18038561E+00   -0.42368052E-01
    0.15140225E+02    0.18038561E+00   -0.42477248E-01
    0.15983659E+02    0.18038561E+00   -0.42574407E-01
    0.16872353E+02    0.18038561E+00   -0.42661268E-01
    0.17815224E+02    0.18038561E+00   -0.42739417E-01
    0.18826459E+02    0.18038561E+00   -0.42810346E-01
    0.19930383E+02    0.18038561E+00   -0.42875582E-01
    0.21174975E+02    0.18038561E+00   -0.42937004E-01
    0.22686941E+02    0.18038561E+00   -0.42998136E-01
    0.78000634E+01    0.18038561E+00   -0.39842015E-01
    0.78094713E+01    0.18038561E+00   -0.39850670E-01
    0.78843886E+01    0.18038561E+00   -0.39918493E-01
    0.80324360E+01    0.18038561E+00   -0.40046975E-01
    0.82502857E+01    0.18038561E+00   -0.40223589E-01
    0.85334924E+01    0.18038561E+00   -0.40433249E-01
    0.88769877E+01    0.18038561E+00   -0.40661063E-01
    0.92755451E+01    0.18038561E+00   -0.40894273E-01
    0.97241553E+01    0.18038561E+00   -0.41123166E-01
    0.10218289E+02    0.18038561E+00   -0.41341141E-01
    0.10754061E+02    0.18038561E+00   -0.41544272E-01
    0.11328313E+02    0.18038561E+00   -0.41730694E-01
    0.11938655E+02    0.18038561E+00   -0.41899982E-01
    0.12583484E+02    0.18038561E+00   -0.42052642E-01
    0.13262007E+02    0.18038561E+00   -0.42189728E-01
    0.13974292E+02    0.18038561E+00   -0.42312572E-01
    0.14721362E+02    0.18038561E+00   -0.42422610E-01
    0.15505378E+02    0.18038561E+00   -0.42521280E-01
    0.16329963E+02    0.18038561E+00   -0.42609965E-01
    0.17200774E+02    0.18038561E+00   -0.42689972E-01
    0.18126570E+02    0.18038561E+00   -0.42762546E-01
    0.19121346E+02    0.18038561E+00   -0.42828905E-01
    0.20209169E+02    0.18038561E+00   -0.42890355E-01
    0.21437582E+02    0.18038561E+00   -0.42948584E-01
    0.22932240E+02    0.18038561E+00   -0.43006897E-01
    0.85642773E+01    0.18038561E+00   -0.40454793E-01
    0.85728465E+01    0.18038561E+00   -0.40460748E-01
    0.86411480E+01    0.18038561E+00   -0.40507584E-01
    0.87764392E+01    0.18038561E+00   -0.40597143E-01
    0.89762503E+01    0.18038561E+00   -0.40722066E-01
    0.92372263E+01    0.18038561E+00   -0.40873158E-01
    0.95554574E+01    0.18038561E+00   -0.41040875E-01
    0.99268118E+01    0.18038561E+00   -0.41216516E-01
    0.10347224E+02    0.18038561E+00   -0.41392929E-01
    0.10812923E+02    0.18038561E+00   -0.41564761E-01
    0.11320587E+02    0.18038561E+00   -0.41728373E-01
    0.11867457E+02    0.18038561E+00   -0.41881576E-01
    0.12451399E+02    0.18038561E+00   -0.42023303E-01
    0.13070957E+02    0.18038561E+00   -0.42153293E-01
    0.13725403E+02    0.18038561E+00   -0.42271830E-01
    0.14414808E+02    0.18038561E+00   -0.42379540E-01
    0.15140157E+02    0.18038561E+00   -0.42477240E-01
    0.15903541E+02    0.18038561E+00   -0.42565844E-01
    0.16708488E+02    0.18038561E+00   -0.42646301E-01
    0.17560538E+02    0.18038561E+00   -0.42719561E-01
    0.18468308E+02    0.18038561E+00   -0.42786576E-01
    0.19445610E+02    0.18038561E+00   -0.42848328E-01
    0.20516246E+02    0.18038561E+00   -0.42905921E-01
    0.21727305E+02    0.18038561E+00   -0.42960863E-01
    0.23203307E+02    0.18038561E+00   -0.43016248E-01
    0.93406847E+01    0.18038561E+00   -0.40929572E-01
    0.93485422E+01    0.18038561E+00   -0.40933780E-01
    0.94112159E+01    0.18038561E+00   -0.40966967E-01
    0.95355875E+01    0.18038561E+00   -0.41030893E-01
    0.97198053E+01    0.18038561E+00   -0.41121098E-01
    0.99613199E+01    0.18038561E+00   -0.41231845E-01
    0.10257110E+02    0.18038561E+00   -0.41356940E-01
    0.10603921E+02    0.18038561E+00   -0.41490451E-01
    0.10998482E+02    0.18038561E+00   -0.41627206E-01
    0.11437694E+02    0.18038561E+00   -0.41763045E-01
    0.11918777E+02    0.18038561E+00   -0.41894876E-01
    0.12439376E+02    0.18038561E+00   -0.42020585E-01
    0.12997649E+02    0.18038561E+00   -0.42138881E-01
    0.13592331E+02    0.18038561E+00   -0.42249116E-01
    0.14222807E+02    0.18038561E+00   -0.42351122E-01
    0.14889199E+02    0.18038561E+00   -0.42445062E-01
    0.15592495E+02    0.18038561E+00   -0.42531326E-01
    0.16334753E+02    0.18038561E+00   -0.42610441E-01
    0.17119436E+02    0.18038561E+00   -0.42683019E-01
    0.17951992E+02    0.18038561E+00   -0.42749728E-01
    0.18840911E+02    0.18038561E+00   -0.42811276E-01
    0.19799830E+02    0.18038561E+00   -0.42868443E-01
    0.20852288E+02    0.18038561E+00   -0.42922155E-01
    0.22044893E+02    0.18038561E+00   -0.42973755E-01
    0.23500958E+02    0.18038561E+00   -0.43026132E-01
    0.10131322E+02    0.18038561E+00   -0.41305084E-01
    0.10138567E+02    0.18038561E+00   -0.41308123E-01
    0.10196385E+02    0.18038561E+00   -0.41332146E-01
    0.10311291E+02    0.18038561E+00   -0.41378692E-01
    0.10481885E+02    0.18038561E+00   -0.41444984E-01
    0.10706222E+02    0.18038561E+00   -0.41527369E-01
    0.10981967E+02    0.18038561E+00   -0.41621777E-01
    0.11306566E+02    0.18038561E+00   -0.41724149E-01
    0.11677409E+02    0.18038561E+00   -0.41830780E-01
    0.12091986E+02    0.18038561E+00   -0.41938516E-01
    0.12548009E+02    0.18038561E+00   -0.42044854E-01
    0.13043519E+02    0.18038561E+00   -0.42147927E-01
    0.13576972E+02    0.18038561E+00   -0.42246451E-01
    0.14147323E+02    0.18038561E+00   -0.42339629E-01
    0.14754102E+02    0.18038561E+00   -0.42427051E-01
    0.15397517E+02    0.18038561E+00   -0.42508602E-01
    0.16078594E+02    0.18038561E+00   -0.42584386E-01
    0.16799389E+02    0.18038561E+00   -0.42654658E-01
    0.17563325E+02    0.18038561E+00   -0.42719783E-01
    0.18375781E+02    0.18038561E+00   -0.42780204E-01
    0.19245135E+02    0.18038561E+00   -0.42836438E-01
    0.20184860E+02    0.18038561E+00   -0.42889092E-01
    0.21218228E+02    0.18038561E+00   -0.42938942E-01
    0.22391351E+02    0.18038561E+00   -0.42987180E-01
    0.23826252E+02    0.18038561E+00   -0.43036498E-01
    0.10938643E+02    0.18038561E+00   -0.41607417E-01
    0.10945354E+02    0.18038561E+00   -0.41609652E-01
    0.10998932E+02    0.18038561E+00   -0.41627353E-01
    0.11105537E+02    0.18038561E+00   -0.41661812E-01
    0.11264109E+02    0.18038561E+00   -0.41711262E-01
    0.11473161E+02    0.18038561E+00   -0.41773336E-01
    0.11730893E+02    0.18038561E+00   -0.41845326E-01
    0.12035309E+02    0.18038561E+00   -0.41924445E-01
    0.12384350E+02    0.18038561E+00   -0.42008047E-01
    0.12776008E+02    0.18038561E+00   -0.42093779E-01
    0.13208435E+02    0.18038561E+00   -0.42179672E-01
    0.13680044E+02    0.18038561E+00   -0.42264163E-01
    0.14189588E+02    0.18038561E+00   -0.42346087E-01
    0.14736248E+02    0.18038561E+00   -0.42424633E-01
    0.15319718E+02    0.18038561E+00   -0.42499290E-01
    0.15940319E+02    0.18038561E+00   -0.42569791E-01
    0.16599139E+02    0.18038561E+00   -0.42636062E-01
    0.17298257E+02    0.18038561E+00   -0.42698175E-01
    0.18041082E+02    0.18038561E+00   -0.42756316E-01
    0.18832938E+02    0.18038561E+00   -0.42810763E-01
    0.19682110E+02    0.18038561E+00   -0.42861881E-01
    0.20601913E+02    0.18038561E+00   -0.42910137E-01
    0.21615352E+02    0.18038561E+00   -0.42956178E-01
    0.22768023E+02    0.18038561E+00   -0.43001064E-01
    0.24180582E+02    0.18038561E+00   -0.43047299E-01
    0.11765673E+02    0.18038561E+00   -0.41854678E-01
    0.11771912E+02    0.18038561E+00   -0.41856347E-01
    0.11821745E+02    0.18038561E+00   -0.41869582E-01
    0.11920994E+02    0.18038561E+00   -0.41895447E-01
    0.12068856E+02    0.18038561E+00   -0.41932798E-01
    0.12264198E+02    0.18038561E+00   -0.41980076E-01
    0.12505638E+02    0.18038561E+00   -0.42035464E-01
    0.12791630E+02    0.18038561E+00   -0.42097036E-01
    0.13120566E+02    0.18038561E+00   -0.42162908E-01
    0.13490867E+02    0.18038561E+00   -0.42231341E-01
    0.13901075E+02    0.18038561E+00   -0.42300815E-01
    0.14349939E+02    0.18038561E+00   -0.42370067E-01
    0.14836494E+02    0.18038561E+00   -0.42438095E-01
    0.15360147E+02    0.18038561E+00   -0.42504147E-01
    0.15920769E+02    0.18038561E+00   -0.42567697E-01
    0.16518805E+02    0.18038561E+00   -0.42628408E-01
    0.17155424E+02    0.18038561E+00   -0.42686108E-01
    0.17832746E+02    0.18038561E+00   -0.42740751E-01
    0.18554185E+02    0.18038561E+00   -0.42792403E-01
    0.19325028E+02    0.18038561E+00   -0.42841222E-01
    0.20153476E+02    0.18038561E+00   -0.42887454E-01
    0.21052695E+02    0.18038561E+00   -0.42931459E-01
    0.22045420E+02    0.18038561E+00   -0.42973776E-01
    0.23176712E+02    0.18038561E+00   -0.43015345E-01
    0.24565783E+02    0.18038561E+00   -0.43058495E-01
    0.12616229E+02    0.18038561E+00   -0.42059773E-01
    0.12622047E+02    0.18038561E+00   -0.42061034E-01
    0.12668537E+02    0.18038561E+00   -0.42071048E-01
    0.12761202E+02    0.18038561E+00   -0.42090682E-01
    0.12899436E+02    0.18038561E+00   -0.42119184E-01
    0.13082382E+02    0.18038561E+00   -0.42155517E-01
    0.13308988E+02    0.18038561E+00   -0.42198447E-01
    0.13578070E+02    0.18038561E+00   -0.42246642E-01
    0.13888392E+02    0.18038561E+00   -0.42298760E-01
    0.14238739E+02    0.18038561E+00   -0.42353524E-01
    0.14627989E+02    0.18038561E+00   -0.42409780E-01
    0.15055196E+02    0.18038561E+00   -0.42466528E-01
    0.15519656E+02    0.18038561E+00   -0.42522938E-01
    0.16020996E+02    0.18038561E+00   -0.42578353E-01
    0.16559259E+02    0.18038561E+00   -0.42632277E-01
    0.17135025E+02    0.18038561E+00   -0.42684360E-01
    0.17749556E+02    0.18038561E+00   -0.42734380E-01
    0.18405027E+02    0.18038561E+00   -0.42782229E-01
    0.19104867E+02    0.18038561E+00   -0.42827891E-01
    0.19854341E+02    0.18038561E+00   -0.42871441E-01
    0.20661577E+02    0.18038561E+00   -0.42913042E-01
    0.21539594E+02    0.18038561E+00   -0.42952966E-01
    0.22510858E+02    0.18038561E+00   -0.42991663E-01
    0.23619868E+02    0.18038561E+00   -0.43029973E-01
    0.24984312E+02    0.18038561E+00   -0.43070053E-01
    0.13495285E+02    0.18038561E+00   -0.42232123E-01
    0.13500725E+02    0.18038561E+00   -0.42233085E-01
    0.13544199E+02    0.18038561E+00   -0.42240734E-01
    0.13630912E+02    0.18038561E+00   -0.42255770E-01
    0.13760413E+02    0.18038561E+00   -0.42277696E-01
    0.13932058E+02    0.18038561E+00   -0.42305813E-01
    0.14145057E+02    0.18038561E+00   -0.42339281E-01
    0.14398523E+02    0.18038561E+00   -0.42377174E-01
    0.14691526E+02    0.18038561E+00   -0.42418537E-01
    0.15023155E+02    0.18038561E+00   -0.42462440E-01
    0.15392582E+02    0.18038561E+00   -0.42508016E-01
    0.15799127E+02    0.18038561E+00   -0.42554486E-01
    0.16242328E+02    0.18038561E+00   -0.42601184E-01
    0.16722015E+02    0.18038561E+00   -0.42647553E-01
    0.17238404E+02    0.18038561E+00   -0.42693155E-01
    0.17792206E+02    0.18038561E+00   -0.42737658E-01
    0.18384783E+02    0.18038561E+00   -0.42780828E-01
    0.19018373E+02    0.18038561E+00   -0.42822524E-01
    0.19696432E+02    0.18038561E+00   -0.42862685E-01
    0.20424210E+02    0.18038561E+00   -0.42901331E-01
    0.21209768E+02    0.18038561E+00   -0.42938564E-01
    0.22065983E+02    0.18038561E+00   -0.42974591E-01
    0.23015044E+02    0.18038561E+00   -0.43009790E-01
    0.24100864E+02    0.18038561E+00   -0.43044912E-01
    0.25439523E+02    0.18038561E+00   -0.43081955E-01
    0.14409567E+02    0.18038561E+00   -0.42378779E-01
    0.14414662E+02    0.18038561E+00   -0.42379518E-01
    0.14455387E+02    0.18038561E+00   -0.42385400E-01
    0.14536666E+02    0.18038561E+00   -0.42396990E-01
    0.14658167E+02    0.18038561E+00   -0.42413954E-01
    0.14819417E+02    0.18038561E+00   -0.42435821E-01
    0.15019839E+02    0.18038561E+00   -0.42462016E-01
    0.15258780E+02    0.18038561E+00   -0.42491895E-01
    0.15535567E+02    0.18038561E+00   -0.42524781E-01
    0.15849545E+02    0.18038561E+00   -0.42559999E-01
    0.16200138E+02    0.18038561E+00   -0.42596905E-01
    0.16586902E+02    0.18038561E+00   -0.42634903E-01
    0.17009589E+02    0.18038561E+00   -0.42673468E-01
    0.17468220E+02    0.18038561E+00   -0.42712145E-01
    0.17963170E+02    0.18038561E+00   -0.42750560E-01
    0.18495283E+02    0.18038561E+00   -0.42788415E-01
    0.19066021E+02    0.18038561E+00   -0.42825490E-01
    0.19677688E+02    0.18038561E+00   -0.42861632E-01
    0.20333773E+02    0.18038561E+00   -0.42896759E-01
    0.21039517E+02    0.18038561E+00   -0.42930856E-01
    0.21802917E+02    0.18038561E+00   -0.42963985E-01
    0.22636707E+02    0.18038561E+00   -0.42996305E-01
    0.23562791E+02    0.18038561E+00   -0.43028137E-01
    0.24624471E+02    0.18038561E+00   -0.43060153E-01
    0.25936119E+02    0.18038561E+00   -0.43094198E-01
    0.15368618E+02    0.18038561E+00   -0.42505160E-01
    0.15373395E+02    0.18038561E+00   -0.42505730E-01
    0.15411587E+02    0.18038561E+00   -0.42510271E-01
    0.15487849E+02    0.18038561E+00   -0.42519238E-01
    0.15601944E+02    0.18038561E+00   -0.42532405E-01
    0.15753537E+02    0.18038561E+00   -0.42549455E-01
    0.15942219E+02    0.18038561E+00   -0.42569994E-01
    0.16167534E+02    0.18038561E+00   -0.42593575E-01
    0.16429018E+02    0.18038561E+00   -0.42619719E-01
    0.16726233E+02    0.18038561E+00   -0.42647943E-01
    0.17058818E+02    0.18038561E+00   -0.42677771E-01
    0.17426535E+02    0.18038561E+00   -0.42708757E-01
    0.17829327E+02    0.18038561E+00   -0.42740491E-01
    0.18267389E+02    0.18038561E+00   -0.42772614E-01
    0.18741245E+02    0.18038561E+00   -0.42804816E-01
    0.19251864E+02    0.18038561E+00   -0.42836843E-01
    0.19800806E+02    0.18038561E+00   -0.42868497E-01
    0.20390444E+02    0.18038561E+00   -0.42899631E-01
    0.21024299E+02    0.18038561E+00   -0.42930158E-01
    0.21707604E+02    0.18038561E+00   -0.42960044E-01
    0.22448295E+02    0.18038561E+00   -0.42989325E-01
    0.23258962E+02    0.18038561E+00   -0.43018126E-01
    0.24161207E+02    0.18038561E+00   -0.43046721E-01
    0.25197685E+02    0.18038561E+00   -0.43075716E-01
    0.26480956E+02    0.18038561E+00   -0.43106809E-01
    0.16386899E+02    0.18038561E+00   -0.42615594E-01
    0.16391380E+02    0.18038561E+00   -0.42616034E-01
    0.16427205E+02    0.18038561E+00   -0.42619543E-01
    0.16498773E+02    0.18038561E+00   -0.42626482E-01
    0.16605924E+02    0.18038561E+00   -0.42636703E-01
    0.16748432E+02    0.18038561E+00   -0.42649990E-01
    0.16926027E+02    0.18038561E+00   -0.42666075E-01
    0.17138414E+02    0.18038561E+00   -0.42684650E-01
    0.17385301E+02    0.18038561E+00   -0.42705381E-01
    0.17666435E+02    0.18038561E+00   -0.42727923E-01
    0.17981638E+02    0.18038561E+00   -0.42751931E-01
    0.18330853E+02    0.18038561E+00   -0.42777075E-01
    0.18714192E+02    0.18038561E+00   -0.42803044E-01
    0.19132003E+02    0.18038561E+00   -0.42829559E-01
    0.19584951E+02    0.18038561E+00   -0.42856374E-01
    0.20074121E+02    0.18038561E+00   -0.42883277E-01
    0.20601165E+02    0.18038561E+00   -0.42910100E-01
    0.21168520E+02    0.18038561E+00   -0.42936714E-01
    0.21779743E+02    0.18038561E+00   -0.42963032E-01
    0.22440056E+02    0.18038561E+00   -0.42989016E-01
    0.23157332E+02    0.18038561E+00   -0.43014686E-01
    0.23944005E+02    0.18038561E+00   -0.43040143E-01
    0.24821361E+02    0.18038561E+00   -0.43065625E-01
    0.25831365E+02    0.18038561E+00   -0.43091677E-01
    0.27084628E+02    0.18038561E+00   -0.43119857E-01
    0.17488511E+02    0.18038561E+00   -0.42713785E-01
    0.17492709E+02    0.18038561E+00   -0.42714124E-01
    0.17526284E+02    0.18038561E+00   -0.42716823E-01
    0.17593381E+02    0.18038561E+00   -0.42722171E-01
    0.17693904E+02    0.18038561E+00   -0.42730067E-01
    0.17827718E+02    0.18038561E+00   -0.42740369E-01
    0.17994664E+02    0.18038561E+00   -0.42752896E-01
    0.18194581E+02    0.18038561E+00   -0.42767438E-01
    0.18427323E+02    0.18038561E+00   -0.42783766E-01
    0.18692792E+02    0.18038561E+00   -0.42801637E-01
    0.18990968E+02    0.18038561E+00   -0.42820808E-01
    0.19321949E+02    0.18038561E+00   -0.42841038E-01
    0.19685998E+02    0.18038561E+00   -0.42862099E-01
    0.20083603E+02    0.18038561E+00   -0.42883779E-01
    0.20515552E+02    0.18038561E+00   -0.42905887E-01
    0.20983038E+02    0.18038561E+00   -0.42928256E-01
    0.21487800E+02    0.18038561E+00   -0.42950749E-01
    0.22032335E+02    0.18038561E+00   -0.42973256E-01
    0.22620228E+02    0.18038561E+00   -0.42995702E-01
    0.23256691E+02    0.18038561E+00   -0.43018049E-01
    0.23949521E+02    0.18038561E+00   -0.43040312E-01
    0.24710988E+02    0.18038561E+00   -0.43062574E-01
    0.25562033E+02    0.18038561E+00   -0.43085045E-01
    0.26543869E+02    0.18038561E+00   -0.43108212E-01
    0.27764990E+02    0.18038561E+00   -0.43133499E-01
    0.18720244E+02    0.18038561E+00   -0.42803441E-01
    0.18724166E+02    0.18038561E+00   -0.42803698E-01
    0.18755536E+02    0.18038561E+00   -0.42805749E-01
    0.18818251E+02    0.18038561E+00   -0.42809817E-01
    0.18912265E+02    0.18038561E+00   -0.42815838E-01
    0.19037517E+02    0.18038561E+00   -0.42823718E-01
    0.19193944E+02    0.18038561E+00   -0.42833341E-01
    0.19381494E+02    0.18038561E+00   -0.42844566E-01
    0.19600147E+02    0.18038561E+00   -0.42857240E-01
    0.19849937E+02    0.18038561E+00   -0.42871200E-01
    0.20130981E+02    0.18038561E+00   -0.42886275E-01
    0.20443513E+02    0.18038561E+00   -0.42902299E-01
    0.20787930E+02    0.18038561E+00   -0.42919108E-01
    0.21164844E+02    0.18038561E+00   -0.42936548E-01
    0.21575157E+02    0.18038561E+00   -0.42954478E-01
    0.22020159E+02    0.18038561E+00   -0.42972771E-01
    0.22501668E+02    0.18038561E+00   -0.42991321E-01
    0.23022235E+02    0.18038561E+00   -0.43010040E-01
    0.23585467E+02    0.18038561E+00   -0.43028868E-01
    0.24196553E+02    0.18038561E+00   -0.43047774E-01
    0.24863208E+02    0.18038561E+00   -0.43066771E-01
    0.25597509E+02    0.18038561E+00   -0.43085931E-01
    0.26420012E+02    0.18038561E+00   -0.43105439E-01
    0.27371088E+02    0.18038561E+00   -0.43125732E-01
    0.28556859E+02    0.18038561E+00   -0.43148094E-01
    0.20204768E+02    0.18038561E+00   -0.42890127E-01
    0.20208402E+02    0.18038561E+00   -0.42890316E-01
    0.20237472E+02    0.18038561E+00   -0.42891821E-01
    0.20295608E+02    0.18038561E+00   -0.42894810E-01
    0.20382809E+02    0.18038561E+00   -0.42899246E-01
    0.20499077E+02    0.18038561E+00   -0.42905070E-01
    0.20644432E+02    0.18038561E+00   -0.42912210E-01
    0.20818920E+02    0.18038561E+00   -0.42920579E-01
    0.21022628E+02    0.18038561E+00   -0.42930081E-01
    0.21255708E+02    0.18038561E+00   -0.42940611E-01
    0.21518400E+02    0.18038561E+00   -0.42952061E-01
    0.21811061E+02    0.18038561E+00   -0.42964319E-01
    0.22134208E+02    0.18038561E+00   -0.42977278E-01
    0.22488569E+02    0.18038561E+00   -0.42990832E-01
    0.22875151E+02    0.18038561E+00   -0.43004884E-01
    0.23295333E+02    0.18038561E+00   -0.43019346E-01
    0.23751004E+02    0.18038561E+00   -0.43034139E-01
    0.24244761E+02    0.18038561E+00   -0.43049203E-01
    0.24780222E+02    0.18038561E+00   -0.43064493E-01
    0.25362537E+02    0.18038561E+00   -0.43079989E-01
    0.25999312E+02    0.18038561E+00   -0.43095704E-01
    0.26702389E+02    0.18038561E+00   -0.43111703E-01
    0.27491857E+02    0.18038561E+00   -0.43128151E-01
    0.28407070E+02    0.18038561E+00   -0.43145432E-01
    0.29551299E+02    0.18038561E+00   -0.43164681E-01
