    0.26523737E-04    0.17608232E+01   -0.35029631E-02
    0.39405540E+00    0.17586030E+01   -0.37129221E-01
    0.11825801E+01    0.17493349E+01   -0.10842752E+00
    0.19723523E+01    0.17311327E+01   -0.17827374E+00
    0.27642226E+01    0.17046099E+01   -0.24472620E+00
    0.35590714E+01    0.16706658E+01   -0.30653774E+00
    0.43578221E+01    0.16304452E+01   -0.36263077E+00
    0.51614567E+01    0.15853012E+01   -0.41209457E+00
    0.59710337E+01    0.15367256E+01   -0.45419241E+00
    0.67877101E+01    0.14863277E+01   -0.48836263E+00
    0.76127686E+01    0.14357783E+01   -0.51419456E+00
    0.84476520E+01    0.13867318E+01   -0.53141307E+00
    0.92940081E+01    0.13402918E+01   -0.54095865E+00
    0.10153749E+02    0.12965065E+01   -0.54516520E+00
    0.11029135E+02    0.12552123E+01   -0.54568531E+00
    0.11922884E+02    0.12161675E+01   -0.54360598E+00
    0.12838344E+02    0.11791270E+01   -0.53965649E+00
    0.13779744E+02    0.11438133E+01   -0.53433183E+00
    0.14752586E+02    0.11099697E+01   -0.52796451E+00
    0.15764308E+02    0.10773102E+01   -0.52077302E+00
    0.16825465E+02    0.10455137E+01   -0.51288304E+00
    0.17952048E+02    0.10141989E+01   -0.50433541E+00
    0.19170707E+02    0.98283139E+00   -0.49506901E+00
    0.20533178E+02    0.95045179E+00   -0.48483401E+00
    0.22175097E+02    0.91471425E+00   -0.47281598E+00
    0.64436772E+00    0.17566633E+01   -0.59591070E-01
    0.75530750E+00    0.17554979E+01   -0.69726700E-01
    0.13467388E+01    0.17462708E+01   -0.12316625E+00
    0.20749417E+01    0.17281430E+01   -0.18711428E+00
    0.28383333E+01    0.17017381E+01   -0.25071460E+00
    0.36169323E+01    0.16679423E+01   -0.31081572E+00
    0.44052041E+01    0.16278987E+01   -0.36574882E+00
    0.52015233E+01    0.15829557E+01   -0.41436494E+00
    0.60057017E+01    0.15346025E+01   -0.45581460E+00
    0.68182269E+01    0.14844401E+01   -0.48947443E+00
    0.76399905E+01    0.14341368E+01   -0.51489709E+00
    0.84721918E+01    0.13853368E+01   -0.53178852E+00
    0.93163189E+01    0.13391130E+01   -0.54112789E+00
    0.10174175E+02    0.12955070E+01   -0.54521472E+00
    0.11047942E+02    0.12543590E+01   -0.54566506E+00
    0.11940283E+02    0.12154365E+01   -0.54354574E+00
    0.12854505E+02    0.11784980E+01   -0.53957437E+00
    0.13794802E+02    0.11432699E+01   -0.53423894E+00
    0.14766652E+02    0.11094987E+01   -0.52786779E+00
    0.15777472E+02    0.10769014E+01   -0.52067681E+00
    0.16837799E+02    0.10451580E+01   -0.51279009E+00
    0.17963609E+02    0.10138895E+01   -0.50424735E+00
    0.19181533E+02    0.98256347E+00   -0.49498706E+00
    0.20543286E+02    0.95022127E+00   -0.48475886E+00
    0.22184458E+02    0.91451980E+00   -0.47274866E+00
    0.14797278E+01    0.17435060E+01   -0.13503424E+00
    0.15312981E+01    0.17423662E+01   -0.13961610E+00
    0.18942254E+01    0.17333156E+01   -0.17150039E+00
    0.24657185E+01    0.17155230E+01   -0.22018217E+00
    0.31353661E+01    0.16895994E+01   -0.27426838E+00
    0.38544239E+01    0.16564376E+01   -0.32803426E+00
    0.46021960E+01    0.16171437E+01   -0.37844747E+00
    0.53693789E+01    0.15730481E+01   -0.42366801E+00
    0.61516532E+01    0.15256403E+01   -0.46247849E+00
    0.69471291E+01    0.14764763E+01   -0.49403817E+00
    0.77552459E+01    0.14272122E+01   -0.51776530E+00
    0.85762707E+01    0.13794533E+01   -0.53330759E+00
    0.94110670E+01    0.13341316E+01   -0.54180659E+00
    0.10261005E+02    0.12912786E+01   -0.54540285E+00
    0.11127956E+02    0.12507455E+01   -0.54556618E+00
    0.12014356E+02    0.12123380E+01   -0.54328201E+00
    0.12923339E+02    0.11758279E+01   -0.53922053E+00
    0.13858966E+02    0.11409620E+01   -0.53384088E+00
    0.14826611E+02    0.11074967E+01   -0.52745437E+00
    0.15833603E+02    0.10751622E+01   -0.52026606E+00
    0.16890407E+02    0.10436444E+01   -0.51239340E+00
    0.18012930E+02    0.10125723E+01   -0.50387174E+00
    0.19227730E+02    0.98142212E+00   -0.49463748E+00
    0.20586427E+02    0.94923886E+00   -0.48443828E+00
    0.22224413E+02    0.91369126E+00   -0.47246149E+00
    0.23215421E+01    0.17204076E+01   -0.20809903E+00
    0.23547479E+01    0.17193060E+01   -0.21089450E+00
    0.26053894E+01    0.17105481E+01   -0.23174862E+00
    0.30462651E+01    0.16933433E+01   -0.26728012E+00
    0.36097762E+01    0.16682809E+01   -0.31028837E+00
    0.42492996E+01    0.16362158E+01   -0.35539797E+00
    0.49376281E+01    0.15982535E+01   -0.39906290E+00
    0.56595224E+01    0.15556746E+01   -0.43894461E+00
    0.64064656E+01    0.15099166E+01   -0.47346707E+00
    0.71737414E+01    0.14625218E+01   -0.50154220E+00
    0.79588820E+01    0.14150941E+01   -0.52241497E+00
    0.87608437E+01    0.13691524E+01   -0.53572344E+00
    0.95795692E+01    0.13253763E+01   -0.54286078E+00
    0.10415766E+02    0.12838167E+01   -0.54565159E+00
    0.11270819E+02    0.12443606E+01   -0.54534018E+00
    0.12146798E+02    0.12068474E+01   -0.54278218E+00
    0.13046557E+02    0.11710863E+01   -0.53857097E+00
    0.13973937E+02    0.11368559E+01   -0.53311867E+00
    0.14934134E+02    0.11039302E+01   -0.52670844E+00
    0.15934333E+02    0.10720567E+01   -0.51952706E+00
    0.16984870E+02    0.10409407E+01   -0.51168028E+00
    0.18101536E+02    0.10102181E+01   -0.50319712E+00
    0.19310763E+02    0.97937791E+00   -0.49400942E+00
    0.20664001E+02    0.94747837E+00   -0.48386240E+00
    0.22296289E+02    0.91220652E+00   -0.47194582E+00
    0.31668916E+01    0.16882546E+01   -0.27672459E+00
    0.31913135E+01    0.16872057E+01   -0.27862142E+00
    0.33804878E+01    0.16788694E+01   -0.29313548E+00
    0.37308679E+01    0.16624881E+01   -0.31914537E+00
    0.42035852E+01    0.16386204E+01   -0.35231350E+00
    0.47640520E+01    0.16081153E+01   -0.38855553E+00
    0.53870044E+01    0.15720012E+01   -0.42462523E+00
    0.60555625E+01    0.15315451E+01   -0.45812128E+00
    0.67588790E+01    0.14881117E+01   -0.48730124E+00
    0.74901409E+01    0.14431996E+01   -0.51091096E+00
    0.82452076E+01    0.13983492E+01   -0.52804860E+00
    0.90217530E+01    0.13548602E+01   -0.53858505E+00
    0.98187468E+01    0.13131755E+01   -0.54404696E+00
    0.10636157E+02    0.12733571E+01   -0.54582863E+00
    0.11474799E+02    0.12353683E+01   -0.54491527E+00
    0.12336302E+02    0.11990916E+01   -0.54200775E+00
    0.13223172E+02    0.11643715E+01   -0.53760559E+00
    0.14138973E+02    0.11310202E+01   -0.53206284E+00
    0.15088671E+02    0.10988504E+01   -0.52562597E+00
    0.16079260E+02    0.10676236E+01   -0.51845883E+00
    0.17120907E+02    0.10370746E+01   -0.51065158E+00
    0.18229241E+02    0.10068519E+01   -0.50222513E+00
    0.19430522E+02    0.97644529E+00   -0.49310357E+00
    0.20775962E+02    0.94495217E+00   -0.48303256E+00
    0.22400093E+02    0.91007317E+00   -0.47120272E+00
    0.40160145E+01    0.16483182E+01   -0.33942731E+00
    0.40353007E+01    0.16473341E+01   -0.34076920E+00
    0.41865102E+01    0.16395145E+01   -0.35115573E+00
    0.44742089E+01    0.16241615E+01   -0.37024594E+00
    0.48753768E+01    0.16018102E+01   -0.39533449E+00
    0.53661309E+01    0.15732409E+01   -0.42349121E+00
    0.59261274E+01    0.15394720E+01   -0.45206880E+00
    0.65398018E+01    0.15016709E+01   -0.47888784E+00
    0.71959444E+01    0.14611588E+01   -0.50224180E+00
    0.78867852E+01    0.14193661E+01   -0.52082970E+00
    0.86071260E+01    0.13777195E+01   -0.53373569E+00
    0.93536729E+01    0.13371443E+01   -0.54140312E+00
    0.10124572E+02    0.12979377E+01   -0.54509090E+00
    0.10919112E+02    0.12602317E+01   -0.54578028E+00
    0.11737554E+02    0.12240214E+01   -0.54420571E+00
    0.12581078E+02    0.11892511E+01   -0.54091192E+00
    0.13451820E+02    0.11558159E+01   -0.53630048E+00
    0.14353039E+02    0.11235678E+01   -0.53066184E+00
    0.15289446E+02    0.10923348E+01   -0.52420231E+00
    0.16267814E+02    0.10619243E+01   -0.51706006E+00
    0.17298111E+02    0.10320873E+01   -0.50930862E+00
    0.18395772E+02    0.10024961E+01   -0.50095704E+00
    0.19586842E+02    0.97265204E+00   -0.49192315E+00
    0.20922231E+02    0.94167858E+00   -0.48195083E+00
    0.22535823E+02    0.90729940E+00   -0.47023319E+00
    0.48696702E+01    0.16021351E+01   -0.39499047E+00
    0.48855878E+01    0.16012282E+01   -0.39594913E+00
    0.50112058E+01    0.15940237E+01   -0.40341157E+00
    0.52539377E+01    0.15798753E+01   -0.41730613E+00
    0.55995191E+01    0.15592920E+01   -0.43586972E+00
    0.60316397E+01    0.15330126E+01   -0.45701844E+00
    0.65348529E+01    0.15019771E+01   -0.47869069E+00
    0.70960780E+01    0.14672962E+01   -0.49904502E+00
    0.77049939E+01    0.14302260E+01   -0.51653584E+00
    0.83538432E+01    0.13920913E+01   -0.52991466E+00
    0.90370312E+01    0.13540330E+01   -0.53873407E+00
    0.97507186E+01    0.13166197E+01   -0.54374463E+00
    0.10492487E+02    0.12801526E+01   -0.54573590E+00
    0.11261097E+02    0.12447927E+01   -0.54535749E+00
    0.12056347E+02    0.12105906E+01   -0.54312739E+00
    0.12879008E+02    0.11775458E+01   -0.53944917E+00
    0.13730869E+02    0.11455822E+01   -0.53463189E+00
    0.14614891E+02    0.11146096E+01   -0.52890535E+00
    0.15535523E+02    0.10844829E+01   -0.52243550E+00
    0.16499306E+02    0.10550389E+01   -0.51533269E+00
    0.17515991E+02    0.10260415E+01   -0.50765393E+00
    0.18600799E+02    0.99719493E+00   -0.49939645E+00
    0.19779527E+02    0.96803161E+00   -0.49047230E+00
    0.21102727E+02    0.93767599E+00   -0.48062010E+00
    0.22703494E+02    0.90389898E+00   -0.46903925E+00
    0.57288103E+01    0.15514828E+01   -0.44244014E+00
    0.57423468E+01    0.15506622E+01   -0.44311613E+00
    0.58495951E+01    0.15441423E+01   -0.44839163E+00
    0.60588316E+01    0.15313445E+01   -0.45827142E+00
    0.63608328E+01    0.15127371E+01   -0.47155982E+00
    0.67443499E+01    0.14890108E+01   -0.48676231E+00
    0.71979081E+01    0.14610383E+01   -0.50230337E+00
    0.77110247E+01    0.14298639E+01   -0.51668511E+00
    0.82748118E+01    0.13966386E+01   -0.52857150E+00
    0.88821323E+01    0.13624710E+01   -0.53713008E+00
    0.95275134E+01    0.13280666E+01   -0.54255529E+00
    0.10206963E+02    0.12939065E+01   -0.54528999E+00
    0.10917777E+02    0.12602928E+01   -0.54578118E+00
    0.11658383E+02    0.12274122E+01   -0.54443764E+00
    0.12428237E+02    0.11953716E+01   -0.54160826E+00
    0.13227790E+02    0.11641972E+01   -0.53757984E+00
    0.14058533E+02    0.11338557E+01   -0.53258021E+00
    0.14923157E+02    0.11042930E+01   -0.52678486E+00
    0.15825867E+02    0.10754016E+01   -0.52032272E+00
    0.16772974E+02    0.10470312E+01   -0.51327840E+00
    0.17774013E+02    0.10189942E+01   -0.50569162E+00
    0.18843973E+02    0.99100338E+00   -0.49754848E+00
    0.20008380E+02    0.96261008E+00   -0.48875290E+00
    0.21317379E+02    0.93297232E+00   -0.47904443E+00
    0.22903149E+02    0.89989296E+00   -0.46762451E+00
    0.65945154E+01    0.14982855E+01   -0.48104657E+00
    0.66062783E+01    0.14975575E+01   -0.48150568E+00
    0.66997111E+01    0.14917739E+01   -0.48508956E+00
    0.68831539E+01    0.14804268E+01   -0.49179992E+00
    0.71504238E+01    0.14639542E+01   -0.50080062E+00
    0.74936388E+01    0.14429873E+01   -0.51100732E+00
    0.79043183E+01    0.14183253E+01   -0.52122138E+00
    0.83742623E+01    0.13909212E+01   -0.53024951E+00
    0.88961158E+01    0.13617048E+01   -0.53728354E+00
    0.94636484E+01    0.13313849E+01   -0.54215606E+00
    0.10071836E+02    0.13005348E+01   -0.54494586E+00
    0.10716831E+02    0.12695803E+01   -0.54584504E+00
    0.11395886E+02    0.12388303E+01   -0.54509332E+00
    0.12107281E+02    0.12084793E+01   -0.54293501E+00
    0.12850270E+02    0.11786627E+01   -0.53959593E+00
    0.13625079E+02    0.11494356E+01   -0.53527367E+00
    0.14432973E+02    0.11208161E+01   -0.53013036E+00
    0.15276419E+02    0.10927543E+01   -0.52429522E+00
    0.16159407E+02    0.10651907E+01   -0.51786536E+00
    0.17088038E+02    0.10380060E+01   -0.51090032E+00
    0.18071632E+02    0.10110108E+01   -0.50342477E+00
    0.19124949E+02    0.98396564E+00   -0.49541557E+00
    0.20273225E+02    0.95642759E+00   -0.48677116E+00
    0.21566155E+02    0.92758404E+00   -0.47722613E+00
    0.23134878E+02    0.89529060E+00   -0.46599156E+00
    0.74679933E+01    0.14445444E+01   -0.51029720E+00
    0.74783824E+01    0.14439134E+01   -0.51058590E+00
    0.75610462E+01    0.14389034E+01   -0.51283331E+00
    0.77240596E+01    0.14290816E+01   -0.51700613E+00
    0.79631558E+01    0.14148415E+01   -0.52250684E+00
    0.82727210E+01    0.13967593E+01   -0.52853493E+00
    0.86464754E+01    0.13755153E+01   -0.53426725E+00
    0.90780812E+01    0.13518162E+01   -0.53912480E+00
    0.95615985E+01    0.13263036E+01   -0.54275731E+00
    0.10091775E+02    0.12995512E+01   -0.54500234E+00
    0.10664200E+02    0.12720410E+01   -0.54583717E+00
    0.11275360E+02    0.12441589E+01   -0.54533199E+00
    0.11922647E+02    0.12161774E+01   -0.54360680E+00
    0.12604346E+02    0.11883265E+01   -0.54080254E+00
    0.13319637E+02    0.11607428E+01   -0.53706225E+00
    0.14068620E+02    0.11334992E+01   -0.53251561E+00
    0.14852408E+02    0.11066383E+01   -0.52727594E+00
    0.15673298E+02    0.10801475E+01   -0.52143666E+00
    0.16535106E+02    0.10539828E+01   -0.51506468E+00
    0.17443748E+02    0.10280359E+01   -0.50820276E+00
    0.18408345E+02    0.10021687E+01   -0.50086127E+00
    0.19443430E+02    0.97613046E+00   -0.49300597E+00
    0.20573938E+02    0.94952302E+00   -0.48453106E+00
    0.21849080E+02    0.92154938E+00   -0.47516935E+00
    0.23398843E+02    0.89012285E+00   -0.46414269E+00
    0.83505968E+01    0.13922776E+01   -0.52986097E+00
    0.83598891E+01    0.13917447E+01   -0.53001432E+00
    0.84339173E+01    0.13875138E+01   -0.53119999E+00
    0.85803636E+01    0.13792231E+01   -0.53336496E+00
    0.87962147E+01    0.13671972E+01   -0.53614790E+00
    0.90774146E+01    0.13518521E+01   -0.53911856E+00
    0.94192930E+01    0.13337011E+01   -0.54186252E+00
    0.98169803E+01    0.13132647E+01   -0.54403945E+00
    0.10265754E+02    0.12910483E+01   -0.54541211E+00
    0.10761295E+02    0.12675110E+01   -0.54584354E+00
    0.11299854E+02    0.12430722E+01   -0.54528682E+00
    0.11878354E+02    0.12180433E+01   -0.54375713E+00
    0.12494441E+02    0.11927105E+01   -0.54131144E+00
    0.13146524E+02    0.11672743E+01   -0.53802936E+00
    0.13833809E+02    0.11418654E+01   -0.53399738E+00
    0.14556360E+02    0.11165974E+01   -0.52930180E+00
    0.15315207E+02    0.10915065E+01   -0.52401839E+00
    0.16112536E+02    0.10666118E+01   -0.51821265E+00
    0.16952028E+02    0.10418787E+01   -0.51192833E+00
    0.17839447E+02    0.10172253E+01   -0.50519319E+00
    0.18783736E+02    0.99252897E+00   -0.49800609E+00
    0.19799205E+02    0.96756252E+00   -0.49032425E+00
    0.20910487E+02    0.94194038E+00   -0.48203758E+00
    0.22166277E+02    0.91489759E+00   -0.47287945E+00
    0.23695304E+02    0.88440001E+00   -0.46208038E+00
    0.92438565E+01    0.13429494E+01   -0.54056477E+00
    0.92522517E+01    0.13425037E+01   -0.54063202E+00
    0.93191941E+01    0.13389613E+01   -0.54114943E+00
    0.94519340E+01    0.13319957E+01   -0.54207984E+00
    0.96483060E+01    0.13218433E+01   -0.54323754E+00
    0.99053456E+01    0.13088194E+01   -0.54439361E+00
    0.10219564E+02    0.12932927E+01   -0.54531755E+00
    0.10587234E+02    0.12756612E+01   -0.54580635E+00
    0.11004641E+02    0.12563257E+01   -0.54570994E+00
    0.11468299E+02    0.12356525E+01   -0.54493057E+00
    0.11975104E+02    0.12139773E+01   -0.54342322E+00
    0.12522448E+02    0.11915893E+01   -0.54118364E+00
    0.13108298E+02    0.11687284E+01   -0.53823797E+00
    0.13731260E+02    0.11455680E+01   -0.53462950E+00
    0.14390646E+02    0.11222714E+01   -0.53041232E+00
    0.15086551E+02    0.10989198E+01   -0.52564090E+00
    0.15819986E+02    0.10755835E+01   -0.52036578E+00
    0.16593078E+02    0.10522777E+01   -0.51463021E+00
    0.17409414E+02    0.10289873E+01   -0.50846356E+00
    0.18274635E+02    0.10056614E+01   -0.50187958E+00
    0.19197530E+02    0.98216792E+00   -0.49486599E+00
    0.20192200E+02    0.95830944E+00   -0.48737669E+00
    0.21282972E+02    0.93372236E+00   -0.47929651E+00
    0.22517999E+02    0.90766264E+00   -0.47036037E+00
    0.24024650E+02    0.87814835E+00   -0.45980898E+00
    0.10149526E+02    0.12967134E+01   -0.54515470E+00
    0.10157173E+02    0.12963388E+01   -0.54517364E+00
    0.10218189E+02    0.12933596E+01   -0.54531458E+00
    0.10339394E+02    0.12874875E+01   -0.54554234E+00
    0.10519212E+02    0.12788819E+01   -0.54575947E+00
    0.10755458E+02    0.12677821E+01   -0.54584416E+00
    0.11045519E+02    0.12544689E+01   -0.54566773E+00
    0.11386550E+02    0.12392414E+01   -0.54511326E+00
    0.11775658E+02    0.12223969E+01   -0.54408880E+00
    0.12210074E+02    0.12042448E+01   -0.54253115E+00
    0.12687282E+02    0.11850459E+01   -0.54040577E+00
    0.13205140E+02    0.11650529E+01   -0.53770594E+00
    0.13761958E+02    0.11444562E+01   -0.53444128E+00
    0.14356584E+02    0.11234454E+01   -0.53063836E+00
    0.14988485E+02    0.11021378E+01   -0.52632914E+00
    0.15657843E+02    0.10806314E+01   -0.52154908E+00
    0.16365695E+02    0.10589999E+01   -0.51633090E+00
    0.17114153E+02    0.10372659E+01   -0.51070270E+00
    0.17906750E+02    0.10154137E+01   -0.50468046E+00
    0.18749034E+02    0.99341030E+00   -0.49826974E+00
    0.19649660E+02    0.97113984E+00   -0.49144984E+00
    0.20622534E+02    0.94841844E+00   -0.48417014E+00
    0.21691678E+02    0.92489301E+00   -0.47631168E+00
    0.22904678E+02    0.89986245E+00   -0.46761371E+00
    0.24387452E+02    0.87137789E+00   -0.45732914E+00
    0.11069647E+02    0.12533761E+01   -0.54564027E+00
    0.11076658E+02    0.12530590E+01   -0.54563193E+00
    0.11132636E+02    0.12505351E+01   -0.54555977E+00
    0.11243988E+02    0.12455538E+01   -0.54538730E+00
    0.11409558E+02    0.12382288E+01   -0.54506368E+00
    0.11627729E+02    0.12287312E+01   -0.54452335E+00
    0.11896541E+02    0.12172762E+01   -0.54369592E+00
    0.12213833E+02    0.12040905E+01   -0.54251599E+00
    0.12577374E+02    0.11893984E+01   -0.54092925E+00
    0.12984995E+02    0.11734492E+01   -0.53889804E+00
    0.13434706E+02    0.11564508E+01   -0.53640019E+00
    0.13924795E+02    0.11386067E+01   -0.53342874E+00
    0.14453915E+02    0.11200975E+01   -0.52999043E+00
    0.15021175E+02    0.11010628E+01   -0.52610027E+00
    0.15626225E+02    0.10816233E+01   -0.52177877E+00
    0.16269365E+02    0.10618778E+01   -0.51704852E+00
    0.16951701E+02    0.10418881E+01   -0.51193080E+00
    0.17675362E+02    0.10216749E+01   -0.50644254E+00
    0.18443858E+02    0.10012454E+01   -0.50059080E+00
    0.19262671E+02    0.98056080E+00   -0.49437317E+00
    0.20140341E+02    0.95951832E+00   -0.48776460E+00
    0.21090593E+02    0.93794376E+00   -0.48070940E+00
    0.22137143E+02    0.91550400E+00   -0.47308920E+00
    0.23326990E+02    0.89152069E+00   -0.46464474E+00
    0.24784512E+02    0.86411320E+00   -0.45464197E+00
    0.12006631E+02    0.12126602E+01   -0.54331006E+00
    0.12013096E+02    0.12123906E+01   -0.54328660E+00
    0.12064729E+02    0.12102425E+01   -0.54309609E+00
    0.12167554E+02    0.12059922E+01   -0.54270069E+00
    0.12320719E+02    0.11997250E+01   -0.54207396E+00
    0.12523026E+02    0.11915661E+01   -0.54118099E+00
    0.12773011E+02    0.11816782E+01   -0.53998464E+00
    0.13069041E+02    0.11702262E+01   -0.53845027E+00
    0.13409416E+02    0.11573907E+01   -0.53654696E+00
    0.13792469E+02    0.11433541E+01   -0.53425335E+00
    0.14216661E+02    0.11282998E+01   -0.53155836E+00
    0.14680668E+02    0.11123867E+01   -0.52845729E+00
    0.15183471E+02    0.10957608E+01   -0.52495604E+00
    0.15724434E+02    0.10785509E+01   -0.52106412E+00
    0.16303405E+02    0.10608584E+01   -0.51679514E+00
    0.16920826E+02    0.10427718E+01   -0.51216388E+00
    0.17577892E+02    0.10243401E+01   -0.50718360E+00
    0.18276776E+02    0.10056053E+01   -0.50186328E+00
    0.19020988E+02    0.98655457E+00   -0.49620409E+00
    0.19815968E+02    0.96716331E+00   -0.49019813E+00
    0.20670158E+02    0.94733898E+00   -0.48381672E+00
    0.21597112E+02    0.92691840E+00   -0.47700039E+00
    0.22620239E+02    0.90558358E+00   -0.46963151E+00
    0.23785932E+02    0.88266945E+00   -0.46145340E+00
    0.25216942E+02    0.85636539E+00   -0.45174951E+00
    0.12963388E+02    0.11742814E+01   -0.53901164E+00
    0.12969376E+02    0.11740506E+01   -0.53898022E+00
    0.13017217E+02    0.11722109E+01   -0.53872748E+00
    0.13112574E+02    0.11685655E+01   -0.53821472E+00
    0.13254824E+02    0.11631778E+01   -0.53742852E+00
    0.13443081E+02    0.11561400E+01   -0.53635144E+00
    0.13676258E+02    0.11475673E+01   -0.53496454E+00
    0.13953138E+02    0.11375961E+01   -0.53325015E+00
    0.14272445E+02    0.11263579E+01   -0.53119327E+00
    0.14632923E+02    0.11139990E+01   -0.52878279E+00
    0.15033419E+02    0.11006608E+01   -0.52601440E+00
    0.15472952E+02    0.10864671E+01   -0.52288677E+00
    0.15950800E+02    0.10715509E+01   -0.51940600E+00
    0.16466574E+02    0.10560064E+01   -0.51557753E+00
    0.17020318E+02    0.10399303E+01   -0.51141242E+00
    0.17612626E+02    0.10233885E+01   -0.50691961E+00
    0.18244794E+02    0.10064437E+01   -0.50210674E+00
    0.18919059E+02    0.98910986E+00   -0.49697814E+00
    0.19638947E+02    0.97139730E+00   -0.49153053E+00
    0.20409871E+02    0.95327459E+00   -0.48575177E+00
    0.21240190E+02    0.93465681E+00   -0.47961018E+00
    0.22143294E+02    0.91537587E+00   -0.47304490E+00
    0.23142287E+02    0.89514422E+00   -0.46593950E+00
    0.24282933E+02    0.87331296E+00   -0.45804059E+00
    0.25686268E+02    0.84813754E+00   -0.44864884E+00
    0.13943501E+02    0.11379395E+01   -0.53331096E+00
    0.13949068E+02    0.11377411E+01   -0.53327584E+00
    0.13993559E+02    0.11361584E+01   -0.53299430E+00
    0.14082307E+02    0.11330158E+01   -0.53242784E+00
    0.14214856E+02    0.11283628E+01   -0.53157013E+00
    0.14390559E+02    0.11222744E+01   -0.53041290E+00
    0.14608621E+02    0.11148221E+01   -0.52894792E+00
    0.14868149E+02    0.11061154E+01   -0.52716690E+00
    0.15168205E+02    0.10962568E+01   -0.52506420E+00
    0.15507876E+02    0.10853586E+01   -0.52263507E+00
    0.15886329E+02    0.10735343E+01   -0.51987955E+00
    0.16302884E+02    0.10608739E+01   -0.51679902E+00
    0.16757082E+02    0.10474919E+01   -0.51339803E+00
    0.17248763E+02    0.10334699E+01   -0.50968295E+00
    0.17778161E+02    0.10188818E+01   -0.50566002E+00
    0.18346018E+02    0.10037940E+01   -0.50133601E+00
    0.18953741E+02    0.98823846E+00   -0.49671471E+00
    0.19603636E+02    0.97224712E+00   -0.49179656E+00
    0.20299261E+02    0.95582476E+00   -0.48657674E+00
    0.21046012E+02    0.93892929E+00   -0.48103771E+00
    0.21852173E+02    0.92148403E+00   -0.47514696E+00
    0.22730975E+02    0.90334467E+00   -0.46884403E+00
    0.23705215E+02    0.88421032E+00   -0.46201173E+00
    0.24820004E+02    0.86347075E+00   -0.45440327E+00
    0.26194583E+02    0.83942930E+00   -0.44533580E+00
    0.14951495E+02    0.11033569E+01   -0.52658745E+00
    0.14956687E+02    0.11031856E+01   -0.52655124E+00
    0.14998190E+02    0.11018185E+01   -0.52626125E+00
    0.15081027E+02    0.10991005E+01   -0.52567980E+00
    0.15204872E+02    0.10950665E+01   -0.52480422E+00
    0.15369261E+02    0.10897736E+01   -0.52363162E+00
    0.15573625E+02    0.10832791E+01   -0.52216000E+00
    0.15817327E+02    0.10756659E+01   -0.52038525E+00
    0.16099703E+02    0.10670017E+01   -0.51830763E+00
    0.16420116E+02    0.10573827E+01   -0.51592471E+00
    0.16778005E+02    0.10468855E+01   -0.51324053E+00
    0.17172944E+02    0.10356039E+01   -0.51025756E+00
    0.17604709E+02    0.10236052E+01   -0.50697978E+00
    0.18073346E+02    0.10109654E+01   -0.50341172E+00
    0.18579263E+02    0.99774780E+00   -0.49956024E+00
    0.19123346E+02    0.98400544E+00   -0.49542772E+00
    0.19707113E+02    0.96976205E+00   -0.49101729E+00
    0.20332943E+02    0.95504634E+00   -0.48632536E+00
    0.21004428E+02    0.93985085E+00   -0.48134422E+00
    0.21726956E+02    0.92414059E+00   -0.47605518E+00
    0.22508742E+02    0.90785141E+00   -0.47042644E+00
    0.23362860E+02    0.89082228E+00   -0.46439401E+00
    0.24311791E+02    0.87277748E+00   -0.45784393E+00
    0.25399972E+02    0.85312946E+00   -0.45053478E+00
    0.26744759E+02    0.83024901E+00   -0.44180407E+00
    0.15993265E+02    0.10702490E+01   -0.51909345E+00
    0.15998119E+02    0.10701005E+01   -0.51905769E+00
    0.16036927E+02    0.10689142E+01   -0.51877153E+00
    0.16114425E+02    0.10665544E+01   -0.51819866E+00
    0.16230387E+02    0.10630487E+01   -0.51733838E+00
    0.16384490E+02    0.10584407E+01   -0.51619068E+00
    0.16576343E+02    0.10527692E+01   -0.51475569E+00
    0.16805510E+02    0.10460899E+01   -0.51303339E+00
    0.17071549E+02    0.10384739E+01   -0.51102505E+00
    0.17374048E+02    0.10299696E+01   -0.50873216E+00
    0.17712673E+02    0.10206591E+01   -0.50615864E+00
    0.18087215E+02    0.10105975E+01   -0.50330613E+00
    0.18497652E+02    0.99985126E+00   -0.50018121E+00
    0.18944212E+02    0.98847768E+00   -0.49678709E+00
    0.19427463E+02    0.97651994E+00   -0.49312670E+00
    0.19948425E+02    0.96402289E+00   -0.48920267E+00
    0.20508720E+02    0.95101008E+00   -0.48501589E+00
    0.21110800E+02    0.93749793E+00   -0.48056070E+00
    0.21758293E+02    0.92347368E+00   -0.47582754E+00
    0.22456579E+02    0.90891670E+00   -0.47079895E+00
    0.23213806E+02    0.89373500E+00   -0.46543739E+00
    0.24042890E+02    0.87780481E+00   -0.45968370E+00
    0.24965987E+02    0.86084083E+00   -0.45342412E+00
    0.26026831E+02    0.84228012E+00   -0.44642370E+00
    0.27340802E+02    0.82056053E+00   -0.43804004E+00
    0.17076781E+02    0.10383254E+01   -0.51098548E+00
    0.17081327E+02    0.10381964E+01   -0.51095109E+00
    0.17117679E+02    0.10371660E+01   -0.51067602E+00
    0.17190306E+02    0.10351142E+01   -0.51012604E+00
    0.17299057E+02    0.10320608E+01   -0.50930145E+00
    0.17443722E+02    0.10280367E+01   -0.50820295E+00
    0.17624047E+02    0.10230760E+01   -0.50683278E+00
    0.17839761E+02    0.10172168E+01   -0.50519079E+00
    0.18090596E+02    0.10105079E+01   -0.50328039E+00
    0.18376328E+02    0.10030029E+01   -0.50110514E+00
    0.18696809E+02    0.99473991E+00   -0.49866660E+00
    0.19052015E+02    0.98578014E+00   -0.49596862E+00
    0.19442094E+02    0.97616303E+00   -0.49301607E+00
    0.19867437E+02    0.96594001E+00   -0.48981108E+00
    0.20328754E+02    0.95514305E+00   -0.48635661E+00
    0.20827184E+02    0.94380248E+00   -0.48265343E+00
    0.21364445E+02    0.93194830E+00   -0.47869986E+00
    0.21943058E+02    0.91956825E+00   -0.47448969E+00
    0.22566684E+02    0.90667126E+00   -0.47001310E+00
    0.23240694E+02    0.89320726E+00   -0.46524887E+00
    0.23973166E+02    0.87911938E+00   -0.46016286E+00
    0.24776854E+02    0.86425198E+00   -0.45469351E+00
    0.25673575E+02    0.84835730E+00   -0.44873217E+00
    0.26706326E+02    0.83088300E+00   -0.44204898E+00
    0.27988415E+02    0.81032528E+00   -0.43402378E+00
    0.18213352E+02    0.10072693E+01   -0.50234607E+00
    0.18217614E+02    0.10071573E+01   -0.50231363E+00
    0.18251703E+02    0.10062625E+01   -0.50205415E+00
    0.18319835E+02    0.10044783E+01   -0.50153541E+00
    0.18421919E+02    0.10018155E+01   -0.50075788E+00
    0.18557833E+02    0.99829881E+00   -0.49972325E+00
    0.18727434E+02    0.99395976E+00   -0.49843387E+00
    0.18930579E+02    0.98882019E+00   -0.49689063E+00
    0.19167144E+02    0.98291959E+00   -0.49509598E+00
    0.19437057E+02    0.97628587E+00   -0.49305416E+00
    0.19740325E+02    0.96896759E+00   -0.49076732E+00
    0.20077077E+02    0.96099766E+00   -0.48823816E+00
    0.20447610E+02    0.95240847E+00   -0.48547067E+00
    0.20852453E+02    0.94323666E+00   -0.48246652E+00
    0.21292440E+02    0.93351584E+00   -0.47922713E+00
    0.21768816E+02    0.92325006E+00   -0.47575115E+00
    0.22283385E+02    0.91247257E+00   -0.47203832E+00
    0.22838729E+02    0.90118027E+00   -0.46808008E+00
    0.23438536E+02    0.88935236E+00   -0.46386569E+00
    0.24088163E+02    0.87695322E+00   -0.45937295E+00
    0.24795613E+02    0.86391212E+00   -0.45456728E+00
    0.25573467E+02    0.85009405E+00   -0.44939003E+00
    0.26443188E+02    0.83525111E+00   -0.44373296E+00
    0.27446996E+02    0.81885906E+00   -0.43737613E+00
    0.28696012E+02    0.79948597E+00   -0.42972052E+00
    0.19420117E+02    0.97669927E+00   -0.49318225E+00
    0.19424115E+02    0.97660168E+00   -0.49315202E+00
    0.19456090E+02    0.97582192E+00   -0.49291026E+00
    0.19520019E+02    0.97426815E+00   -0.49242727E+00
    0.19615858E+02    0.97195275E+00   -0.49170446E+00
    0.19743554E+02    0.96889040E+00   -0.49074301E+00
    0.19903054E+02    0.96509569E+00   -0.48954340E+00
    0.20094317E+02    0.96059400E+00   -0.48810907E+00
    0.20317337E+02    0.95540679E+00   -0.48644181E+00
    0.20572165E+02    0.94956338E+00   -0.48454424E+00
    0.20858936E+02    0.94309164E+00   -0.48241859E+00
    0.21177908E+02    0.93602143E+00   -0.48006736E+00
    0.21529504E+02    0.92837369E+00   -0.47749354E+00
    0.21914369E+02    0.92017202E+00   -0.47469703E+00
    0.22333445E+02    0.91144156E+00   -0.47167964E+00
    0.22788069E+02    0.90219602E+00   -0.46843894E+00
    0.23280121E+02    0.89243544E+00   -0.46497268E+00
    0.23812230E+02    0.88216889E+00   -0.46127177E+00
    0.24388107E+02    0.87136581E+00   -0.45732469E+00
    0.25013084E+02    0.85999667E+00   -0.45310907E+00
    0.25695081E+02    0.84798500E+00   -0.44859099E+00
    0.26446493E+02    0.83519593E+00   -0.44371173E+00
    0.27288403E+02    0.82140186E+00   -0.43836838E+00
    0.28262207E+02    0.80609315E+00   -0.43234834E+00
    0.29476701E+02    0.78789971E+00   -0.42507464E+00
    0.20725637E+02    0.94608542E+00   -0.48340537E+00
    0.20729383E+02    0.94600094E+00   -0.48337761E+00
    0.20759348E+02    0.94532587E+00   -0.48315560E+00
    0.20819275E+02    0.94397975E+00   -0.48271195E+00
    0.20909160E+02    0.94196997E+00   -0.48204738E+00
    0.21029005E+02    0.93930594E+00   -0.48116304E+00
    0.21178826E+02    0.93600128E+00   -0.48006061E+00
    0.21358668E+02    0.93207389E+00   -0.47874214E+00
    0.21568618E+02    0.92753102E+00   -0.47720816E+00
    0.21808830E+02    0.92240112E+00   -0.47546092E+00
    0.22079545E+02    0.91670607E+00   -0.47350433E+00
    0.22381128E+02    0.91046211E+00   -0.47133837E+00
    0.22714106E+02    0.90368481E+00   -0.46896385E+00
    0.23079226E+02    0.89639212E+00   -0.46638297E+00
    0.23477518E+02    0.88859660E+00   -0.46359388E+00
    0.23910399E+02    0.88030606E+00   -0.46059483E+00
    0.24379810E+02    0.87151901E+00   -0.45738109E+00
    0.24888419E+02    0.86223572E+00   -0.45394388E+00
    0.25439946E+02    0.85242663E+00   -0.45027039E+00
    0.26039690E+02    0.84206073E+00   -0.44634016E+00
    0.26695473E+02    0.83106219E+00   -0.44211818E+00
    0.27419484E+02    0.81929916E+00   -0.43754793E+00
    0.28232394E+02    0.80655244E+00   -0.43253011E+00
    0.29174705E+02    0.79233751E+00   -0.42685947E+00
    0.30352710E+02    0.77535354E+00   -0.41998613E+00
    0.22185365E+02    0.91450096E+00   -0.47274213E+00
    0.22188864E+02    0.91442831E+00   -0.47271697E+00
    0.22216861E+02    0.91384769E+00   -0.47251574E+00
    0.22272866E+02    0.91268961E+00   -0.47211375E+00
    0.22356908E+02    0.91095931E+00   -0.47151167E+00
    0.22469032E+02    0.90866214E+00   -0.47070998E+00
    0.22609313E+02    0.90580524E+00   -0.46970933E+00
    0.22777863E+02    0.90240107E+00   -0.46851131E+00
    0.22974848E+02    0.89846481E+00   -0.46711837E+00
    0.23200505E+02    0.89399652E+00   -0.46553070E+00
    0.23455163E+02    0.88902990E+00   -0.46374973E+00
    0.23739276E+02    0.88355924E+00   -0.46177597E+00
    0.24053461E+02    0.87760583E+00   -0.45961111E+00
    0.24398546E+02    0.87117316E+00   -0.45725374E+00
    0.24775637E+02    0.86427402E+00   -0.45470169E+00
    0.25186218E+02    0.85691061E+00   -0.45195399E+00
    0.25632274E+02    0.84907293E+00   -0.44900341E+00
    0.26116504E+02    0.84075317E+00   -0.44584166E+00
    0.26642620E+02    0.83193605E+00   -0.44245555E+00
    0.27215874E+02    0.82256814E+00   -0.43882364E+00
    0.27843970E+02    0.81258262E+00   -0.43491328E+00
    0.28538859E+02    0.80186214E+00   -0.43066837E+00
    0.29320750E+02    0.79018327E+00   -0.42599431E+00
    0.30229155E+02    0.77709603E+00   -0.42069582E+00
    0.31367584E+02    0.76137960E+00   -0.41425122E+00
    0.23944675E+02    0.87965764E+00   -0.46035887E+00
    0.23947917E+02    0.87959636E+00   -0.46033656E+00
    0.23973859E+02    0.87910629E+00   -0.46015809E+00
    0.24025770E+02    0.87812726E+00   -0.45980129E+00
    0.24103700E+02    0.87666134E+00   -0.45926637E+00
    0.24207735E+02    0.87471318E+00   -0.45855396E+00
    0.24337996E+02    0.87229207E+00   -0.45766552E+00
    0.24494654E+02    0.86940358E+00   -0.45660115E+00
    0.24677939E+02    0.86604944E+00   -0.45536031E+00
    0.24888159E+02    0.86224041E+00   -0.45394563E+00
    0.25125718E+02    0.85798615E+00   -0.45235708E+00
    0.25391145E+02    0.85328490E+00   -0.45059321E+00
    0.25685132E+02    0.84815720E+00   -0.44865630E+00
    0.26008577E+02    0.84259177E+00   -0.44654234E+00
    0.26362649E+02    0.83659857E+00   -0.44425081E+00
    0.26748880E+02    0.83018108E+00   -0.44177782E+00
    0.27169294E+02    0.82331890E+00   -0.43911652E+00
    0.27626596E+02    0.81600588E+00   -0.43625837E+00
    0.28124477E+02    0.80821794E+00   -0.43318939E+00
    0.28668115E+02    0.79990662E+00   -0.42988843E+00
    0.29265059E+02    0.79100338E+00   -0.42632380E+00
    0.29926969E+02    0.78139390E+00   -0.42244299E+00
    0.30673497E+02    0.77087840E+00   -0.41815535E+00
    0.31542968E+02    0.75902408E+00   -0.41327701E+00
    0.32635600E+02    0.74470484E+00   -0.40731883E+00
