    0.25210763E-04    0.52428902E+01   -0.90568067E-05
    0.43166450E+00    0.52428902E+01   -0.15492572E+00
    0.12954469E+01    0.52428902E+01   -0.46140751E+00
    0.21605958E+01    0.52428902E+01   -0.75774536E+00
    0.30280431E+01    0.52428902E+01   -0.10370585E+01
    0.38987532E+01    0.52428902E+01   -0.12922847E+01
    0.47737376E+01    0.52428902E+01   -0.15160978E+01
    0.56540720E+01    0.52428902E+01   -0.17008155E+01
    0.65409159E+01    0.52428902E+01   -0.18384573E+01
    0.74355368E+01    0.52428902E+01   -0.19319199E+01
    0.83393398E+01    0.52428902E+01   -0.19973201E+01
    0.92539055E+01    0.52428902E+01   -0.20448210E+01
    0.10181039E+02    0.52428902E+01   -0.20803699E+01
    0.11122835E+02    0.52428902E+01   -0.21076355E+01
    0.12081768E+02    0.52428902E+01   -0.21289805E+01
    0.13060817E+02    0.52428902E+01   -0.21459826E+01
    0.14063651E+02    0.52428902E+01   -0.21597283E+01
    0.15094899E+02    0.52428902E+01   -0.21709859E+01
    0.16160590E+02    0.52428902E+01   -0.21803121E+01
    0.17268871E+02    0.52428902E+01   -0.21881192E+01
    0.18431306E+02    0.52428902E+01   -0.21947197E+01
    0.19665412E+02    0.52428902E+01   -0.22003577E+01
    0.21000381E+02    0.52428902E+01   -0.22052329E+01
    0.22492887E+02    0.52428902E+01   -0.22095290E+01
    0.24291514E+02    0.52428902E+01   -0.22134840E+01
    0.61247032E+00    0.52428902E+01   -0.21960615E+00
    0.74930243E+00    0.52428902E+01   -0.26841320E+00
    0.14329350E+01    0.52428902E+01   -0.50939503E+00
    0.22457280E+01    0.52428902E+01   -0.78606242E+00
    0.30893632E+01    0.52428902E+01   -0.10559416E+01
    0.39465677E+01    0.52428902E+01   -0.13054275E+01
    0.48128672E+01    0.52428902E+01   -0.15252252E+01
    0.56871478E+01    0.52428902E+01   -0.17068658E+01
    0.65695282E+01    0.52428902E+01   -0.18420526E+01
    0.74607189E+01    0.52428902E+01   -0.19340724E+01
    0.83618005E+01    0.52428902E+01   -0.19986786E+01
    0.92741515E+01    0.52428902E+01   -0.20457147E+01
    0.10199445E+02    0.52428902E+01   -0.20809777E+01
    0.11139685E+02    0.52428902E+01   -0.21080601E+01
    0.12097282E+02    0.52428902E+01   -0.21292836E+01
    0.13075170E+02    0.52428902E+01   -0.21462029E+01
    0.14076981E+02    0.52428902E+01   -0.21598906E+01
    0.15107319E+02    0.52428902E+01   -0.21711069E+01
    0.16172191E+02    0.52428902E+01   -0.21804029E+01
    0.17279729E+02    0.52428902E+01   -0.21881877E+01
    0.18441479E+02    0.52428902E+01   -0.21947715E+01
    0.19674947E+02    0.52428902E+01   -0.22003967E+01
    0.21009310E+02    0.52428902E+01   -0.22052620E+01
    0.22501225E+02    0.52428902E+01   -0.22095501E+01
    0.24299234E+02    0.52428902E+01   -0.22134986E+01
    0.14064785E+01    0.52428902E+01   -0.50018312E+00
    0.14712294E+01    0.52428902E+01   -0.52270930E+00
    0.19121622E+01    0.52428902E+01   -0.67415318E+00
    0.25780527E+01    0.52428902E+01   -0.89483086E+00
    0.33387463E+01    0.52428902E+01   -0.11313979E+01
    0.41446904E+01    0.52428902E+01   -0.13588175E+01
    0.49766206E+01    0.52428902E+01   -0.15625379E+01
    0.58263807E+01    0.52428902E+01   -0.17315819E+01
    0.66904232E+01    0.52428902E+01   -0.18567357E+01
    0.75673898E+01    0.52428902E+01   -0.19429518E+01
    0.84571136E+01    0.52428902E+01   -0.20043222E+01
    0.93601789E+01    0.52428902E+01   -0.20494466E+01
    0.10277730E+02    0.52428902E+01   -0.20835255E+01
    0.11211406E+02    0.52428902E+01   -0.21098453E+01
    0.12163359E+02    0.52428902E+01   -0.21305613E+01
    0.13136328E+02    0.52428902E+01   -0.21471331E+01
    0.14133805E+02    0.52428902E+01   -0.21605773E+01
    0.15160282E+02    0.52428902E+01   -0.21716191E+01
    0.16221678E+02    0.52428902E+01   -0.21807880E+01
    0.17326053E+02    0.52428902E+01   -0.21884785E+01
    0.18484892E+02    0.52428902E+01   -0.21949913E+01
    0.19715644E+02    0.52428902E+01   -0.22005622E+01
    0.21047427E+02    0.52428902E+01   -0.22053853E+01
    0.22536818E+02    0.52428902E+01   -0.22096401E+01
    0.24332197E+02    0.52428902E+01   -0.22135608E+01
    0.22066215E+01    0.52428902E+01   -0.77307641E+00
    0.22484467E+01    0.52428902E+01   -0.78696385E+00
    0.25587812E+01    0.52428902E+01   -0.88860477E+00
    0.30882604E+01    0.52428902E+01   -0.10556031E+01
    0.37467617E+01    0.52428902E+01   -0.12498635E+01
    0.44798945E+01    0.52428902E+01   -0.14450405E+01
    0.52590635E+01    0.52428902E+01   -0.16234288E+01
    0.60694076E+01    0.52428902E+01   -0.17717375E+01
    0.69030978E+01    0.52428902E+01   -0.18807094E+01
    0.77560548E+01    0.52428902E+01   -0.19577625E+01
    0.86263415E+01    0.52428902E+01   -0.20138808E+01
    0.95133561E+01    0.52428902E+01   -0.20558392E+01
    0.10417424E+02    0.52428902E+01   -0.20879275E+01
    0.11339605E+02    0.52428902E+01   -0.21129503E+01
    0.12281624E+02    0.52428902E+01   -0.21327952E+01
    0.13245910E+02    0.52428902E+01   -0.21487665E+01
    0.14235710E+02    0.52428902E+01   -0.21617871E+01
    0.15255332E+02    0.52428902E+01   -0.21725243E+01
    0.16310544E+02    0.52428902E+01   -0.21814701E+01
    0.17409282E+02    0.52428902E+01   -0.21889946E+01
    0.18562926E+02    0.52428902E+01   -0.21953820E+01
    0.19788825E+02    0.52428902E+01   -0.22008569E+01
    0.21115993E+02    0.52428902E+01   -0.22056053E+01
    0.22600866E+02    0.52428902E+01   -0.22098006E+01
    0.24391532E+02    0.52428902E+01   -0.22136718E+01
    0.30101246E+01    0.52428902E+01   -0.10315170E+01
    0.30409183E+01    0.52428902E+01   -0.10410338E+01
    0.32770463E+01    0.52428902E+01   -0.11129346E+01
    0.37052698E+01    0.52428902E+01   -0.12381164E+01
    0.42696481E+01    0.52428902E+01   -0.13915790E+01
    0.49255585E+01    0.52428902E+01   -0.15510577E+01
    0.56435291E+01    0.52428902E+01   -0.16988727E+01
    0.64054180E+01    0.52428902E+01   -0.18207686E+01
    0.72003077E+01    0.52428902E+01   -0.19107020E+01
    0.80217241E+01    0.52428902E+01   -0.19768599E+01
    0.88659708E+01    0.52428902E+01   -0.20264816E+01
    0.97311673E+01    0.52428902E+01   -0.20644074E+01
    0.10616704E+02    0.52428902E+01   -0.20939034E+01
    0.11522947E+02    0.52428902E+01   -0.21172078E+01
    0.12451103E+02    0.52428902E+01   -0.21358827E+01
    0.13403201E+02    0.52428902E+01   -0.21510386E+01
    0.14382181E+02    0.52428902E+01   -0.21634790E+01
    0.15392102E+02    0.52428902E+01   -0.21737957E+01
    0.16438537E+02    0.52428902E+01   -0.21824316E+01
    0.17529255E+02    0.52428902E+01   -0.21897244E+01
    0.18675489E+02    0.52428902E+01   -0.21959360E+01
    0.19894454E+02    0.52428902E+01   -0.22012757E+01
    0.21215015E+02    0.52428902E+01   -0.22059185E+01
    0.22693409E+02    0.52428902E+01   -0.22100295E+01
    0.24477306E+02    0.52428902E+01   -0.22138305E+01
    0.38172143E+01    0.52428902E+01   -0.12696474E+01
    0.38415439E+01    0.52428902E+01   -0.12764313E+01
    0.40310430E+01    0.52428902E+01   -0.13284046E+01
    0.43862625E+01    0.52428902E+01   -0.14214939E+01
    0.48723885E+01    0.52428902E+01   -0.15389539E+01
    0.54563176E+01    0.52428902E+01   -0.16632403E+01
    0.61122578E+01    0.52428902E+01   -0.17784145E+01
    0.68219979E+01    0.52428902E+01   -0.18718329E+01
    0.75732890E+01    0.52428902E+01   -0.19434318E+01
    0.83581297E+01    0.52428902E+01   -0.19984573E+01
    0.91714619E+01    0.52428902E+01   -0.20411198E+01
    0.10010289E+02    0.52428902E+01   -0.20745684E+01
    0.10873117E+02    0.52428902E+01   -0.21011051E+01
    0.11759616E+02    0.52428902E+01   -0.21224045E+01
    0.12670447E+02    0.52428902E+01   -0.21396904E+01
    0.13607206E+02    0.52428902E+01   -0.21538643E+01
    0.14572488E+02    0.52428902E+01   -0.21655977E+01
    0.15570070E+02    0.52428902E+01   -0.21753970E+01
    0.16605294E+02    0.52428902E+01   -0.21836486E+01
    0.17685730E+02    0.52428902E+01   -0.21906518E+01
    0.18822438E+02    0.52428902E+01   -0.21966426E+01
    0.20032463E+02    0.52428902E+01   -0.22018115E+01
    0.21344487E+02    0.52428902E+01   -0.22063202E+01
    0.22814493E+02    0.52428902E+01   -0.22103239E+01
    0.24589607E+02    0.52428902E+01   -0.22140350E+01
    0.46286125E+01    0.52428902E+01   -0.14815512E+01
    0.46486975E+01    0.52428902E+01   -0.14863969E+01
    0.48064786E+01    0.52428902E+01   -0.15237405E+01
    0.51080552E+01    0.52428902E+01   -0.15914301E+01
    0.55311029E+01    0.52428902E+01   -0.16777299E+01
    0.60518039E+01    0.52428902E+01   -0.17689590E+01
    0.66492575E+01    0.52428902E+01   -0.18518263E+01
    0.73070229E+01    0.52428902E+01   -0.19205836E+01
    0.80129666E+01    0.52428902E+01   -0.19762607E+01
    0.87584965E+01    0.52428902E+01   -0.20209594E+01
    0.95377483E+01    0.52428902E+01   -0.20568285E+01
    0.10346923E+02    0.52428902E+01   -0.20857286E+01
    0.11183810E+02    0.52428902E+01   -0.21091625E+01
    0.12047469E+02    0.52428902E+01   -0.21283061E+01
    0.12938051E+02    0.52428902E+01   -0.21440673E+01
    0.13856731E+02    0.52428902E+01   -0.21571450E+01
    0.14805753E+02    0.52428902E+01   -0.21680782E+01
    0.15788604E+02    0.52428902E+01   -0.21772848E+01
    0.16810375E+02    0.52428902E+01   -0.21850918E+01
    0.17878422E+02    0.52428902E+01   -0.21917573E+01
    0.19003607E+02    0.52428902E+01   -0.21974885E+01
    0.20202784E+02    0.52428902E+01   -0.22024553E+01
    0.21504419E+02    0.52428902E+01   -0.22068046E+01
    0.22964190E+02    0.52428902E+01   -0.22106799E+01
    0.24728560E+02    0.52428902E+01   -0.22142829E+01
    0.54452235E+01    0.52428902E+01   -0.16610622E+01
    0.54623066E+01    0.52428902E+01   -0.16644130E+01
    0.55971995E+01    0.52428902E+01   -0.16902539E+01
    0.58582108E+01    0.52428902E+01   -0.17370594E+01
    0.62305300E+01    0.52428902E+01   -0.17962025E+01
    0.66970692E+01    0.52428902E+01   -0.18575198E+01
    0.72414798E+01    0.52428902E+01   -0.19145666E+01
    0.78497764E+01    0.52428902E+01   -0.19647231E+01
    0.85108190E+01    0.52428902E+01   -0.20074182E+01
    0.92161633E+01    0.52428902E+01   -0.20431391E+01
    0.99596711E+01    0.52428902E+01   -0.20727900E+01
    0.10737096E+02    0.52428902E+01   -0.20973503E+01
    0.11545736E+02    0.52428902E+01   -0.21177225E+01
    0.12384180E+02    0.52428902E+01   -0.21346792E+01
    0.13252153E+02    0.52428902E+01   -0.21488583E+01
    0.14150456E+02    0.52428902E+01   -0.21607769E+01
    0.15081005E+02    0.52428902E+01   -0.21708502E+01
    0.16047007E+02    0.52428902E+01   -0.21794117E+01
    0.17053302E+02    0.52428902E+01   -0.21867289E+01
    0.18107026E+02    0.52428902E+01   -0.21930188E+01
    0.19218832E+02    0.52428902E+01   -0.21984586E+01
    0.20405364E+02    0.52428902E+01   -0.22031970E+01
    0.21694849E+02    0.52428902E+01   -0.22073648E+01
    0.23142611E+02    0.52428902E+01   -0.22110929E+01
    0.24894339E+02    0.52428902E+01   -0.22145715E+01
    0.62680747E+01    0.52428902E+01   -0.18016502E+01
    0.62829209E+01    0.52428902E+01   -0.18037777E+01
    0.64005424E+01    0.52428902E+01   -0.18201110E+01
    0.66300026E+01    0.52428902E+01   -0.18494983E+01
    0.69611641E+01    0.52428902E+01   -0.18868741E+01
    0.73816690E+01    0.52428902E+01   -0.19272407E+01
    0.78789169E+01    0.52428902E+01   -0.19668365E+01
    0.84414033E+01    0.52428902E+01   -0.20034053E+01
    0.90593786E+01    0.52428902E+01   -0.20359229E+01
    0.97250176E+01    0.52428902E+01   -0.20641735E+01
    0.10432322E+02    0.52428902E+01   -0.20883864E+01
    0.11176919E+02    0.52428902E+01   -0.21089913E+01
    0.11955848E+02    0.52428902E+01   -0.21264752E+01
    0.12767389E+02    0.52428902E+01   -0.21413089E+01
    0.13610947E+02    0.52428902E+01   -0.21539148E+01
    0.14487018E+02    0.52428902E+01   -0.21646571E+01
    0.15397241E+02    0.52428902E+01   -0.21738428E+01
    0.16344563E+02    0.52428902E+01   -0.21817280E+01
    0.17333592E+02    0.52428902E+01   -0.21885256E+01
    0.18371246E+02    0.52428902E+01   -0.21944122E+01
    0.19467968E+02    0.52428902E+01   -0.21995364E+01
    0.20640184E+02    0.52428902E+01   -0.22040251E+01
    0.21915856E+02    0.52428902E+01   -0.22079930E+01
    0.23349920E+02    0.52428902E+01   -0.22115580E+01
    0.25087176E+02    0.52428902E+01   -0.22148976E+01
    0.70983138E+01    0.52428902E+01   -0.19008355E+01
    0.71114269E+01    0.52428902E+01   -0.19021280E+01
    0.72155555E+01    0.52428902E+01   -0.19121410E+01
    0.74198539E+01    0.52428902E+01   -0.19305682E+01
    0.77171953E+01    0.52428902E+01   -0.19548012E+01
    0.80985390E+01    0.52428902E+01   -0.19820316E+01
    0.85542170E+01    0.52428902E+01   -0.20098770E+01
    0.90749429E+01    0.52428902E+01   -0.20366563E+01
    0.96524421E+01    0.52428902E+01   -0.20613784E+01
    0.10279750E+02    0.52428902E+01   -0.20835905E+01
    0.10951285E+02    0.52428902E+01   -0.21031984E+01
    0.11662797E+02    0.52428902E+01   -0.21203178E+01
    0.12411269E+02    0.52428902E+01   -0.21351688E+01
    0.13194829E+02    0.52428902E+01   -0.21480104E+01
    0.14012679E+02    0.52428902E+01   -0.21591030E+01
    0.14865093E+02    0.52428902E+01   -0.21686896E+01
    0.15753486E+02    0.52428902E+01   -0.21769871E+01
    0.16680588E+02    0.52428902E+01   -0.21841851E+01
    0.17650799E+02    0.52428902E+01   -0.21904471E+01
    0.18670832E+02    0.52428902E+01   -0.21959133E+01
    0.19750926E+02    0.52428902E+01   -0.22007047E+01
    0.20907283E+02    0.52428902E+01   -0.22049278E+01
    0.22167590E+02    0.52428902E+01   -0.22086811E+01
    0.23586353E+02    0.52428902E+01   -0.22120696E+01
    0.25307384E+02    0.52428902E+01   -0.22152577E+01
    0.79372267E+01    0.52428902E+01   -0.19709951E+01
    0.79489560E+01    0.52428902E+01   -0.19718205E+01
    0.80422479E+01    0.52428902E+01   -0.19782563E+01
    0.82260405E+01    0.52428902E+01   -0.19902954E+01
    0.84952112E+01    0.52428902E+01   -0.20065245E+01
    0.88430676E+01    0.52428902E+01   -0.20253218E+01
    0.92621887E+01    0.52428902E+01   -0.20451873E+01
    0.97451577E+01    0.52428902E+01   -0.20649379E+01
    0.10285094E+02    0.52428902E+01   -0.20837621E+01
    0.10875972E+02    0.52428902E+01   -0.21011823E+01
    0.11512782E+02    0.52428902E+01   -0.21169772E+01
    0.12191568E+02    0.52428902E+01   -0.21311002E+01
    0.12909420E+02    0.52428902E+01   -0.21436125E+01
    0.13664444E+02    0.52428902E+01   -0.21546334E+01
    0.14455749E+02    0.52428902E+01   -0.21643085E+01
    0.15283472E+02    0.52428902E+01   -0.21727889E+01
    0.16148865E+02    0.52428902E+01   -0.21802201E+01
    0.17054487E+02    0.52428902E+01   -0.21867367E+01
    0.18004561E+02    0.52428902E+01   -0.21924599E+01
    0.19005617E+02    0.52428902E+01   -0.21974977E+01
    0.20067701E+02    0.52428902E+01   -0.22019462E+01
    0.21206791E+02    0.52428902E+01   -0.22058927E+01
    0.22450291E+02    0.52428902E+01   -0.22094205E+01
    0.23852244E+02    0.52428902E+01   -0.22126220E+01
    0.25555375E+02    0.52428902E+01   -0.22156482E+01
    0.87862684E+01    0.52428902E+01   -0.20224060E+01
    0.87968657E+01    0.52428902E+01   -0.20229543E+01
    0.88812553E+01    0.52428902E+01   -0.20272505E+01
    0.90480212E+01    0.52428902E+01   -0.20353854E+01
    0.92934147E+01    0.52428902E+01   -0.20465594E+01
    0.96124289E+01    0.52428902E+01   -0.20598098E+01
    0.99993541E+01    0.52428902E+01   -0.20741866E+01
    0.10448303E+02    0.52428902E+01   -0.20888764E+01
    0.10953634E+02    0.52428902E+01   -0.21032606E+01
    0.11510244E+02    0.52428902E+01   -0.21169195E+01
    0.12113757E+02    0.52428902E+01   -0.21296042E+01
    0.12760614E+02    0.52428902E+01   -0.21411971E+01
    0.13448125E+02    0.52428902E+01   -0.21516724E+01
    0.14174483E+02    0.52428902E+01   -0.21610635E+01
    0.14938796E+02    0.52428902E+01   -0.21694383E+01
    0.15741139E+02    0.52428902E+01   -0.21768819E+01
    0.16582665E+02    0.52428902E+01   -0.21834857E+01
    0.17465809E+02    0.52428902E+01   -0.21893405E+01
    0.18394651E+02    0.52428902E+01   -0.21945325E+01
    0.19375563E+02    0.52428902E+01   -0.21991421E+01
    0.20418412E+02    0.52428902E+01   -0.22032439E+01
    0.21538963E+02    0.52428902E+01   -0.22069076E+01
    0.22764325E+02    0.52428902E+01   -0.22102026E+01
    0.24148054E+02    0.52428902E+01   -0.22132092E+01
    0.25831689E+02    0.52428902E+01   -0.22160652E+01
    0.96471061E+01    0.52428902E+01   -0.20611704E+01
    0.96567587E+01    0.52428902E+01   -0.20615465E+01
    0.97336960E+01    0.52428902E+01   -0.20645035E+01
    0.98860927E+01    0.52428902E+01   -0.20701552E+01
    0.10111167E+02    0.52428902E+01   -0.20780321E+01
    0.10405140E+02    0.52428902E+01   -0.20875476E+01
    0.10763607E+02    0.52428902E+01   -0.20980936E+01
    0.11181913E+02    0.52428902E+01   -0.21091154E+01
    0.11655481E+02    0.52428902E+01   -0.21201580E+01
    0.12180060E+02    0.52428902E+01   -0.21308808E+01
    0.12751911E+02    0.52428902E+01   -0.21410531E+01
    0.13367925E+02    0.52428902E+01   -0.21505363E+01
    0.14025698E+02    0.52428902E+01   -0.21592634E+01
    0.14723590E+02    0.52428902E+01   -0.21672187E+01
    0.15460781E+02    0.52428902E+01   -0.21744206E+01
    0.16237352E+02    0.52428902E+01   -0.21809092E+01
    0.17054411E+02    0.52428902E+01   -0.21867362E+01
    0.17914313E+02    0.52428902E+01   -0.21919589E+01
    0.18821034E+02    0.52428902E+01   -0.21966359E+01
    0.19780813E+02    0.52428902E+01   -0.22008248E+01
    0.20803358E+02    0.52428902E+01   -0.22045814E+01
    0.21904225E+02    0.52428902E+01   -0.22079605E+01
    0.23110228E+02    0.52428902E+01   -0.22110188E+01
    0.24474408E+02    0.52428902E+01   -0.22138252E+01
    0.26137029E+02    0.52428902E+01   -0.22165048E+01
    0.10521679E+02    0.52428902E+01   -0.20910970E+01
    0.10530530E+02    0.52428902E+01   -0.20913617E+01
    0.10601128E+02    0.52428902E+01   -0.20934486E+01
    0.10741224E+02    0.52428902E+01   -0.20974665E+01
    0.10948734E+02    0.52428902E+01   -0.21031308E+01
    0.11220784E+02    0.52428902E+01   -0.21100761E+01
    0.11553973E+02    0.52428902E+01   -0.21179078E+01
    0.11944633E+02    0.52428902E+01   -0.21262481E+01
    0.12389080E+02    0.52428902E+01   -0.21347680E+01
    0.12883825E+02    0.52428902E+01   -0.21432032E+01
    0.13425733E+02    0.52428902E+01   -0.21513573E+01
    0.14012155E+02    0.52428902E+01   -0.21590966E+01
    0.14641014E+02    0.52428902E+01   -0.21663394E+01
    0.15310884E+02    0.52428902E+01   -0.21730451E+01
    0.16021075E+02    0.52428902E+01   -0.21792032E+01
    0.16771722E+02    0.52428902E+01   -0.21848242E+01
    0.17563940E+02    0.52428902E+01   -0.21899323E+01
    0.18400046E+02    0.52428902E+01   -0.21945601E+01
    0.19283941E+02    0.52428902E+01   -0.21987448E+01
    0.20221762E+02    0.52428902E+01   -0.22025259E+01
    0.21223071E+02    0.52428902E+01   -0.22059438E+01
    0.22303232E+02    0.52428902E+01   -0.22090402E+01
    0.23488757E+02    0.52428902E+01   -0.22118608E+01
    0.24832151E+02    0.52428902E+01   -0.22144642E+01
    0.26472313E+02    0.52428902E+01   -0.22169629E+01
    0.11412281E+02    0.52428902E+01   -0.21146631E+01
    0.11420442E+02    0.52428902E+01   -0.21148534E+01
    0.11485571E+02    0.52428902E+01   -0.21163568E+01
    0.11615004E+02    0.52428902E+01   -0.21192679E+01
    0.11807167E+02    0.52428902E+01   -0.21234101E+01
    0.12059868E+02    0.52428902E+01   -0.21285506E+01
    0.12370478E+02    0.52428902E+01   -0.21344302E+01
    0.12736117E+02    0.52428902E+01   -0.21407910E+01
    0.13153849E+02    0.52428902E+01   -0.21473971E+01
    0.13620843E+02    0.52428902E+01   -0.21540484E+01
    0.14134523E+02    0.52428902E+01   -0.21605859E+01
    0.14692682E+02    0.52428902E+01   -0.21668914E+01
    0.15293584E+02    0.52428902E+01   -0.21728835E+01
    0.15936047E+02    0.52428902E+01   -0.21785120E+01
    0.16619544E+02    0.52428902E+01   -0.21837507E+01
    0.17344310E+02    0.52428902E+01   -0.21885924E+01
    0.18111500E+02    0.52428902E+01   -0.21930429E+01
    0.18923428E+02    0.52428902E+01   -0.21971175E+01
    0.19783953E+02    0.52428902E+01   -0.22008374E+01
    0.20699132E+02    0.52428902E+01   -0.22042279E+01
    0.21678404E+02    0.52428902E+01   -0.22073171E+01
    0.22736943E+02    0.52428902E+01   -0.22101360E+01
    0.23900965E+02    0.52428902E+01   -0.22127207E+01
    0.25222413E+02    0.52428902E+01   -0.22151203E+01
    0.26838737E+02    0.52428902E+01   -0.22174357E+01
    0.12321676E+02    0.52428902E+01   -0.21335367E+01
    0.12329235E+02    0.52428902E+01   -0.21336758E+01
    0.12389588E+02    0.52428902E+01   -0.21347772E+01
    0.12509671E+02    0.52428902E+01   -0.21369197E+01
    0.12688292E+02    0.52428902E+01   -0.21399912E+01
    0.12923776E+02    0.52428902E+01   -0.21438409E+01
    0.13214094E+02    0.52428902E+01   -0.21482966E+01
    0.13557000E+02    0.52428902E+01   -0.21531812E+01
    0.13950172E+02    0.52428902E+01   -0.21583265E+01
    0.14391349E+02    0.52428902E+01   -0.21635831E+01
    0.14878451E+02    0.52428902E+01   -0.21688262E+01
    0.15409688E+02    0.52428902E+01   -0.21739565E+01
    0.15983656E+02    0.52428902E+01   -0.21789005E+01
    0.16599432E+02    0.52428902E+01   -0.21836065E+01
    0.17256675E+02    0.52428902E+01   -0.21880420E+01
    0.17955741E+02    0.52428902E+01   -0.21921900E+01
    0.18697860E+02    0.52428902E+01   -0.21960448E+01
    0.19485371E+02    0.52428902E+01   -0.21996099E+01
    0.20322115E+02    0.52428902E+01   -0.22028953E+01
    0.21214090E+02    0.52428902E+01   -0.22059156E+01
    0.22170628E+02    0.52428902E+01   -0.22086892E+01
    0.23206726E+02    0.52428902E+01   -0.22112384E+01
    0.24348300E+02    0.52428902E+01   -0.22135910E+01
    0.25646709E+02    0.52428902E+01   -0.22157881E+01
    0.27237866E+02    0.52428902E+01   -0.22179193E+01
    0.13253271E+02    0.52428902E+01   -0.21488747E+01
    0.13260299E+02    0.52428902E+01   -0.21489779E+01
    0.13316433E+02    0.52428902E+01   -0.21497956E+01
    0.13428231E+02    0.52428902E+01   -0.21513925E+01
    0.13594787E+02    0.52428902E+01   -0.21536960E+01
    0.13814828E+02    0.52428902E+01   -0.21566070E+01
    0.14086794E+02    0.52428902E+01   -0.21600098E+01
    0.14408946E+02    0.52428902E+01   -0.21637824E+01
    0.14779472E+02    0.52428902E+01   -0.21678049E+01
    0.15196592E+02    0.52428902E+01   -0.21719671E+01
    0.15658665E+02    0.52428902E+01   -0.21761725E+01
    0.16164281E+02    0.52428902E+01   -0.21803410E+01
    0.16712353E+02    0.52428902E+01   -0.21844092E+01
    0.17302215E+02    0.52428902E+01   -0.21883292E+01
    0.17933720E+02    0.52428902E+01   -0.21920674E+01
    0.18607368E+02    0.52428902E+01   -0.21956021E+01
    0.19324478E+02    0.52428902E+01   -0.21989214E+01
    0.20087438E+02    0.52428902E+01   -0.22020213E+01
    0.20900092E+02    0.52428902E+01   -0.22049040E+01
    0.21768397E+02    0.52428902E+01   -0.22075764E+01
    0.22701591E+02    0.52428902E+01   -0.22100496E+01
    0.23714503E+02    0.52428902E+01   -0.22123388E+01
    0.24832744E+02    0.52428902E+01   -0.22144652E+01
    0.26107072E+02    0.52428902E+01   -0.22164626E+01
    0.27671770E+02    0.52428902E+01   -0.22184101E+01
    0.14211368E+02    0.52428902E+01   -0.21615006E+01
    0.14217922E+02    0.52428902E+01   -0.21615779E+01
    0.14270290E+02    0.52428902E+01   -0.21621915E+01
    0.14374671E+02    0.52428902E+01   -0.21633936E+01
    0.14530383E+02    0.52428902E+01   -0.21651365E+01
    0.14736460E+02    0.52428902E+01   -0.21673543E+01
    0.14991716E+02    0.52428902E+01   -0.21699687E+01
    0.15294820E+02    0.52428902E+01   -0.21728951E+01
    0.15644378E+02    0.52428902E+01   -0.21760484E+01
    0.16039021E+02    0.52428902E+01   -0.21793476E+01
    0.16477487E+02    0.52428902E+01   -0.21827194E+01
    0.16958707E+02    0.52428902E+01   -0.21861005E+01
    0.17481892E+02    0.52428902E+01   -0.21894382E+01
    0.18046618E+02    0.52428902E+01   -0.21926906E+01
    0.18652938E+02    0.52428902E+01   -0.21958259E+01
    0.19301501E+02    0.52428902E+01   -0.21988215E+01
    0.19993730E+02    0.52428902E+01   -0.22016624E+01
    0.20732075E+02    0.52428902E+01   -0.22043403E+01
    0.21520401E+02    0.52428902E+01   -0.22068523E+01
    0.22364635E+02    0.52428902E+01   -0.22092001E+01
    0.23273934E+02    0.52428902E+01   -0.22113893E+01
    0.24262964E+02    0.52428902E+01   -0.22134298E+01
    0.25357030E+02    0.52428902E+01   -0.22153372E+01
    0.26606258E+02    0.52428902E+01   -0.22171390E+01
    0.28143216E+02    0.52428902E+01   -0.22189046E+01
    0.15201569E+02    0.52428902E+01   -0.21720145E+01
    0.15207696E+02    0.52428902E+01   -0.21720729E+01
    0.15256667E+02    0.52428902E+01   -0.21725369E+01
    0.15354344E+02    0.52428902E+01   -0.21734483E+01
    0.15500217E+02    0.52428902E+01   -0.21747755E+01
    0.15693565E+02    0.52428902E+01   -0.21764742E+01
    0.15933495E+02    0.52428902E+01   -0.21784910E+01
    0.16219008E+02    0.52428902E+01   -0.21807673E+01
    0.16549057E+02    0.52428902E+01   -0.21832426E+01
    0.16922615E+02    0.52428902E+01   -0.21858577E+01
    0.17338751E+02    0.52428902E+01   -0.21885578E+01
    0.17796698E+02    0.52428902E+01   -0.21912933E+01
    0.18295935E+02    0.52428902E+01   -0.21940219E+01
    0.18836272E+02    0.52428902E+01   -0.21967081E+01
    0.19417950E+02    0.52428902E+01   -0.21993238E+01
    0.20041772E+02    0.52428902E+01   -0.22018471E+01
    0.20709272E+02    0.52428902E+01   -0.22042625E+01
    0.21422970E+02    0.52428902E+01   -0.22065596E+01
    0.22186761E+02    0.52428902E+01   -0.22087323E+01
    0.23006556E+02    0.52428902E+01   -0.22107790E+01
    0.23891436E+02    0.52428902E+01   -0.22127014E+01
    0.24855907E+02    0.52428902E+01   -0.22145053E+01
    0.25924963E+02    0.52428902E+01   -0.22162018E+01
    0.27148069E+02    0.52428902E+01   -0.22178133E+01
    0.28655983E+02    0.52428902E+01   -0.22193996E+01
    0.16231448E+02    0.52428902E+01   -0.21808636E+01
    0.16237187E+02    0.52428902E+01   -0.21809079E+01
    0.16283062E+02    0.52428902E+01   -0.21812604E+01
    0.16374617E+02    0.52428902E+01   -0.21819545E+01
    0.16511480E+02    0.52428902E+01   -0.21829688E+01
    0.16693118E+02    0.52428902E+01   -0.21842737E+01
    0.16918880E+02    0.52428902E+01   -0.21858325E+01
    0.17188032E+02    0.52428902E+01   -0.21876045E+01
    0.17499814E+02    0.52428902E+01   -0.21895468E+01
    0.17853490E+02    0.52428902E+01   -0.21916165E+01
    0.18248411E+02    0.52428902E+01   -0.21937728E+01
    0.18684076E+02    0.52428902E+01   -0.21959778E+01
    0.19160205E+02    0.52428902E+01   -0.21981980E+01
    0.19676823E+02    0.52428902E+01   -0.22004043E+01
    0.20234353E+02    0.52428902E+01   -0.22025726E+01
    0.20833743E+02    0.52428902E+01   -0.22046833E+01
    0.21476643E+02    0.52428902E+01   -0.22067214E+01
    0.22165646E+02    0.52428902E+01   -0.22086759E+01
    0.22904684E+02    0.52428902E+01   -0.22105394E+01
    0.23699659E+02    0.52428902E+01   -0.22123079E+01
    0.24559580E+02    0.52428902E+01   -0.22139807E+01
    0.25498791E+02    0.52428902E+01   -0.22155605E+01
    0.26541965E+02    0.52428902E+01   -0.22170550E+01
    0.27737878E+02    0.52428902E+01   -0.22184818E+01
    0.29215365E+02    0.52428902E+01   -0.22198921E+01
    0.17311757E+02    0.52428902E+01   -0.21883890E+01
    0.17317138E+02    0.52428902E+01   -0.21884227E+01
    0.17360159E+02    0.52428902E+01   -0.21886910E+01
    0.17446063E+02    0.52428902E+01   -0.21892201E+01
    0.17574583E+02    0.52428902E+01   -0.21899958E+01
    0.17745343E+02    0.52428902E+01   -0.21909981E+01
    0.17957881E+02    0.52428902E+01   -0.21922018E+01
    0.18211685E+02    0.52428902E+01   -0.21935788E+01
    0.18506229E+02    0.52428902E+01   -0.21950987E+01
    0.18841023E+02    0.52428902E+01   -0.21967306E+01
    0.19215658E+02    0.52428902E+01   -0.21984445E+01
    0.19629867E+02    0.52428902E+01   -0.22002119E+01
    0.20083587E+02    0.52428902E+01   -0.22020067E+01
    0.20577035E+02    0.52428902E+01   -0.22038057E+01
    0.21110804E+02    0.52428902E+01   -0.22055887E+01
    0.21685983E+02    0.52428902E+01   -0.22073391E+01
    0.22304331E+02    0.52428902E+01   -0.22090431E+01
    0.22968520E+02    0.52428902E+01   -0.22106900E+01
    0.23682516E+02    0.52428902E+01   -0.22122721E+01
    0.24452216E+02    0.52428902E+01   -0.22137843E+01
    0.25286557E+02    0.52428902E+01   -0.22152242E+01
    0.26199721E+02    0.52428902E+01   -0.22165924E+01
    0.27216042E+02    0.52428902E+01   -0.22178937E+01
    0.28383568E+02    0.52428902E+01   -0.22191420E+01
    0.29829089E+02    0.52428902E+01   -0.22203800E+01
    0.18458785E+02    0.52428902E+01   -0.21948593E+01
    0.18463832E+02    0.52428902E+01   -0.21948849E+01
    0.18504187E+02    0.52428902E+01   -0.21950884E+01
    0.18584804E+02    0.52428902E+01   -0.21954906E+01
    0.18705502E+02    0.52428902E+01   -0.21960818E+01
    0.18866029E+02    0.52428902E+01   -0.21968486E+01
    0.19066078E+02    0.52428902E+01   -0.21977739E+01
    0.19305318E+02    0.52428902E+01   -0.21988381E+01
    0.19583420E+02    0.52428902E+01   -0.22000201E+01
    0.19900100E+02    0.52428902E+01   -0.22012979E+01
    0.20255156E+02    0.52428902E+01   -0.22026495E+01
    0.20648524E+02    0.52428902E+01   -0.22040539E+01
    0.21080330E+02    0.52428902E+01   -0.22054912E+01
    0.21550968E+02    0.52428902E+01   -0.22069432E+01
    0.22061185E+02    0.52428902E+01   -0.22083937E+01
    0.22612203E+02    0.52428902E+01   -0.22098288E+01
    0.23205883E+02    0.52428902E+01   -0.22112365E+01
    0.23844973E+02    0.52428902E+01   -0.22126072E+01
    0.24533475E+02    0.52428902E+01   -0.22139333E+01
    0.25277276E+02    0.52428902E+01   -0.22152092E+01
    0.26085241E+02    0.52428902E+01   -0.22164317E+01
    0.26971377E+02    0.52428902E+01   -0.22176000E+01
    0.27959663E+02    0.52428902E+01   -0.22187167E+01
    0.29097367E+02    0.52428902E+01   -0.22197922E+01
    0.30509087E+02    0.52428902E+01   -0.22208613E+01
    0.19699680E+02    0.52428902E+01   -0.22004974E+01
    0.19704409E+02    0.52428902E+01   -0.22005166E+01
    0.19742228E+02    0.52428902E+01   -0.22006697E+01
    0.19817809E+02    0.52428902E+01   -0.22009726E+01
    0.19931042E+02    0.52428902E+01   -0.22014190E+01
    0.20081774E+02    0.52428902E+01   -0.22019998E+01
    0.20269829E+02    0.52428902E+01   -0.22027036E+01
    0.20495022E+02    0.52428902E+01   -0.22035171E+01
    0.20757191E+02    0.52428902E+01   -0.22044256E+01
    0.21056225E+02    0.52428902E+01   -0.22054137E+01
    0.21392101E+02    0.52428902E+01   -0.22064658E+01
    0.21764929E+02    0.52428902E+01   -0.22075665E+01
    0.22175007E+02    0.52428902E+01   -0.22087010E+01
    0.22622883E+02    0.52428902E+01   -0.22098554E+01
    0.23109446E+02    0.52428902E+01   -0.22110170E+01
    0.23636039E+02    0.52428902E+01   -0.22121747E+01
    0.24204621E+02    0.52428902E+01   -0.22133183E+01
    0.24818005E+02    0.52428902E+01   -0.22144396E+01
    0.25480228E+02    0.52428902E+01   -0.22155315E+01
    0.26197162E+02    0.52428902E+01   -0.22165888E+01
    0.26977591E+02    0.52428902E+01   -0.22176076E+01
    0.27835334E+02    0.52428902E+01   -0.22185861E+01
    0.28793982E+02    0.52428902E+01   -0.22195255E+01
    0.29899956E+02    0.52428902E+01   -0.22204330E+01
    0.31275470E+02    0.52428902E+01   -0.22213358E+01
    0.21087148E+02    0.52428902E+01   -0.22055131E+01
    0.21091566E+02    0.52428902E+01   -0.22055272E+01
    0.21126902E+02    0.52428902E+01   -0.22056401E+01
    0.21197547E+02    0.52428902E+01   -0.22058636E+01
    0.21303447E+02    0.52428902E+01   -0.22061938E+01
    0.21444535E+02    0.52428902E+01   -0.22066248E+01
    0.21620740E+02    0.52428902E+01   -0.22071489E+01
    0.21832003E+02    0.52428902E+01   -0.22077574E+01
    0.22078301E+02    0.52428902E+01   -0.22084403E+01
    0.22359674E+02    0.52428902E+01   -0.22091873E+01
    0.22676252E+02    0.52428902E+01   -0.22099873E+01
    0.23028299E+02    0.52428902E+01   -0.22108297E+01
    0.23416263E+02    0.52428902E+01   -0.22117035E+01
    0.23840832E+02    0.52428902E+01   -0.22125988E+01
    0.24303023E+02    0.52428902E+01   -0.22135058E+01
    0.24804289E+02    0.52428902E+01   -0.22144157E+01
    0.25346678E+02    0.52428902E+01   -0.22153206E+01
    0.25933063E+02    0.52428902E+01   -0.22162136E+01
    0.26567508E+02    0.52428902E+01   -0.22170885E+01
    0.27255857E+02    0.52428902E+01   -0.22179404E+01
    0.28006800E+02    0.52428902E+01   -0.22187655E+01
    0.28833943E+02    0.52428902E+01   -0.22195615E+01
    0.29760440E+02    0.52428902E+01   -0.22203280E+01
    0.30831766E+02    0.52428902E+01   -0.22210695E+01
    0.32167460E+02    0.52428902E+01   -0.22218059E+01
    0.22759369E+02    0.52428902E+01   -0.22101906E+01
    0.22763462E+02    0.52428902E+01   -0.22102005E+01
    0.22796207E+02    0.52428902E+01   -0.22102798E+01
    0.22861694E+02    0.52428902E+01   -0.22104371E+01
    0.22959920E+02    0.52428902E+01   -0.22106698E+01
    0.23090889E+02    0.52428902E+01   -0.22109744E+01
    0.23254622E+02    0.52428902E+01   -0.22113461E+01
    0.23451170E+02    0.52428902E+01   -0.22117795E+01
    0.23680634E+02    0.52428902E+01   -0.22122682E+01
    0.23943184E+02    0.52428902E+01   -0.22128055E+01
    0.24239089E+02    0.52428902E+01   -0.22133843E+01
    0.24568753E+02    0.52428902E+01   -0.22139973E+01
    0.24932758E+02    0.52428902E+01   -0.22146373E+01
    0.25331923E+02    0.52428902E+01   -0.22152971E+01
    0.25767382E+02    0.52428902E+01   -0.22159698E+01
    0.26240690E+02    0.52428902E+01   -0.22166491E+01
    0.26753974E+02    0.52428902E+01   -0.22173289E+01
    0.27310160E+02    0.52428902E+01   -0.22180036E+01
    0.27913322E+02    0.52428902E+01   -0.22186684E+01
    0.28569263E+02    0.52428902E+01   -0.22193189E+01
    0.29286548E+02    0.52428902E+01   -0.22199515E+01
    0.30078519E+02    0.52428902E+01   -0.22205635E+01
    0.30967804E+02    0.52428902E+01   -0.22211536E+01
    0.31998732E+02    0.52428902E+01   -0.22217233E+01
    0.33287633E+02    0.52428902E+01   -0.22222848E+01
