    0.27250841E-04    0.13052352E+01    0.91405818E-03
    0.37712350E+00    0.13044600E+01   -0.25790874E-01
    0.11317666E+01    0.12981732E+01   -0.76913655E-01
    0.18876036E+01    0.12857993E+01   -0.12667465E+00
    0.26454486E+01    0.12677139E+01   -0.17421072E+00
    0.34061441E+01    0.12444820E+01   -0.21872003E+00
    0.41705738E+01    0.12168021E+01   -0.25948814E+00
    0.49396776E+01    0.11855373E+01   -0.29589576E+00
    0.57144684E+01    0.11516205E+01   -0.32742942E+00
    0.64960535E+01    0.11160908E+01   -0.35368215E+00
    0.72856607E+01    0.10800083E+01   -0.37434287E+00
    0.80846706E+01    0.10444811E+01   -0.38918042E+00
    0.88946602E+01    0.10104830E+01   -0.39825834E+00
    0.97174598E+01    0.97829127E+00   -0.40293969E+00
    0.10555231E+02    0.94782939E+00   -0.40456546E+00
    0.11410577E+02    0.91897068E+00   -0.40402324E+00
    0.12286702E+02    0.89151876E+00   -0.40190939E+00
    0.13187652E+02    0.86532357E+00   -0.39863249E+00
    0.14118692E+02    0.84017677E+00   -0.39446971E+00
    0.15086942E+02    0.81587994E+00   -0.38960502E+00
    0.16102503E+02    0.79221514E+00   -0.38415078E+00
    0.17180679E+02    0.76888335E+00   -0.37815062E+00
    0.18346974E+02    0.74549362E+00   -0.37157082E+00
    0.19650901E+02    0.72134065E+00   -0.36423699E+00
    0.21222271E+02    0.69466910E+00   -0.35555983E+00
    0.66203199E+00    0.13028222E+01   -0.45201263E-01
    0.76191108E+00    0.13020341E+01   -0.51979729E-01
    0.13111758E+01    0.12957751E+01   -0.88891107E-01
    0.20003334E+01    0.12834523E+01   -0.13391689E+00
    0.27270285E+01    0.12654584E+01   -0.17915085E+00
    0.34698853E+01    0.12423245E+01   -0.22228001E+00
    0.42227920E+01    0.12147779E+01   -0.26211208E+00
    0.49838440E+01    0.11836565E+01   -0.29783534E+00
    0.57526894E+01    0.11499056E+01   -0.32884545E+00
    0.65297012E+01    0.11145482E+01   -0.35468394E+00
    0.73156775E+01    0.10786467E+01   -0.37501089E+00
    0.81117313E+01    0.10433084E+01   -0.38957631E+00
    0.89192638E+01    0.10094848E+01   -0.39845547E+00
    0.97399852E+01    0.97744380E+00   -0.40301923E+00
    0.10575972E+02    0.94710321E+00   -0.40457528E+00
    0.11429766E+02    0.91834691E+00   -0.40399142E+00
    0.12304525E+02    0.89098134E+00   -0.40185394E+00
    0.13204259E+02    0.86485926E+00   -0.39856418E+00
    0.14134205E+02    0.83977276E+00   -0.39439537E+00
    0.15101460E+02    0.81552940E+00   -0.38952913E+00
    0.16116106E+02    0.79190886E+00   -0.38407607E+00
    0.17193429E+02    0.76861724E+00   -0.37807890E+00
    0.18358914E+02    0.74526327E+00   -0.37150340E+00
    0.19662050E+02    0.72114240E+00   -0.36417462E+00
    0.21232594E+02    0.69450185E+00   -0.35550365E+00
    0.15202920E+01    0.12925504E+01   -0.10273214E+00
    0.15663684E+01    0.12917825E+01   -0.10576229E+00
    0.18953057E+01    0.12856448E+01   -0.12717103E+00
    0.24237028E+01    0.12735627E+01   -0.16059667E+00
    0.30511778E+01    0.12559063E+01   -0.19839851E+00
    0.37300275E+01    0.12332345E+01   -0.23651542E+00
    0.44390285E+01    0.12062271E+01   -0.27274763E+00
    0.51683365E+01    0.11757298E+01   -0.30575586E+00
    0.59132425E+01    0.11426623E+01   -0.33464523E+00
    0.66715815E+01    0.11080454E+01   -0.35878871E+00
    0.74425895E+01    0.10729191E+01   -0.37773909E+00
    0.82263714E+01    0.10383692E+01   -0.39117535E+00
    0.90236505E+01    0.10052780E+01   -0.39924792E+00
    0.98356653E+01    0.97385820E+00   -0.40333227E+00
    0.10664155E+02    0.94403915E+00   -0.40460250E+00
    0.11511410E+02    0.91570631E+00   -0.40384856E+00
    0.12380401E+02    0.88870699E+00   -0.40161339E+00
    0.13274993E+02    0.86288644E+00   -0.39827043E+00
    0.14200308E+02    0.83805916E+00   -0.39407689E+00
    0.15163347E+02    0.81403985E+00   -0.38920487E+00
    0.16174111E+02    0.79060666E+00   -0.38375708E+00
    0.17247812E+02    0.76748490E+00   -0.37777286E+00
    0.18409854E+02    0.74428259E+00   -0.37121583E+00
    0.19709622E+02    0.72029804E+00   -0.36390861E+00
    0.21276655E+02    0.69378921E+00   -0.35526404E+00
    0.23851834E+01    0.12745282E+01   -0.15820474E+00
    0.24148130E+01    0.12737887E+01   -0.16004509E+00
    0.26400749E+01    0.12678605E+01   -0.17388375E+00
    0.30417342E+01    0.12561971E+01   -0.19784656E+00
    0.35619514E+01    0.12391598E+01   -0.22737260E+00
    0.41582348E+01    0.12172787E+01   -0.25886495E+00
    0.48044548E+01    0.11912384E+01   -0.28985125E+00
    0.54853910E+01    0.11618351E+01   -0.31866520E+00
    0.61922733E+01    0.11299855E+01   -0.34415633E+00
    0.69201020E+01    0.10966594E+01   -0.36551730E+00
    0.76661562E+01    0.10629024E+01   -0.38217063E+00
    0.84291754E+01    0.10297418E+01   -0.39370681E+00
    0.92089130E+01    0.99790960E+00   -0.40048928E+00
    0.10005904E+02    0.96755283E+00   -0.40379583E+00
    0.10821368E+02    0.93861829E+00   -0.40459650E+00
    0.11657203E+02    0.91102972E+00   -0.40356139E+00
    0.12516076E+02    0.88466612E+00   -0.40116368E+00
    0.13401614E+02    0.85937609E+00   -0.39773390E+00
    0.14318749E+02    0.83501071E+00   -0.39350100E+00
    0.15274322E+02    0.81138465E+00   -0.38861984E+00
    0.16278197E+02    0.78829219E+00   -0.38318325E+00
    0.17345456E+02    0.76546371E+00   -0.37722317E+00
    0.18501366E+02    0.74252917E+00   -0.37069940E+00
    0.19795126E+02    0.71878717E+00   -0.36343130E+00
    0.21355886E+02    0.69251239E+00   -0.35483382E+00
    0.32537066E+01    0.12495054E+01   -0.21009386E+00
    0.32754891E+01    0.12487987E+01   -0.21133634E+00
    0.34449242E+01    0.12431748E+01   -0.22088918E+00
    0.37616026E+01    0.12320982E+01   -0.23821049E+00
    0.41934478E+01    0.12159166E+01   -0.26064013E+00
    0.47104590E+01    0.11951548E+01   -0.28555864E+00
    0.52896401E+01    0.11704506E+01   -0.31080090E+00
    0.59149828E+01    0.11425835E+01   -0.33470681E+00
    0.65758464E+01    0.11124287E+01   -0.35603997E+00
    0.72653505E+01    0.10809308E+01   -0.37388606E+00
    0.79791891E+01    0.10490736E+01   -0.38757143E+00
    0.87148439E+01    0.10178334E+01   -0.39669100E+00
    0.94710922E+01    0.98768747E+00   -0.40191513E+00
    0.10247713E+02    0.95875447E+00   -0.40426306E+00
    0.11045339E+02    0.93102942E+00   -0.40447478E+00
    0.11865407E+02    0.90446301E+00   -0.40308557E+00
    0.12710219E+02    0.87896587E+00   -0.40048244E+00
    0.13583106E+02    0.85441838E+00   -0.39694193E+00
    0.14488757E+02    0.83067672E+00   -0.39266085E+00
    0.15433808E+02    0.80759928E+00   -0.38777247E+00
    0.16427939E+02    0.78498537E+00   -0.38235517E+00
    0.17486061E+02    0.76258273E+00   -0.37643183E+00
    0.18633251E+02    0.74002037E+00   -0.36995505E+00
    0.19918447E+02    0.71662259E+00   -0.36274462E+00
    0.21470244E+02    0.69067903E+00   -0.35421371E+00
    0.41261068E+01    0.12185164E+01   -0.25723611E+00
    0.41433054E+01    0.12178543E+01   -0.25810910E+00
    0.42785106E+01    0.12126009E+01   -0.26488807E+00
    0.45373786E+01    0.12022560E+01   -0.27745994E+00
    0.49013422E+01    0.11871563E+01   -0.29419811E+00
    0.53503808E+01    0.11677904E+01   -0.31327724E+00
    0.58667234E+01    0.11447701E+01   -0.33298948E+00
    0.64362390E+01    0.11188266E+01   -0.35187546E+00
    0.70483974E+01    0.10907992E+01   -0.36875998E+00
    0.76956786E+01    0.10615873E+01   -0.38272019E+00
    0.83729092E+01    0.10321215E+01   -0.39304106E+00
    0.90767095E+01    0.10031605E+01   -0.39962453E+00
    0.98050873E+01    0.97500175E+00   -0.40323642E+00
    0.10557167E+02    0.94776151E+00   -0.40456643E+00
    0.11333034E+02    0.92149830E+00   -0.40414342E+00
    0.12133673E+02    0.89617152E+00   -0.40236756E+00
    0.12961011E+02    0.87173485E+00   -0.39953888E+00
    0.13818065E+02    0.84809758E+00   -0.39588014E+00
    0.14709256E+02    0.82514750E+00   -0.39155201E+00
    0.15640990E+02    0.80275560E+00   -0.38666242E+00
    0.16622736E+02    0.78073601E+00   -0.38127295E+00
    0.17669196E+02    0.75886563E+00   -0.37539883E+00
    0.18805217E+02    0.73677893E+00   -0.36898506E+00
    0.20079410E+02    0.71381837E+00   -0.36184892E+00
    0.21619656E+02    0.68830105E+00   -0.35340552E+00
    0.50031641E+01    0.11828298E+01   -0.29867854E+00
    0.50173572E+01    0.11822230E+01   -0.29929607E+00
    0.51295757E+01    0.11774081E+01   -0.30411649E+00
    0.53474011E+01    0.11679218E+01   -0.31315646E+00
    0.56595096E+01    0.11540819E+01   -0.32537019E+00
    0.60525588E+01    0.11363479E+01   -0.33948491E+00
    0.65134735E+01    0.11152932E+01   -0.35420209E+00
    0.70307941E+01    0.10916033E+01   -0.36832428E+00
    0.75951827E+01    0.10660699E+01   -0.38081521E+00
    0.81994123E+01    0.10395265E+01   -0.39081058E+00
    0.88381278E+01    0.10127831E+01   -0.39778983E+00
    0.95075522E+01    0.98628457E+00   -0.40208507E+00
    0.10205226E+02    0.96028235E+00   -0.40419620E+00
    0.10929807E+02    0.93492842E+00   -0.40455300E+00
    0.11680948E+02    0.91027405E+00   -0.40351100E+00
    0.12459251E+02    0.88635595E+00   -0.40135512E+00
    0.13266300E+02    0.86312863E+00   -0.39830677E+00
    0.14104815E+02    0.84053878E+00   -0.39453608E+00
    0.14978956E+02    0.81850218E+00   -0.39016751E+00
    0.15894888E+02    0.79690817E+00   -0.38528586E+00
    0.16861858E+02    0.77560011E+00   -0.37993846E+00
    0.17894339E+02    0.75435844E+00   -0.37412763E+00
    0.19016916E+02    0.73283762E+00   -0.36779313E+00
    0.20277810E+02    0.71040114E+00   -0.36074814E+00
    0.21804046E+02    0.68539547E+00   -0.35241236E+00
    0.58858560E+01    0.11439036E+01   -0.33367286E+00
    0.58979254E+01    0.11433564E+01   -0.33410218E+00
    0.59936798E+01    0.11390174E+01   -0.33746143E+00
    0.61811284E+01    0.11304922E+01   -0.34379057E+00
    0.64530380E+01    0.11180560E+01   -0.35238631E+00
    0.68003764E+01    0.11021439E+01   -0.36234911E+00
    0.72136667E+01    0.10832788E+01   -0.37270584E+00
    0.76839909E+01    0.10621078E+01   -0.38250366E+00
    0.82035632E+01    0.10393482E+01   -0.39086719E+00
    0.87659576E+01    0.10157336E+01   -0.39715979E+00
    0.93661173E+01    0.99175620E+00   -0.40138833E+00
    0.10000260E+02    0.96776054E+00   -0.40378234E+00
    0.10665753E+02    0.94398380E+00   -0.40460279E+00
    0.11361000E+02    0.92058529E+00   -0.40410166E+00
    0.12085372E+02    0.89764975E+00   -0.40250500E+00
    0.12839181E+02    0.87522958E+00   -0.40000576E+00
    0.13623742E+02    0.85331626E+00   -0.39676129E+00
    0.14441519E+02    0.83187433E+00   -0.39289578E+00
    0.15296430E+02    0.81085765E+00   -0.38850278E+00
    0.16194416E+02    0.79015290E+00   -0.38364527E+00
    0.17144500E+02    0.76963965E+00   -0.37835403E+00
    0.18160920E+02    0.74910646E+00   -0.37262238E+00
    0.19267972E+02    0.72823077E+00   -0.36638188E+00
    0.20513440E+02    0.70639469E+00   -0.35944603E+00
    0.22023353E+02    0.68197673E+00   -0.35123535E+00
    0.67752931E+01    0.11032922E+01   -0.36166770E+00
    0.67857806E+01    0.11028123E+01   -0.36195331E+00
    0.68691697E+01    0.10989908E+01   -0.36418605E+00
    0.70333238E+01    0.10914877E+01   -0.36838706E+00
    0.72734445E+01    0.10805631E+01   -0.37406857E+00
    0.75832983E+01    0.10666011E+01   -0.38058367E+00
    0.79560218E+01    0.10500854E+01   -0.38720406E+00
    0.83848083E+01    0.10316174E+01   -0.39318406E+00
    0.88633935E+01    0.10117541E+01   -0.39800192E+00
    0.93863362E+01    0.99097003E+00   -0.40149429E+00
    0.99491431E+01    0.96964604E+00   -0.40365456E+00
    0.10548293E+02    0.94807277E+00   -0.40456189E+00
    0.11181215E+02    0.92650210E+00   -0.40434158E+00
    0.11846249E+02    0.90506239E+00   -0.40313259E+00
    0.12542627E+02    0.88388064E+00   -0.40107294E+00
    0.13270489E+02    0.86301192E+00   -0.39828927E+00
    0.14030953E+02    0.84247180E+00   -0.39488726E+00
    0.14826286E+02    0.82225233E+00   -0.39095479E+00
    0.15660206E+02    0.80230916E+00   -0.38655874E+00
    0.16538453E+02    0.78256531E+00   -0.38174166E+00
    0.17469836E+02    0.76291359E+00   -0.37652316E+00
    0.18468360E+02    0.74316036E+00   -0.37088565E+00
    0.19558017E+02    0.72299748E+00   -0.36475686E+00
    0.20786114E+02    0.70182648E+00   -0.35794494E+00
    0.22277553E+02    0.67806765E+00   -0.34987897E+00
    0.76727159E+01    0.10626101E+01   -0.38229349E+00
    0.76819783E+01    0.10621975E+01   -0.38246624E+00
    0.77557375E+01    0.10589171E+01   -0.38381175E+00
    0.79014945E+01    0.10524805E+01   -0.38631863E+00
    0.81159699E+01    0.10431250E+01   -0.38963768E+00
    0.83947833E+01    0.10311951E+01   -0.39330302E+00
    0.87329408E+01    0.10170890E+01   -0.39685917E+00
    0.91252936E+01    0.10012258E+01   -0.39995432E+00
    0.95669074E+01    0.98400976E+00   -0.40234762E+00
    0.10053322E+02    0.96581233E+00   -0.40390465E+00
    0.10580710E+02    0.94693766E+00   -0.40457734E+00
    0.11145962E+02    0.92766969E+00   -0.40438020E+00
    0.11746725E+02    0.90819245E+00   -0.40336666E+00
    0.12381421E+02    0.88867654E+00   -0.40161010E+00
    0.13049271E+02    0.86922299E+00   -0.39919157E+00
    0.13750340E+02    0.84990845E+00   -0.39619027E+00
    0.14485635E+02    0.83075567E+00   -0.39267640E+00
    0.15257284E+02    0.81179118E+00   -0.38870995E+00
    0.16068853E+02    0.79297345E+00   -0.38433543E+00
    0.16925909E+02    0.77424084E+00   -0.37957988E+00
    0.17837073E+02    0.75549818E+00   -0.37445123E+00
    0.18816118E+02    0.73657461E+00   -0.36892363E+00
    0.19886730E+02    0.71717790E+00   -0.36292114E+00
    0.21095699E+02    0.69672785E+00   -0.35624993E+00
    0.22566687E+02    0.67368491E+00   -0.34834554E+00
    0.85795144E+01    0.10234348E+01   -0.39535742E+00
    0.85877989E+01    0.10230895E+01   -0.39544312E+00
    0.86538410E+01    0.10203497E+01   -0.39610678E+00
    0.87847092E+01    0.10149653E+01   -0.39732700E+00
    0.89781104E+01    0.10071067E+01   -0.39891077E+00
    0.92309201E+01    0.99704262E+00   -0.40062341E+00
    0.95394839E+01    0.98505979E+00   -0.40222850E+00
    0.98999234E+01    0.97146751E+00   -0.40352132E+00
    0.10308405E+02    0.95657662E+00   -0.40434747E+00
    0.10761356E+02    0.94067596E+00   -0.40460681E+00
    0.11255617E+02    0.92404197E+00   -0.40425059E+00
    0.11788552E+02    0.90687419E+00   -0.40327055E+00
    0.12358117E+02    0.88937290E+00   -0.40168480E+00
    0.12962912E+02    0.87168056E+00   -0.39953147E+00
    0.13602241E+02    0.85389908E+00   -0.39685701E+00
    0.14276181E+02    0.83610385E+00   -0.39370871E+00
    0.14985697E+02    0.81833769E+00   -0.39013251E+00
    0.15732839E+02    0.80062652E+00   -0.38616585E+00
    0.16521063E+02    0.78294448E+00   -0.38183831E+00
    0.17355803E+02    0.76525049E+00   -0.37716493E+00
    0.18245511E+02    0.74745841E+00   -0.37214407E+00
    0.19203744E+02    0.72940255E+00   -0.36674253E+00
    0.20253876E+02    0.71081116E+00   -0.36088072E+00
    0.21442155E+02    0.69112836E+00   -0.35436596E+00
    0.22890890E+02    0.66885383E+00   -0.34663871E+00
    0.94972614E+01    0.98667998E+00   -0.40203777E+00
    0.95047460E+01    0.98639236E+00   -0.40207223E+00
    0.95644586E+01    0.98410346E+00   -0.40233714E+00
    0.96830275E+01    0.97959062E+00   -0.40281344E+00
    0.98588220E+01    0.97299455E+00   -0.40340232E+00
    0.10089588E+02    0.96448545E+00   -0.40398222E+00
    0.10372640E+02    0.95428376E+00   -0.40442312E+00
    0.10705064E+02    0.94262196E+00   -0.40460750E+00
    0.11083913E+02    0.92973617E+00   -0.40444131E+00
    0.11506376E+02    0.91586844E+00   -0.40385770E+00
    0.11969913E+02    0.90121040E+00   -0.40281905E+00
    0.12472364E+02    0.88596529E+00   -0.40131130E+00
    0.13012031E+02    0.87028078E+00   -0.39933900E+00
    0.13587752E+02    0.85429226E+00   -0.39692133E+00
    0.14198975E+02    0.83809362E+00   -0.39408334E+00
    0.14845849E+02    0.82176992E+00   -0.39085444E+00
    0.15529360E+02    0.80535771E+00   -0.38726220E+00
    0.16251527E+02    0.78888295E+00   -0.38333043E+00
    0.17015741E+02    0.77234414E+00   -0.37907658E+00
    0.17827333E+02    0.75569245E+00   -0.37450625E+00
    0.18694613E+02    0.73885997E+00   -0.36960877E+00
    0.19630937E+02    0.72169599E+00   -0.36434870E+00
    0.20659366E+02    0.70394113E+00   -0.35864185E+00
    0.21825579E+02    0.68505803E+00   -0.35229652E+00
    0.23250435E+02    0.66359295E+00   -0.34476218E+00
    0.10427759E+02    0.95232821E+00   -0.40447720E+00
    0.10434576E+02    0.95208668E+00   -0.40448319E+00
    0.10488997E+02    0.95016116E+00   -0.40452566E+00
    0.10597226E+02    0.94636155E+00   -0.40458399E+00
    0.10758092E+02    0.94078842E+00   -0.40460709E+00
    0.10969958E+02    0.93356941E+00   -0.40452948E+00
    0.11230843E+02    0.92486057E+00   -0.40428229E+00
    0.11538569E+02    0.91483269E+00   -0.40379845E+00
    0.11890892E+02    0.90366740E+00   -0.40302214E+00
    0.12285637E+02    0.89155093E+00   -0.40191269E+00
    0.12720810E+02    0.87865693E+00   -0.40044403E+00
    0.13194698E+02    0.86512650E+00   -0.39860354E+00
    0.13705952E+02    0.85109824E+00   -0.39639195E+00
    0.14253672E+02    0.83668296E+00   -0.39381818E+00
    0.14837488E+02    0.82197607E+00   -0.39089734E+00
    0.15457666E+02    0.80703776E+00   -0.38764526E+00
    0.16115248E+02    0.79192818E+00   -0.38408078E+00
    0.16812267E+02    0.77665838E+00   -0.38021589E+00
    0.17552083E+02    0.76123904E+00   -0.37605984E+00
    0.18339956E+02    0.74562910E+00   -0.37161045E+00
    0.19184075E+02    0.72976234E+00   -0.36685304E+00
    0.20097609E+02    0.71350304E+00   -0.36174776E+00
    0.21103308E+02    0.69660368E+00   -0.35620838E+00
    0.22246260E+02    0.67854588E+00   -0.35004557E+00
    0.23645780E+02    0.65792261E+00   -0.34271788E+00
    0.11373103E+02    0.92019078E+00   -0.40408305E+00
    0.11379354E+02    0.91998713E+00   -0.40407330E+00
    0.11429277E+02    0.91836282E+00   -0.40399224E+00
    0.11528682E+02    0.91515053E+00   -0.40381686E+00
    0.11676723E+02    0.91040831E+00   -0.40352002E+00
    0.11872206E+02    0.90425055E+00   -0.40306875E+00
    0.12113676E+02    0.89678296E+00   -0.40242489E+00
    0.12399511E+02    0.88813679E+00   -0.40155161E+00
    0.12728025E+02    0.87844669E+00   -0.40041779E+00
    0.13097564E+02    0.86785593E+00   -0.39899851E+00
    0.13506603E+02    0.85649918E+00   -0.39727892E+00
    0.13953830E+02    0.84449493E+00   -0.39525034E+00
    0.14438229E+02    0.83195798E+00   -0.39291211E+00
    0.14959161E+02    0.81898583E+00   -0.39027016E+00
    0.15516455E+02    0.80565946E+00   -0.38733126E+00
    0.16110516E+02    0.79203468E+00   -0.38410677E+00
    0.16742477E+02    0.77815528E+00   -0.38060584E+00
    0.17414409E+02    0.76404664E+00   -0.37683508E+00
    0.18129670E+02    0.74971758E+00   -0.37279901E+00
    0.18893472E+02    0.73512911E+00   -0.36848791E+00
    0.19713905E+02    0.72022216E+00   -0.36388467E+00
    0.20603961E+02    0.70487026E+00   -0.35894705E+00
    0.21586081E+02    0.68883351E+00   -0.35358681E+00
    0.22704744E+02    0.67161761E+00   -0.34761711E+00
    0.24077629E+02    0.65186011E+00   -0.34050903E+00
    0.12335773E+02    0.89004211E+00   -0.40175575E+00
    0.12341536E+02    0.88986932E+00   -0.40173751E+00
    0.12387582E+02    0.88849266E+00   -0.40159023E+00
    0.12479357E+02    0.88575711E+00   -0.40128785E+00
    0.12616247E+02    0.88171675E+00   -0.40081744E+00
    0.12797387E+02    0.87643512E+00   -0.40016234E+00
    0.13021712E+02    0.87000551E+00   -0.39930079E+00
    0.13288029E+02    0.86252348E+00   -0.39821582E+00
    0.13595089E+02    0.85409313E+00   -0.39688878E+00
    0.13941664E+02    0.84481500E+00   -0.39530727E+00
    0.14326624E+02    0.83480878E+00   -0.39346246E+00
    0.14749006E+02    0.82416140E+00   -0.39134979E+00
    0.15208099E+02    0.81296694E+00   -0.38896951E+00
    0.15703513E+02    0.80130493E+00   -0.38632466E+00
    0.16235276E+02    0.78924351E+00   -0.38342007E+00
    0.16803945E+02    0.77683647E+00   -0.38026242E+00
    0.17410754E+02    0.76412153E+00   -0.37685565E+00
    0.18057836E+02    0.75112696E+00   -0.37320459E+00
    0.18748567E+02    0.73784306E+00   -0.36930443E+00
    0.19488128E+02    0.72425014E+00   -0.36514818E+00
    0.20284523E+02    0.71028623E+00   -0.36071096E+00
    0.21150580E+02    0.69583339E+00   -0.35595043E+00
    0.22108431E+02    0.68066179E+00   -0.35078065E+00
    0.23201923E+02    0.66429697E+00   -0.34501442E+00
    0.24547017E+02    0.64542218E+00   -0.33813645E+00
    0.13318758E+02    0.86166891E+00   -0.39808650E+00
    0.13324096E+02    0.86152064E+00   -0.39806395E+00
    0.13366757E+02    0.86033826E+00   -0.39788292E+00
    0.13451853E+02    0.85799558E+00   -0.39751734E+00
    0.13578943E+02    0.85453140E+00   -0.39696036E+00
    0.13747404E+02    0.84998702E+00   -0.39620365E+00
    0.13956468E+02    0.84442558E+00   -0.39523798E+00
    0.14205271E+02    0.83793095E+00   -0.39405289E+00
    0.14492911E+02    0.83057173E+00   -0.39264015E+00
    0.14818503E+02    0.82244432E+00   -0.39099467E+00
    0.15181244E+02    0.81361040E+00   -0.38911085E+00
    0.15580475E+02    0.80416451E+00   -0.38698812E+00
    0.16015751E+02    0.79417081E+00   -0.38462632E+00
    0.16486914E+02    0.78369087E+00   -0.38202802E+00
    0.16994182E+02    0.77279863E+00   -0.37919741E+00
    0.17538260E+02    0.76152008E+00   -0.37613778E+00
    0.18120496E+02    0.74989723E+00   -0.37285085E+00
    0.18743091E+02    0.73794612E+00   -0.36933531E+00
    0.19409451E+02    0.72566649E+00   -0.36558878E+00
    0.20124739E+02    0.71303372E+00   -0.36159703E+00
    0.20896887E+02    0.69999094E+00   -0.35733755E+00
    0.21738561E+02    0.68642400E+00   -0.35276479E+00
    0.22671585E+02    0.67211271E+00   -0.34779185E+00
    0.23739150E+02    0.65659934E+00   -0.34223821E+00
    0.25055420E+02    0.63861857E+00   -0.33560025E+00
    0.14325738E+02    0.83483148E+00   -0.39346680E+00
    0.14330701E+02    0.83470426E+00   -0.39344249E+00
    0.14370375E+02    0.83368856E+00   -0.39324764E+00
    0.14449561E+02    0.83166998E+00   -0.39285584E+00
    0.14567950E+02    0.82868172E+00   -0.39226511E+00
    0.14725101E+02    0.82475397E+00   -0.39147149E+00
    0.14920471E+02    0.81993380E+00   -0.39047029E+00
    0.15153455E+02    0.81427748E+00   -0.38925680E+00
    0.15423421E+02    0.80784422E+00   -0.38782782E+00
    0.15729764E+02    0.80069758E+00   -0.38618251E+00
    0.16071952E+02    0.79290360E+00   -0.38431844E+00
    0.16449580E+02    0.78450956E+00   -0.38223521E+00
    0.16862436E+02    0.77558779E+00   -0.37993522E+00
    0.17310569E+02    0.76618398E+00   -0.37741957E+00
    0.17794372E+02    0.75635082E+00   -0.37469237E+00
    0.18314695E+02    0.74611726E+00   -0.37175312E+00
    0.18872992E+02    0.73551107E+00   -0.36860324E+00
    0.19471542E+02    0.72454817E+00   -0.36524106E+00
    0.20113783E+02    0.71322315E+00   -0.36165789E+00
    0.20804870E+02    0.70151483E+00   -0.35784201E+00
    0.21552665E+02    0.68936459E+00   -0.35376745E+00
    0.22369678E+02    0.67666377E+00   -0.34938921E+00
    0.23277419E+02    0.66320209E+00   -0.34462198E+00
    0.24318403E+02    0.64853893E+00   -0.33928798E+00
    0.25604913E+02    0.63145558E+00   -0.33289925E+00
    0.15361365E+02    0.80931315E+00   -0.38815812E+00
    0.15365994E+02    0.80920331E+00   -0.38813351E+00
    0.15403001E+02    0.80832662E+00   -0.38793659E+00
    0.15476905E+02    0.80658593E+00   -0.38754260E+00
    0.15587493E+02    0.80400091E+00   -0.38695041E+00
    0.15734464E+02    0.80058898E+00   -0.38615704E+00
    0.15917450E+02    0.79639499E+00   -0.38516302E+00
    0.16136045E+02    0.79146044E+00   -0.38396649E+00
    0.16389835E+02    0.78582502E+00   -0.38256620E+00
    0.16678437E+02    0.77953361E+00   -0.38096290E+00
    0.17001541E+02    0.77264345E+00   -0.37915617E+00
    0.17358958E+02    0.76518551E+00   -0.37714716E+00
    0.17750677E+02    0.75722597E+00   -0.37493899E+00
    0.18176924E+02    0.74879397E+00   -0.37253190E+00
    0.18638252E+02    0.73992564E+00   -0.36992682E+00
    0.19135642E+02    0.73065014E+00   -0.36712529E+00
    0.19670653E+02    0.72098952E+00   -0.36412649E+00
    0.20245634E+02    0.71095250E+00   -0.36092639E+00
    0.20864060E+02    0.70053358E+00   -0.35751743E+00
    0.21531079E+02    0.68970824E+00   -0.35388424E+00
    0.22254486E+02    0.67842011E+00   -0.35000177E+00
    0.23046632E+02    0.66656203E+00   -0.34582368E+00
    0.23928706E+02    0.65393464E+00   -0.34126752E+00
    0.24942523E+02    0.64011434E+00   -0.33616039E+00
    0.26198403E+02    0.62393190E+00   -0.33002857E+00
    0.16431694E+02    0.78490276E+00   -0.38233437E+00
    0.16436021E+02    0.78480758E+00   -0.38231038E+00
    0.16470624E+02    0.78404774E+00   -0.38211845E+00
    0.16539758E+02    0.78253686E+00   -0.38173440E+00
    0.16643286E+02    0.78029191E+00   -0.38115860E+00
    0.16781012E+02    0.77732785E+00   -0.38039061E+00
    0.16952706E+02    0.77367414E+00   -0.37942978E+00
    0.17158117E+02    0.76935479E+00   -0.37827749E+00
    0.17397003E+02    0.76440350E+00   -0.37693303E+00
    0.17669162E+02    0.75886632E+00   -0.37539902E+00
    0.17974466E+02    0.75277068E+00   -0.37367502E+00
    0.18312904E+02    0.74615189E+00   -0.37176323E+00
    0.18684634E+02    0.73904841E+00   -0.36966508E+00
    0.19090039E+02    0.73148849E+00   -0.36738174E+00
    0.19529810E+02    0.72350243E+00   -0.36491479E+00
    0.20005045E+02    0.71511077E+00   -0.36226261E+00
    0.20517398E+02    0.70632787E+00   -0.35942421E+00
    0.21069284E+02    0.69715928E+00   -0.35639421E+00
    0.21664211E+02    0.68759617E+00   -0.35316524E+00
    0.22307317E+02    0.67761343E+00   -0.34972062E+00
    0.23006328E+02    0.66715313E+00   -0.34603425E+00
    0.23773437E+02    0.65611514E+00   -0.34206231E+00
    0.24629495E+02    0.64430647E+00   -0.33772277E+00
    0.25615591E+02    0.63131830E+00   -0.33284719E+00
    0.26839995E+02    0.61603348E+00   -0.32697921E+00
    0.17544912E+02    0.76138483E+00   -0.37610028E+00
    0.17548965E+02    0.76130244E+00   -0.37607743E+00
    0.17581378E+02    0.76064394E+00   -0.37589458E+00
    0.17646161E+02    0.75933110E+00   -0.37552887E+00
    0.17743234E+02    0.75737531E+00   -0.37498099E+00
    0.17872486E+02    0.75479287E+00   -0.37425113E+00
    0.18033791E+02    0.75160016E+00   -0.37334026E+00
    0.18227023E+02    0.74781783E+00   -0.37224860E+00
    0.18452075E+02    0.74347229E+00   -0.37097755E+00
    0.18708892E+02    0.73859053E+00   -0.36952821E+00
    0.18997494E+02    0.73319697E+00   -0.36790242E+00
    0.19318018E+02    0.72732105E+00   -0.36610113E+00
    0.19670763E+02    0.72098757E+00   -0.36412588E+00
    0.20056245E+02    0.71422029E+00   -0.36197773E+00
    0.20475274E+02    0.70703986E+00   -0.35965656E+00
    0.20929052E+02    0.69946035E+00   -0.35716137E+00
    0.21419314E+02    0.69149422E+00   -0.35448980E+00
    0.21948533E+02    0.68313854E+00   -0.35163605E+00
    0.22520244E+02    0.67438402E+00   -0.34859112E+00
    0.23139571E+02    0.66520422E+00   -0.34533900E+00
    0.23814167E+02    0.65554127E+00   -0.34185351E+00
    0.24556052E+02    0.64529974E+00   -0.33809110E+00
    0.25385732E+02    0.63428998E+00   -0.33397162E+00
    0.26343536E+02    0.62212393E+00   -0.32933398E+00
    0.27535590E+02    0.60773237E+00   -0.32373609E+00
    0.18712640E+02    0.73851985E+00   -0.36950707E+00
    0.18716440E+02    0.73844820E+00   -0.36948563E+00
    0.18746834E+02    0.73787567E+00   -0.36931420E+00
    0.18807604E+02    0.73673419E+00   -0.36897161E+00
    0.18898712E+02    0.73503148E+00   -0.36845841E+00
    0.19020114E+02    0.73277849E+00   -0.36777514E+00
    0.19171766E+02    0.72998773E+00   -0.36692222E+00
    0.19353638E+02    0.72667534E+00   -0.36590146E+00
    0.19565737E+02    0.72285943E+00   -0.36471364E+00
    0.19808120E+02    0.71855834E+00   -0.36335888E+00
    0.20080930E+02    0.71379200E+00   -0.36184046E+00
    0.20384426E+02    0.70858147E+00   -0.36015824E+00
    0.20719022E+02    0.70294398E+00   -0.35831356E+00
    0.21085349E+02    0.69689682E+00   -0.35630645E+00
    0.21484315E+02    0.69045418E+00   -0.35413747E+00
    0.21917212E+02    0.68362632E+00   -0.35180408E+00
    0.22385843E+02    0.67641809E+00   -0.34930338E+00
    0.22892730E+02    0.66882664E+00   -0.34662907E+00
    0.23441424E+02    0.66083891E+00   -0.34377184E+00
    0.24037028E+02    0.65242414E+00   -0.34071547E+00
    0.24687112E+02    0.64352981E+00   -0.33743425E+00
    0.25403516E+02    0.63405884E+00   -0.33388435E+00
    0.26206380E+02    0.62383221E+00   -0.32999031E+00
    0.27135232E+02    0.61247775E+00   -0.32559489E+00
    0.28293951E+02    0.59897790E+00   -0.32027409E+00
    0.19952487E+02    0.71602755E+00   -0.36255515E+00
    0.19956051E+02    0.71596531E+00   -0.36253532E+00
    0.19984560E+02    0.71546779E+00   -0.36237663E+00
    0.20041577E+02    0.71447512E+00   -0.36205933E+00
    0.20127100E+02    0.71299292E+00   -0.36158392E+00
    0.20241136E+02    0.71102967E+00   -0.36095131E+00
    0.20383705E+02    0.70859372E+00   -0.36016223E+00
    0.20554858E+02    0.70569619E+00   -0.35921768E+00
    0.20754684E+02    0.70234947E+00   -0.35811754E+00
    0.20983338E+02    0.69856732E+00   -0.35686419E+00
    0.21241059E+02    0.69436478E+00   -0.35545759E+00
    0.21528206E+02    0.68975401E+00   -0.35389979E+00
    0.21845291E+02    0.68474946E+00   -0.35219050E+00
    0.22193034E+02    0.67936103E+00   -0.35032921E+00
    0.22572431E+02    0.67359857E+00   -0.34831518E+00
    0.22984843E+02    0.66746881E+00   -0.34614661E+00
    0.23432132E+02    0.66097221E+00   -0.34381991E+00
    0.23916854E+02    0.65410042E+00   -0.34132806E+00
    0.24442570E+02    0.64684173E+00   -0.33866152E+00
    0.25014347E+02    0.63916177E+00   -0.33580382E+00
    0.25639663E+02    0.63100911E+00   -0.33272987E+00
    0.26330163E+02    0.62229000E+00   -0.32939787E+00
    0.27105593E+02    0.61283249E+00   -0.32573327E+00
    0.28004637E+02    0.60228223E+00   -0.32158557E+00
    0.29128792E+02    0.58967473E+00   -0.31655022E+00
    0.21293796E+02    0.69351248E+00   -0.35517091E+00
    0.21297135E+02    0.69345861E+00   -0.35515277E+00
    0.21323852E+02    0.69302794E+00   -0.35500768E+00
    0.21377296E+02    0.69216833E+00   -0.35471766E+00
    0.21457496E+02    0.69088286E+00   -0.35428280E+00
    0.21564498E+02    0.68917641E+00   -0.35370346E+00
    0.21698374E+02    0.68705696E+00   -0.35298118E+00
    0.21859235E+02    0.68453137E+00   -0.35211553E+00
    0.22047243E+02    0.68160681E+00   -0.35110758E+00
    0.22262625E+02    0.67829570E+00   -0.34995843E+00
    0.22505702E+02    0.67460333E+00   -0.34866808E+00
    0.22776911E+02    0.67054308E+00   -0.34723729E+00
    0.23076844E+02    0.66611988E+00   -0.34566600E+00
    0.23406298E+02    0.66134316E+00   -0.34395362E+00
    0.23766335E+02    0.65621536E+00   -0.34209874E+00
    0.24158374E+02    0.65074184E+00   -0.34009897E+00
    0.24584320E+02    0.64491699E+00   -0.33794925E+00
    0.25046755E+02    0.63873308E+00   -0.33564318E+00
    0.25549231E+02    0.63217260E+00   -0.33317100E+00
    0.26096773E+02    0.62520507E+00   -0.33051670E+00
    0.26696748E+02    0.61777614E+00   -0.32765524E+00
    0.27360583E+02    0.60979599E+00   -0.32454608E+00
    0.28107600E+02    0.60110104E+00   -0.32111746E+00
    0.28975570E+02    0.59135670E+00   -0.31722679E+00
    0.30063442E+02    0.57964999E+00   -0.31248779E+00
    0.22793539E+02    0.67029604E+00   -0.34714986E+00
    0.22796659E+02    0.67024972E+00   -0.34713346E+00
    0.22821620E+02    0.66987934E+00   -0.34700230E+00
    0.22871565E+02    0.66913957E+00   -0.34674008E+00
    0.22946543E+02    0.66803255E+00   -0.34634706E+00
    0.23046632E+02    0.66656204E+00   -0.34582368E+00
    0.23171947E+02    0.66473279E+00   -0.34517041E+00
    0.23322647E+02    0.66254818E+00   -0.34438719E+00
    0.23498949E+02    0.66001523E+00   -0.34347455E+00
    0.23701142E+02    0.65713720E+00   -0.34243334E+00
    0.23929611E+02    0.65392199E+00   -0.34126290E+00
    0.24184858E+02    0.65037604E+00   -0.33996457E+00
    0.24467538E+02    0.64650171E+00   -0.33853587E+00
    0.24778508E+02    0.64230252E+00   -0.33697742E+00
    0.25118884E+02    0.63778146E+00   -0.33528617E+00
    0.25490130E+02    0.63293597E+00   -0.33345996E+00
    0.25894179E+02    0.62776156E+00   -0.33149417E+00
    0.26333621E+02    0.62224705E+00   -0.32938134E+00
    0.26811992E+02    0.61637327E+00   -0.32711117E+00
    0.27334251E+02    0.61010795E+00   -0.32466833E+00
    0.27907634E+02    0.60340019E+00   -0.32202796E+00
    0.28543321E+02    0.59616286E+00   -0.31915207E+00
    0.29260159E+02    0.58824161E+00   -0.31597259E+00
    0.30094906E+02    0.57931927E+00   -0.31235289E+00
    0.31143703E+02    0.56854304E+00   -0.30792834E+00
    0.24601078E+02    0.64469035E+00   -0.33786521E+00
    0.24603968E+02    0.64465128E+00   -0.33785072E+00
    0.24627097E+02    0.64433883E+00   -0.33773478E+00
    0.24673388E+02    0.64371460E+00   -0.33750294E+00
    0.24742907E+02    0.64277990E+00   -0.33715525E+00
    0.24835757E+02    0.64153667E+00   -0.33669182E+00
    0.24952088E+02    0.63998728E+00   -0.33611286E+00
    0.25092099E+02    0.63813444E+00   -0.33541866E+00
    0.25256052E+02    0.63598120E+00   -0.33460925E+00
    0.25444287E+02    0.63352968E+00   -0.33368444E+00
    0.25657238E+02    0.63078361E+00   -0.33264428E+00
    0.25895462E+02    0.62774529E+00   -0.33148796E+00
    0.26159664E+02    0.62441652E+00   -0.33021446E+00
    0.26450748E+02    0.62079634E+00   -0.32882263E+00
    0.26769870E+02    0.61688517E+00   -0.32730984E+00
    0.27118523E+02    0.61267768E+00   -0.32567289E+00
    0.27498656E+02    0.60816646E+00   -0.32390665E+00
    0.27912850E+02    0.60333995E+00   -0.32200414E+00
    0.28364599E+02    0.59817743E+00   -0.31995548E+00
    0.28858774E+02    0.59264658E+00   -0.31774449E+00
    0.29402442E+02    0.58669813E+00   -0.31534963E+00
    0.30006479E+02    0.58024979E+00   -0.31273228E+00
    0.30689159E+02    0.57315632E+00   -0.30982932E+00
    0.31486044E+02    0.56512554E+00   -0.30651299E+00
    0.32489965E+02    0.55536701E+00   -0.30244289E+00
