    0.25181294E-04    0.24312891E+01   -0.10407927E-01
    0.43115992E+00    0.24053146E+01   -0.54351729E-01
    0.12939326E+01    0.23902050E+01   -0.16177616E+00
    0.21580702E+01    0.23606168E+01   -0.26541691E+00
    0.30245036E+01    0.23177765E+01   -0.36291961E+00
    0.38941959E+01    0.22634551E+01   -0.45217311E+00
    0.47681575E+01    0.21998613E+01   -0.53137454E+00
    0.56474629E+01    0.21295786E+01   -0.59906521E+00
    0.65332701E+01    0.20554142E+01   -0.65414792E+00
    0.74268453E+01    0.19802968E+01   -0.69585429E+00
    0.83295919E+01    0.19071828E+01   -0.72369518E+00
    0.92430885E+01    0.18382749E+01   -0.73878712E+00
    0.10169138E+02    0.17738144E+01   -0.74512261E+00
    0.11109833E+02    0.17135253E+01   -0.74563815E+00
    0.12067645E+02    0.16569956E+01   -0.74219973E+00
    0.13045550E+02    0.16038047E+01   -0.73602267E+00
    0.14047211E+02    0.15535361E+01   -0.72791130E+00
    0.15077254E+02    0.15057665E+01   -0.71840306E+00
    0.16141699E+02    0.14601051E+01   -0.70785268E+00
    0.17248686E+02    0.14161453E+01   -0.69647758E+00
    0.18409761E+02    0.13734322E+01   -0.68439334E+00
    0.19642425E+02    0.13314523E+01   -0.67160886E+00
    0.20975833E+02    0.12894514E+01   -0.65799881E+00
    0.22466595E+02    0.12461776E+01   -0.64319006E+00
    0.24263119E+02    0.11984895E+01   -0.62602622E+00
    0.61175440E+00    0.24033865E+01   -0.77037089E-01
    0.74842656E+00    0.24014923E+01   -0.94151485E-01
    0.14312600E+01    0.23864456E+01   -0.17857678E+00
    0.22431029E+01    0.23569708E+01   -0.27530676E+00
    0.30857520E+01    0.23142993E+01   -0.36951104E+00
    0.39419545E+01    0.22601860E+01   -0.45678750E+00
    0.48072414E+01    0.21968554E+01   -0.53464751E+00
    0.56805000E+01    0.21268556E+01   -0.60136025E+00
    0.65618490E+01    0.20530000E+01   -0.65569889E+00
    0.74519980E+01    0.19782085E+01   -0.69682432E+00
    0.83520263E+01    0.19054268E+01   -0.72420644E+00
    0.92633109E+01    0.18368110E+01   -0.73900717E+00
    0.10187522E+02    0.17725881E+01   -0.74518141E+00
    0.11126663E+02    0.17124921E+01   -0.74560718E+00
    0.12083141E+02    0.16561187E+01   -0.74211995E+00
    0.13059886E+02    0.16030568E+01   -0.73591738E+00
    0.14060526E+02    0.15528944E+01   -0.72779466E+00
    0.15089660E+02    0.15052138E+01   -0.71828342E+00
    0.16153288E+02    0.14596275E+01   -0.70773517E+00
    0.17259531E+02    0.14157307E+01   -0.69636504E+00
    0.18419923E+02    0.13730727E+01   -0.68428749E+00
    0.19651949E+02    0.13311397E+01   -0.67151062E+00
    0.20984752E+02    0.12891816E+01   -0.65790885E+00
    0.22474923E+02    0.12459456E+01   -0.64310868E+00
    0.24270830E+02    0.11982941E+01   -0.62595424E+00
    0.14048345E+01    0.23871938E+01   -0.17535263E+00
    0.14695097E+01    0.23853296E+01   -0.18323642E+00
    0.19099271E+01    0.23705256E+01   -0.23620738E+00
    0.25750392E+01    0.23415432E+01   -0.31328103E+00
    0.33348436E+01    0.22995764E+01   -0.39586052E+00
    0.41398456E+01    0.22463769E+01   -0.47556498E+00
    0.49708034E+01    0.21841177E+01   -0.54808253E+00
    0.58195701E+01    0.21153397E+01   -0.61081952E+00
    0.66826027E+01    0.20427984E+01   -0.66209449E+00
    0.75585442E+01    0.19693833E+01   -0.70081056E+00
    0.84472280E+01    0.18980077E+01   -0.72628599E+00
    0.93492376E+01    0.18306139E+01   -0.73989649E+00
    0.10265716E+02    0.17673965E+01   -0.74540655E+00
    0.11198301E+02    0.17081096E+01   -0.74546216E+00
    0.12149141E+02    0.16523953E+01   -0.74177234E+00
    0.13120973E+02    0.15998793E+01   -0.73546451E+00
    0.14117284E+02    0.15501656E+01   -0.72729518E+00
    0.15142561E+02    0.15028632E+01   -0.71777229E+00
    0.16202716E+02    0.14575944E+01   -0.70723336E+00
    0.17305800E+02    0.14139642E+01   -0.69588462E+00
    0.18463284E+02    0.13715421E+01   -0.68383583E+00
    0.19692598E+02    0.13298075E+01   -0.67109142E+00
    0.21022824E+02    0.12880318E+01   -0.65752505E+00
    0.22510474E+02    0.12449563E+01   -0.64276138E+00
    0.24303755E+02    0.11974606E+01   -0.62564705E+00
    0.22040422E+01    0.23586596E+01   -0.27077178E+00
    0.22458185E+01    0.23568527E+01   -0.27562157E+00
    0.25557902E+01    0.23424864E+01   -0.31110781E+00
    0.30846505E+01    0.23143622E+01   -0.36939288E+00
    0.37423821E+01    0.22736502E+01   -0.43729870E+00
    0.44746579E+01    0.22220598E+01   -0.50604304E+00
    0.52529161E+01    0.21617108E+01   -0.57025000E+00
    0.60623130E+01    0.20950776E+01   -0.62654113E+00
    0.68950287E+01    0.20248639E+01   -0.67272539E+00
    0.77469886E+01    0.19538986E+01   -0.70737035E+00
    0.86162580E+01    0.18849750E+01   -0.72963833E+00
    0.95022359E+01    0.18196976E+01   -0.74130198E+00
    0.10405247E+02    0.17582139E+01   -0.74571412E+00
    0.11326350E+02    0.17003302E+01   -0.74515103E+00
    0.12267268E+02    0.16457811E+01   -0.74111984E+00
    0.13230426E+02    0.15942196E+01   -0.73463759E+00
    0.14219070E+02    0.15452990E+01   -0.72639113E+00
    0.15237500E+02    0.14986664E+01   -0.71685159E+00
    0.16291478E+02    0.14539602E+01   -0.70633023E+00
    0.17388932E+02    0.14108044E+01   -0.69502086E+00
    0.18541227E+02    0.13688020E+01   -0.68302426E+00
    0.19765694E+02    0.13274209E+01   -0.67033836E+00
    0.21091311E+02    0.12859697E+01   -0.65683538E+00
    0.22574448E+02    0.12431813E+01   -0.64213718E+00
    0.24363020E+02    0.11959633E+01   -0.62509477E+00
    0.30066060E+01    0.23187839E+01   -0.36098504E+00
    0.30373637E+01    0.23170515E+01   -0.36430753E+00
    0.32732157E+01    0.23033018E+01   -0.38941132E+00
    0.37009386E+01    0.22763905E+01   -0.43318336E+00
    0.42646573E+01    0.22374470E+01   -0.48711936E+00
    0.49198009E+01    0.21881130E+01   -0.54393877E+00
    0.56369323E+01    0.21304458E+01   -0.59832985E+00
    0.63979306E+01    0.20668371E+01   -0.64660891E+00
    0.71918911E+01    0.19999066E+01   -0.68625153E+00
    0.80123474E+01    0.19323737E+01   -0.71554455E+00
    0.88556073E+01    0.18668426E+01   -0.73370067E+00
    0.97197924E+01    0.18044303E+01   -0.74293620E+00
    0.10604294E+02    0.17453037E+01   -0.74595342E+00
    0.11509477E+02    0.16893677E+01   -0.74459539E+00
    0.12436548E+02    0.16364232E+01   -0.74012494E+00
    0.13387534E+02    0.15861908E+01   -0.73341695E+00
    0.14365369E+02    0.15383735E+01   -0.72507429E+00
    0.15374110E+02    0.14926735E+01   -0.71551668E+00
    0.16419322E+02    0.14487622E+01   -0.70502642E+00
    0.17508764E+02    0.14062906E+01   -0.69377588E+00
    0.18653659E+02    0.13648685E+01   -0.68185473E+00
    0.19871199E+02    0.13240016E+01   -0.66925393E+00
    0.21190216E+02    0.12830038E+01   -0.65584084E+00
    0.22666883E+02    0.12406290E+01   -0.64123731E+00
    0.24448694E+02    0.11938069E+01   -0.62429801E+00
    0.38127523E+01    0.22689602E+01   -0.44423297E+00
    0.38370534E+01    0.22673235E+01   -0.44661169E+00
    0.40263311E+01    0.22543559E+01   -0.46486162E+00
    0.43811354E+01    0.22289659E+01   -0.49769652E+00
    0.48666931E+01    0.21922492E+01   -0.53957893E+00
    0.54499396E+01    0.21457628E+01   -0.58496245E+00
    0.61051131E+01    0.20914882E+01   -0.62920850E+00
    0.68140236E+01    0.20316963E+01   -0.66876538E+00
    0.75644364E+01    0.19688970E+01   -0.70102517E+00
    0.83483598E+01    0.19057136E+01   -0.72412345E+00
    0.91607413E+01    0.18442594E+01   -0.73784673E+00
    0.99985881E+01    0.17852972E+01   -0.74446693E+00
    0.10860407E+02    0.17290283E+01   -0.74594809E+00
    0.11745870E+02    0.16754746E+01   -0.74370159E+00
    0.12655637E+02    0.16244953E+01   -0.73873775E+00
    0.13591301E+02    0.15759194E+01   -0.73177652E+00
    0.14555454E+02    0.15294942E+01   -0.72333286E+00
    0.15551870E+02    0.14849735E+01   -0.71376570E+00
    0.16585884E+02    0.14420571E+01   -0.70332001E+00
    0.17665057E+02    0.14004458E+01   -0.69214942E+00
    0.18800436E+02    0.13597696E+01   -0.68032805E+00
    0.20009046E+02    0.13195658E+01   -0.66783842E+00
    0.21319537E+02    0.12791513E+01   -0.65454340E+00
    0.22787825E+02    0.12373125E+01   -0.64006377E+00
    0.24560864E+02    0.11909994E+01   -0.62325783E+00
    0.46232021E+01    0.22109188E+01   -0.51902887E+00
    0.46432636E+01    0.22094009E+01   -0.52075699E+00
    0.48008603E+01    0.21973480E+01   -0.53411492E+00
    0.51020843E+01    0.21737598E+01   -0.55855780E+00
    0.55246375E+01    0.21396630E+01   -0.59037261E+00
    0.60447299E+01    0.20965508E+01   -0.62543625E+00
    0.66414851E+01    0.20462705E+01   -0.65994488E+00
    0.72984817E+01    0.19909906E+01   -0.69072878E+00
    0.80036002E+01    0.19330774E+01   -0.71529482E+00
    0.87482586E+01    0.18749264E+01   -0.73197279E+00
    0.95265995E+01    0.18179724E+01   -0.74150563E+00
    0.10334829E+02    0.17628312E+01   -0.74557410E+00
    0.11170737E+02    0.17097937E+01   -0.74552048E+00
    0.12033386E+02    0.16589382E+01   -0.74237386E+00
    0.12922928E+02    0.16102405E+01   -0.73690774E+00
    0.13840534E+02    0.15635790E+01   -0.72969524E+00
    0.14788446E+02    0.15187858E+01   -0.72115661E+00
    0.15770149E+02    0.14756455E+01   -0.71159284E+00
    0.16790725E+02    0.14339196E+01   -0.70121316E+00
    0.17857524E+02    0.13933420E+01   -0.69014635E+00
    0.18981394E+02    0.13535590E+01   -0.67844779E+00
    0.20179169E+02    0.13141370E+01   -0.66609456E+00
    0.21479282E+02    0.12744294E+01   -0.65294501E+00
    0.22937347E+02    0.12332406E+01   -0.63861705E+00
    0.24699655E+02    0.11875510E+01   -0.62197544E+00
    0.54388585E+01    0.21466652E+01   -0.58415196E+00
    0.54559217E+01    0.21452754E+01   -0.58539908E+00
    0.55906568E+01    0.21342510E+01   -0.59507594E+00
    0.58513630E+01    0.21126944E+01   -0.61293609E+00
    0.62232471E+01    0.20815610E+01   -0.63640661E+00
    0.66892409E+01    0.20422370E+01   -0.66243878E+00
    0.72330152E+01    0.19964605E+01   -0.68800312E+00
    0.78406007E+01    0.19462625E+01   -0.71039525E+00
    0.85008706E+01    0.18938500E+01   -0.72739571E+00
    0.92053904E+01    0.18410086E+01   -0.73836554E+00
    0.99480291E+01    0.17887286E+01   -0.74423332E+00
    0.10724545E+02    0.17376123E+01   -0.74599299E+00
    0.11532240E+02    0.16880191E+01   -0.74451781E+00
    0.12369704E+02    0.16401038E+01   -0.74052657E+00
    0.13236663E+02    0.15938986E+01   -0.73458989E+00
    0.14133915E+02    0.15493680E+01   -0.72714816E+00
    0.15063377E+02    0.15063854E+01   -0.71853677E+00
    0.16028249E+02    0.14648062E+01   -0.70900027E+00
    0.17033368E+02    0.14244333E+01   -0.69870843E+00
    0.18085860E+02    0.13850206E+01   -0.68776762E+00
    0.19196367E+02    0.13462718E+01   -0.67621876E+00
    0.20381512E+02    0.13077627E+01   -0.66402841E+00
    0.21669489E+02    0.12688661E+01   -0.65104883E+00
    0.23115559E+02    0.12284273E+01   -0.63689914E+00
    0.24865239E+02    0.11834665E+01   -0.62045153E+00
    0.62607479E+01    0.20784037E+01   -0.63864182E+00
    0.62755767E+01    0.20771549E+01   -0.63951888E+00
    0.63930607E+01    0.20672478E+01   -0.64633169E+00
    0.66222527E+01    0.20478922E+01   -0.65892944E+00
    0.69530271E+01    0.20199725E+01   -0.67549053E+00
    0.73730404E+01    0.19847731E+01   -0.69374160E+00
    0.78697071E+01    0.19438998E+01   -0.71130457E+00
    0.84315361E+01    0.18992270E+01   -0.72595305E+00
    0.90487890E+01    0.18524797E+01   -0.73645028E+00
    0.97136499E+01    0.18048573E+01   -0.74289563E+00
    0.10420128E+02    0.17572417E+01   -0.74573991E+00
    0.11163855E+02    0.17102146E+01   -0.74553456E+00
    0.11941873E+02    0.16641552E+01   -0.74282368E+00
    0.12752465E+02    0.16192982E+01   -0.73809149E+00
    0.13595037E+02    0.15757328E+01   -0.73174593E+00
    0.14470084E+02    0.15334665E+01   -0.72411875E+00
    0.15379243E+02    0.14924496E+01   -0.71546628E+00
    0.16325457E+02    0.14525745E+01   -0.70598403E+00
    0.17313331E+02    0.14136771E+01   -0.69580639E+00
    0.18349772E+02    0.13755609E+01   -0.68501821E+00
    0.19445212E+02    0.13379532E+01   -0.67364386E+00
    0.20616057E+02    0.13004603E+01   -0.66164169E+00
    0.21890239E+02    0.12624824E+01   -0.64885846E+00
    0.23322626E+02    0.12228915E+01   -0.63491363E+00
    0.25057851E+02    0.11787624E+01   -0.61868749E+00
    0.70900165E+01    0.20084479E+01   -0.68178530E+00
    0.71031143E+01    0.20073476E+01   -0.68236978E+00
    0.72071211E+01    0.19986298E+01   -0.68690381E+00
    0.74111808E+01    0.19815983E+01   -0.69524457E+00
    0.77081746E+01    0.19570725E+01   -0.70607023E+00
    0.80890726E+01    0.19262229E+01   -0.71767736E+00
    0.85442179E+01    0.18905046E+01   -0.72826098E+00
    0.90643351E+01    0.18513337E+01   -0.73665254E+00
    0.96411593E+01    0.18099186E+01   -0.74239259E+00
    0.10267734E+02    0.17672629E+01   -0.74541186E+00
    0.10938484E+02    0.17241383E+01   -0.74588196E+00
    0.11649164E+02    0.16811207E+01   -0.74409049E+00
    0.12396762E+02    0.16386119E+01   -0.74036529E+00
    0.13179405E+02    0.15968521E+01   -0.73502545E+00
    0.13996299E+02    0.15559950E+01   -0.72835528E+00
    0.14847717E+02    0.15160916E+01   -0.72059620E+00
    0.15735072E+02    0.14771325E+01   -0.71194336E+00
    0.16661090E+02    0.14390567E+01   -0.70254787E+00
    0.17630167E+02    0.14017458E+01   -0.69251267E+00
    0.18649008E+02    0.13650308E+01   -0.68190310E+00
    0.19727839E+02    0.13286552E+01   -0.67072820E+00
    0.20882844E+02    0.12922747E+01   -0.65893792E+00
    0.22141678E+02    0.12553059E+01   -0.64637645E+00
    0.23558783E+02    0.12166483E+01   -0.63266209E+00
    0.25277802E+02    0.11734395E+01   -0.61668444E+00
    0.79279488E+01    0.19391827E+01   -0.71307922E+00
    0.79396644E+01    0.19382353E+01   -0.71342894E+00
    0.80328472E+01    0.19307266E+01   -0.71612458E+00
    0.82164250E+01    0.19160932E+01   -0.72098811E+00
    0.84852810E+01    0.18950565E+01   -0.72707770E+00
    0.88327308E+01    0.18685601E+01   -0.73334484E+00
    0.92513620E+01    0.18376758E+01   -0.73887766E+00
    0.97337664E+01    0.18034600E+01   -0.74302732E+00
    0.10273071E+02    0.17669095E+01   -0.74542577E+00
    0.10863259E+02    0.17288491E+01   -0.74594618E+00
    0.11499325E+02    0.16899703E+01   -0.74462942E+00
    0.12177317E+02    0.16508113E+01   -0.74161993E+00
    0.12894330E+02    0.16117517E+01   -0.73711031E+00
    0.13648471E+02    0.15730699E+01   -0.73130647E+00
    0.14438851E+02    0.15349260E+01   -0.72440480E+00
    0.15265607E+02    0.14974289E+01   -0.71657809E+00
    0.16129988E+02    0.14605883E+01   -0.70797138E+00
    0.17034552E+02    0.14243874E+01   -0.69869618E+00
    0.17983515E+02    0.13887352E+01   -0.68883398E+00
    0.18983401E+02    0.13534905E+01   -0.67842696E+00
    0.20044243E+02    0.13184379E+01   -0.66747711E+00
    0.21182003E+02    0.12832495E+01   -0.65592336E+00
    0.22424048E+02    0.12473646E+01   -0.64360608E+00
    0.23824363E+02    0.12097207E+01   -0.63014417E+00
    0.25525503E+02    0.11675140E+01   -0.61444352E+00
    0.87759980E+01    0.18728312E+01   -0.73243355E+00
    0.87865830E+01    0.18720330E+01   -0.73260672E+00
    0.88708739E+01    0.18656983E+01   -0.73393445E+00
    0.90374448E+01    0.18533169E+01   -0.73630094E+00
    0.92825516E+01    0.18354196E+01   -0.73921266E+00
    0.96011928E+01    0.18127202E+01   -0.74209612E+00
    0.99876658E+01    0.17860372E+01   -0.74441804E+00
    0.10436090E+02    0.17561996E+01   -0.74576616E+00
    0.10940830E+02    0.17239919E+01   -0.74587953E+00
    0.11496790E+02    0.16901209E+01   -0.74463786E+00
    0.12099597E+02    0.16551887E+01   -0.74203449E+00
    0.12745698E+02    0.16196601E+01   -0.73813727E+00
    0.13432405E+02    0.15839141E+01   -0.73306119E+00
    0.14157914E+02    0.15482187E+01   -0.72693553E+00
    0.14921334E+02    0.15127607E+01   -0.71989733E+00
    0.15722739E+02    0.14776564E+01   -0.71206649E+00
    0.16563281E+02    0.14429622E+01   -0.70355193E+00
    0.17445393E+02    0.14086724E+01   -0.69443432E+00
    0.18373149E+02    0.13747301E+01   -0.68477471E+00
    0.19352914E+02    0.13410203E+01   -0.67459797E+00
    0.20394545E+02    0.13073547E+01   -0.66389556E+00
    0.21513786E+02    0.12734145E+01   -0.65260036E+00
    0.22737716E+02    0.12386837E+01   -0.64054953E+00
    0.24119827E+02    0.12021294E+01   -0.62736605E+00
    0.25801494E+02    0.11609963E+01   -0.61196528E+00
    0.96358294E+01    0.18102919E+01   -0.74235384E+00
    0.96454709E+01    0.18096167E+01   -0.74242376E+00
    0.97223182E+01    0.18042548E+01   -0.74295279E+00
    0.98745368E+01    0.17937507E+01   -0.74385971E+00
    0.10099348E+02    0.17784930E+01   -0.74487829E+00
    0.10392977E+02    0.17590162E+01   -0.74569190E+00
    0.10751025E+02    0.17359308E+01   -0.74599157E+00
    0.11168843E+02    0.17099096E+01   -0.74552438E+00
    0.11641857E+02    0.16815500E+01   -0.74411860E+00
    0.12165823E+02    0.16514571E+01   -0.74168238E+00
    0.12737006E+02    0.16201253E+01   -0.73819595E+00
    0.13352299E+02    0.15879831E+01   -0.73369409E+00
    0.14009303E+02    0.15553661E+01   -0.72824219E+00
    0.14706380E+02    0.15225354E+01   -0.72192870E+00
    0.15442709E+02    0.14896886E+01   -0.71484225E+00
    0.16218372E+02    0.14569519E+01   -0.70707423E+00
    0.17034476E+02    0.14243904E+01   -0.69869697E+00
    0.17893373E+02    0.13920278E+01   -0.68977302E+00
    0.18799034E+02    0.13598181E+01   -0.68034264E+00
    0.19757691E+02    0.13276816E+01   -0.67042074E+00
    0.20779040E+02    0.12954481E+01   -0.65998872E+00
    0.21878621E+02    0.12628169E+01   -0.64897350E+00
    0.23083214E+02    0.12292975E+01   -0.63721032E+00
    0.24445799E+02    0.11938796E+01   -0.62432489E+00
    0.26106477E+02    0.11538954E+01   -0.60924924E+00
    0.10509380E+02    0.17514295E+01   -0.74586790E+00
    0.10518221E+02    0.17508565E+01   -0.74587803E+00
    0.10588736E+02    0.17463045E+01   -0.74594278E+00
    0.10728669E+02    0.17373502E+01   -0.74599301E+00
    0.10935936E+02    0.17242974E+01   -0.74588457E+00
    0.11207668E+02    0.17075376E+01   -0.74544162E+00
    0.11540468E+02    0.16875322E+01   -0.74448931E+00
    0.11930671E+02    0.16647968E+01   -0.74287709E+00
    0.12374598E+02    0.16398337E+01   -0.74049753E+00
    0.12868764E+02    0.16131058E+01   -0.73729011E+00
    0.13410040E+02    0.15850480E+01   -0.73323891E+00
    0.13995776E+02    0.15560203E+01   -0.72835982E+00
    0.14623899E+02    0.15263280E+01   -0.72269851E+00
    0.15292987E+02    0.14962255E+01   -0.71631111E+00
    0.16002347E+02    0.14658861E+01   -0.70926154E+00
    0.16752118E+02    0.14354450E+01   -0.70161122E+00
    0.17543409E+02    0.14049915E+01   -0.69341565E+00
    0.18378538E+02    0.13745388E+01   -0.68471858E+00
    0.19261400E+02    0.13440828E+01   -0.67554514E+00
    0.20198124E+02    0.13135360E+01   -0.66590068E+00
    0.21198264E+02    0.12827632E+01   -0.65576000E+00
    0.22277162E+02    0.12514819E+01   -0.64504510E+00
    0.23461301E+02    0.12192159E+01   -0.63358999E+00
    0.24803124E+02    0.11849950E+01   -0.62102243E+00
    0.26441369E+02    0.11462162E+01   -0.60629322E+00
    0.11398941E+02    0.16959696E+01   -0.74494614E+00
    0.11407092E+02    0.16954806E+01   -0.74492182E+00
    0.11472145E+02    0.16915876E+01   -0.74471874E+00
    0.11601427E+02    0.16839310E+01   -0.74427076E+00
    0.11793366E+02    0.16727158E+01   -0.74349986E+00
    0.12045772E+02    0.16582353E+01   -0.74231126E+00
    0.12356018E+02    0.16408596E+01   -0.74060744E+00
    0.12721230E+02    0.16209704E+01   -0.73830206E+00
    0.13138473E+02    0.15989715E+01   -0.73533360E+00
    0.13604921E+02    0.15752394E+01   -0.73166489E+00
    0.14118001E+02    0.15501312E+01   -0.72728885E+00
    0.14675508E+02    0.15239521E+01   -0.72221758E+00
    0.15275707E+02    0.14969847E+01   -0.71647967E+00
    0.15917419E+02    0.14694403E+01   -0.71011645E+00
    0.16600118E+02    0.14414880E+01   -0.70317393E+00
    0.17324036E+02    0.14132693E+01   -0.69569517E+00
    0.18090329E+02    0.13848590E+01   -0.68772106E+00
    0.18901308E+02    0.13562969E+01   -0.67927944E+00
    0.19760828E+02    0.13275794E+01   -0.67038846E+00
    0.20674937E+02    0.12986451E+01   -0.66104412E+00
    0.21653064E+02    0.12693435E+01   -0.65121220E+00
    0.22710366E+02    0.12394338E+01   -0.64081493E+00
    0.23873027E+02    0.12084596E+01   -0.62968484E+00
    0.25192931E+02    0.11754884E+01   -0.61745594E+00
    0.26807365E+02    0.11379583E+01   -0.60309542E+00
    0.12307273E+02    0.16435579E+01   -0.74089139E+00
    0.12314823E+02    0.16431393E+01   -0.74084782E+00
    0.12375106E+02    0.16398058E+01   -0.74049452E+00
    0.12495049E+02    0.16332157E+01   -0.73976501E+00
    0.12673460E+02    0.16235355E+01   -0.73862025E+00
    0.12908669E+02    0.16109935E+01   -0.73700893E+00
    0.13198648E+02    0.15958579E+01   -0.73487966E+00
    0.13541153E+02    0.15784304E+01   -0.73218571E+00
    0.13933865E+02    0.15590230E+01   -0.72889547E+00
    0.14374526E+02    0.15379428E+01   -0.72499115E+00
    0.14861059E+02    0.15154866E+01   -0.72046980E+00
    0.15391675E+02    0.14919074E+01   -0.71534414E+00
    0.15964972E+02    0.14674479E+01   -0.70963809E+00
    0.16580029E+02    0.14422914E+01   -0.70338008E+00
    0.17236503E+02    0.14166113E+01   -0.69660397E+00
    0.17934753E+02    0.13905142E+01   -0.68934200E+00
    0.18676004E+02    0.13640894E+01   -0.68162235E+00
    0.19462594E+02    0.13373776E+01   -0.67346433E+00
    0.20298360E+02    0.13103718E+01   -0.66487663E+00
    0.21189293E+02    0.12830314E+01   -0.65585011E+00
    0.22144712E+02    0.12552200E+01   -0.64634659E+00
    0.23179600E+02    0.12267089E+01   -0.63628386E+00
    0.24319839E+02    0.11970538E+01   -0.62549708E+00
    0.25616730E+02    0.11653509E+01   -0.61362225E+00
    0.27206027E+02    0.11291278E+01   -0.59964964E+00
    0.13237779E+02    0.15938412E+01   -0.73458134E+00
    0.13244799E+02    0.15934802E+01   -0.73452756E+00
    0.13300867E+02    0.15906066E+01   -0.73409516E+00
    0.13412534E+02    0.15849214E+01   -0.73321913E+00
    0.13578896E+02    0.15765395E+01   -0.73187801E+00
    0.13798680E+02    0.15656347E+01   -0.73005064E+00
    0.14070328E+02    0.15524224E+01   -0.72770866E+00
    0.14392103E+02    0.15371169E+01   -0.72483132E+00
    0.14762196E+02    0.15199827E+01   -0.72140416E+00
    0.15178829E+02    0.15012570E+01   -0.71742106E+00
    0.15640361E+02    0.14811716E+01   -0.71288752E+00
    0.16145386E+02    0.14599531E+01   -0.70781530E+00
    0.16692818E+02    0.14377955E+01   -0.70222174E+00
    0.17281991E+02    0.14148727E+01   -0.69613189E+00
    0.17912757E+02    0.13913183E+01   -0.68957112E+00
    0.18585618E+02    0.13672464E+01   -0.68256238E+00
    0.19301890E+02    0.13427250E+01   -0.67512595E+00
    0.20063958E+02    0.13178071E+01   -0.66727483E+00
    0.20875662E+02    0.12924936E+01   -0.65901056E+00
    0.21742952E+02    0.12667360E+01   -0.65031888E+00
    0.22675055E+02    0.12404041E+01   -0.64115788E+00
    0.23686783E+02    0.12132993E+01   -0.63144644E+00
    0.24803717E+02    0.11849803E+01   -0.62101698E+00
    0.26076555E+02    0.11545869E+01   -0.60951464E+00
    0.27639424E+02    0.11197094E+01   -0.59594844E+00
    0.14194756E+02    0.15464581E+01   -0.72660800E+00
    0.14201303E+02    0.15461458E+01   -0.72654966E+00
    0.14253609E+02    0.15436563E+01   -0.72608211E+00
    0.14357868E+02    0.15387265E+01   -0.72514233E+00
    0.14513398E+02    0.15314479E+01   -0.72372074E+00
    0.14719235E+02    0.15219466E+01   -0.72180814E+00
    0.14974192E+02    0.15103800E+01   -0.71939292E+00
    0.15276942E+02    0.14969305E+01   -0.71646764E+00
    0.15626091E+02    0.14817832E+01   -0.71302946E+00
    0.16020273E+02    0.14651385E+01   -0.70908076E+00
    0.16458226E+02    0.14471890E+01   -0.70462866E+00
    0.16938884E+02    0.14281081E+01   -0.69968478E+00
    0.17461457E+02    0.14080677E+01   -0.69426745E+00
    0.18025523E+02    0.13872072E+01   -0.68839630E+00
    0.18631134E+02    0.13656548E+01   -0.68208897E+00
    0.19278939E+02    0.13434941E+01   -0.67536354E+00
    0.19970359E+02    0.13208080E+01   -0.66823570E+00
    0.20707841E+02    0.12976332E+01   -0.66071039E+00
    0.21495245E+02    0.12739596E+01   -0.65278553E+00
    0.22338493E+02    0.12497591E+01   -0.64444371E+00
    0.23246729E+02    0.12249137E+01   -0.63564007E+00
    0.24234603E+02    0.11992125E+01   -0.62629253E+00
    0.25327390E+02    0.11722464E+01   -0.61623453E+00
    0.26575158E+02    0.11431810E+01   -0.60512017E+00
    0.28110319E+02    0.11096812E+01   -0.59197929E+00
    0.15183799E+02    0.15010371E+01   -0.71737287E+00
    0.15189920E+02    0.15007665E+01   -0.71731353E+00
    0.15238833E+02    0.14986077E+01   -0.71683863E+00
    0.15336396E+02    0.14943222E+01   -0.71588660E+00
    0.15482099E+02    0.14879832E+01   -0.71445443E+00
    0.15675220E+02    0.14796806E+01   -0.71254041E+00
    0.15914870E+02    0.14695473E+01   -0.71014207E+00
    0.16200049E+02    0.14577039E+01   -0.70726046E+00
    0.16529712E+02    0.14443093E+01   -0.70389628E+00
    0.16902834E+02    0.14295159E+01   -0.70005673E+00
    0.17318483E+02    0.14134808E+01   -0.69575286E+00
    0.17775895E+02    0.13963433E+01   -0.69099598E+00
    0.18274549E+02    0.13782432E+01   -0.68580174E+00
    0.18814254E+02    0.13592922E+01   -0.68018434E+00
    0.19395253E+02    0.13396109E+01   -0.67416014E+00
    0.20018345E+02    0.13192676E+01   -0.66774295E+00
    0.20685065E+02    0.12983334E+01   -0.66094138E+00
    0.21397929E+02    0.12768297E+01   -0.65375850E+00
    0.22160826E+02    0.12547638E+01   -0.64618804E+00
    0.22979663E+02    0.12320936E+01   -0.63820841E+00
    0.23863509E+02    0.12087060E+01   -0.62977462E+00
    0.24826853E+02    0.11844105E+01   -0.62080423E+00
    0.25894659E+02    0.11588143E+01   -0.61113297E+00
    0.27116336E+02    0.11311007E+01   -0.60042138E+00
    0.28622486E+02    0.10990130E+01   -0.58772475E+00
    0.16212475E+02    0.14571938E+01   -0.70713418E+00
    0.16218207E+02    0.14569586E+01   -0.70707591E+00
    0.16264028E+02    0.14550818E+01   -0.70660975E+00
    0.16355477E+02    0.14513527E+01   -0.70567801E+00
    0.16492179E+02    0.14458194E+01   -0.70428101E+00
    0.16673605E+02    0.14385589E+01   -0.70241927E+00
    0.16899103E+02    0.14296618E+01   -0.70009522E+00
    0.17167941E+02    0.14192392E+01   -0.69731475E+00
    0.17479358E+02    0.14073947E+01   -0.69408146E+00
    0.17832621E+02    0.13942563E+01   -0.69040561E+00
    0.18227080E+02    0.13799413E+01   -0.68629624E+00
    0.18662236E+02    0.13645693E+01   -0.68176554E+00
    0.19137809E+02    0.13482494E+01   -0.67682559E+00
    0.19653823E+02    0.13310783E+01   -0.67149130E+00
    0.20210700E+02    0.13131377E+01   -0.66577209E+00
    0.20809390E+02    0.12945184E+01   -0.65968128E+00
    0.21451538E+02    0.12752469E+01   -0.65322231E+00
    0.22139737E+02    0.12553609E+01   -0.64639556E+00
    0.22877911E+02    0.12348558E+01   -0.63919166E+00
    0.23671956E+02    0.12136861E+01   -0.63158708E+00
    0.24530872E+02    0.11917482E+01   -0.62353561E+00
    0.25468985E+02    0.11688588E+01   -0.61495341E+00
    0.26510940E+02    0.11446355E+01   -0.60568263E+00
    0.27705455E+02    0.11182896E+01   -0.59538876E+00
    0.29181215E+02    0.10876405E+01   -0.58315472E+00
    0.17291521E+02    0.14145089E+01   -0.69603292E+00
    0.17296896E+02    0.14143038E+01   -0.69597710E+00
    0.17339866E+02    0.14126667E+01   -0.69553070E+00
    0.17425670E+02    0.14094158E+01   -0.69463920E+00
    0.17554040E+02    0.14045931E+01   -0.69330507E+00
    0.17724600E+02    0.13982371E+01   -0.69152971E+00
    0.17936890E+02    0.13904361E+01   -0.68931973E+00
    0.18190397E+02    0.13812561E+01   -0.68667842E+00
    0.18484597E+02    0.13707915E+01   -0.68361386E+00
    0.18818999E+02    0.13591284E+01   -0.68013500E+00
    0.19193197E+02    0.13463787E+01   -0.67625161E+00
    0.19606922E+02    0.13326185E+01   -0.67197508E+00
    0.20060111E+02    0.13179301E+01   -0.66731429E+00
    0.20552983E+02    0.13024134E+01   -0.66228256E+00
    0.21086127E+02    0.12861255E+01   -0.65688755E+00
    0.21660634E+02    0.12691234E+01   -0.65113689E+00
    0.22278260E+02    0.12514510E+01   -0.64503433E+00
    0.22941672E+02    0.12331233E+01   -0.63857528E+00
    0.23654834E+02    0.12141331E+01   -0.63174955E+00
    0.24423633E+02    0.11944366E+01   -0.62453087E+00
    0.25256999E+02    0.11739410E+01   -0.61687337E+00
    0.26169096E+02    0.11524513E+01   -0.60869453E+00
    0.27184228E+02    0.11296066E+01   -0.59983703E+00
    0.28350390E+02    0.11046487E+01   -0.58997747E+00
    0.29794222E+02    0.10754786E+01   -0.57822584E+00
    0.18437209E+02    0.13724619E+01   -0.68410743E+00
    0.18442249E+02    0.13722839E+01   -0.68405493E+00
    0.18482557E+02    0.13708633E+01   -0.68363510E+00
    0.18563080E+02    0.13680358E+01   -0.68279686E+00
    0.18683637E+02    0.13638235E+01   -0.68154297E+00
    0.18843976E+02    0.13582671E+01   -0.67987529E+00
    0.19043791E+02    0.13514356E+01   -0.67780037E+00
    0.19282751E+02    0.13433662E+01   -0.67532406E+00
    0.19560529E+02    0.13341449E+01   -0.67245363E+00
    0.19876838E+02    0.13238196E+01   -0.66919602E+00
    0.20231480E+02    0.13124804E+01   -0.66555970E+00
    0.20624387E+02    0.13002031E+01   -0.66155711E+00
    0.21055689E+02    0.12870414E+01   -0.65719399E+00
    0.21525777E+02    0.12730624E+01   -0.65248066E+00
    0.22035397E+02    0.12583251E+01   -0.64742375E+00
    0.22585771E+02    0.12428678E+01   -0.64202681E+00
    0.23178758E+02    0.12267314E+01   -0.63629194E+00
    0.23817100E+02    0.12099092E+01   -0.63021278E+00
    0.24504798E+02    0.11924003E+01   -0.62377731E+00
    0.25247729E+02    0.11741646E+01   -0.61695760E+00
    0.26054750E+02    0.11550914E+01   -0.60970818E+00
    0.26939850E+02    0.11350054E+01   -0.60194589E+00
    0.27926981E+02    0.11135540E+01   -0.59351858E+00
    0.29063354E+02    0.10900177E+01   -0.58411246E+00
    0.30473425E+02    0.10623742E+01   -0.57286694E+00
    0.19676653E+02    0.13303297E+01   -0.67125584E+00
    0.19681376E+02    0.13301750E+01   -0.67120713E+00
    0.19719151E+02    0.13289390E+01   -0.67081772E+00
    0.19794644E+02    0.13264798E+01   -0.67004053E+00
    0.19907744E+02    0.13228229E+01   -0.66887868E+00
    0.20058301E+02    0.13179880E+01   -0.66733286E+00
    0.20246135E+02    0.13120175E+01   -0.66540995E+00
    0.20471065E+02    0.13049633E+01   -0.66311603E+00
    0.20732927E+02    0.12968627E+01   -0.66045606E+00
    0.21031612E+02    0.12877668E+01   -0.65743651E+00
    0.21367095E+02    0.12777417E+01   -0.65406709E+00
    0.21739488E+02    0.12668363E+01   -0.65035327E+00
    0.22149086E+02    0.12550961E+01   -0.64630354E+00
    0.22596439E+02    0.12425727E+01   -0.64192286E+00
    0.23082433E+02    0.12293185E+01   -0.63721784E+00
    0.23608410E+02    0.12153469E+01   -0.63219038E+00
    0.24176327E+02    0.12006923E+01   -0.62683728E+00
    0.24788995E+02    0.11853433E+01   -0.62115242E+00
    0.25450444E+02    0.11693008E+01   -0.61512086E+00
    0.26166540E+02    0.11525101E+01   -0.60871715E+00
    0.26946057E+02    0.11348675E+01   -0.60189214E+00
    0.27802797E+02    0.11162017E+01   -0.59456563E+00
    0.28760324E+02    0.10961832E+01   -0.58659046E+00
    0.29865006E+02    0.10740967E+01   -0.57766264E+00
    0.31238912E+02    0.10480358E+01   -0.56695303E+00
    0.21062499E+02    0.12868363E+01   -0.65712541E+00
    0.21066911E+02    0.12867035E+01   -0.65708099E+00
    0.21102207E+02    0.12856422E+01   -0.65672573E+00
    0.21172769E+02    0.12835259E+01   -0.65601615E+00
    0.21278545E+02    0.12803692E+01   -0.65495428E+00
    0.21419468E+02    0.12761933E+01   -0.65354301E+00
    0.21595467E+02    0.12710216E+01   -0.65178562E+00
    0.21806483E+02    0.12648983E+01   -0.64968844E+00
    0.22052494E+02    0.12578382E+01   -0.64725510E+00
    0.22333537E+02    0.12498981E+01   -0.64449228E+00
    0.22649745E+02    0.12411010E+01   -0.64140394E+00
    0.23001381E+02    0.12315058E+01   -0.63799885E+00
    0.23388891E+02    0.12211320E+01   -0.63428056E+00
    0.23812964E+02    0.12100165E+01   -0.63025187E+00
    0.24274615E+02    0.11981982E+01   -0.62591892E+00
    0.24775295E+02    0.11856813E+01   -0.62127851E+00
    0.25317050E+02    0.11724949E+01   -0.61632829E+00
    0.25902750E+02    0.11586253E+01   -0.61106079E+00
    0.26536453E+02    0.11440571E+01   -0.60545904E+00
    0.27223997E+02    0.11287333E+01   -0.59949525E+00
    0.27974063E+02    0.11125560E+01   -0.59312247E+00
    0.28800238E+02    0.10953667E+01   -0.58626284E+00
    0.29725653E+02    0.10768221E+01   -0.57877267E+00
    0.30795726E+02    0.10562794E+01   -0.57036095E+00
    0.32129859E+02    0.10318988E+01   -0.56023470E+00
    0.22732765E+02    0.12388194E+01   -0.64059756E+00
    0.22736853E+02    0.12387074E+01   -0.64055790E+00
    0.22769560E+02    0.12378119E+01   -0.64024077E+00
    0.22834970E+02    0.12360256E+01   -0.63960720E+00
    0.22933081E+02    0.12333564E+01   -0.63865827E+00
    0.23063897E+02    0.12298179E+01   -0.63739629E+00
    0.23227439E+02    0.12254289E+01   -0.63582494E+00
    0.23423758E+02    0.12202085E+01   -0.63394789E+00
    0.23652954E+02    0.12141822E+01   -0.63176740E+00
    0.23915197E+02    0.12073698E+01   -0.62928738E+00
    0.24210756E+02    0.11998177E+01   -0.62651537E+00
    0.24540034E+02    0.11915193E+01   -0.62345072E+00
    0.24903614E+02    0.11825249E+01   -0.62009931E+00
    0.25302312E+02    0.11728494E+01   -0.61646198E+00
    0.25737262E+02    0.11625063E+01   -0.61254038E+00
    0.26210017E+02    0.11515095E+01   -0.60833250E+00
    0.26722701E+02    0.11398556E+01   -0.60383212E+00
    0.27278237E+02    0.11275444E+01   -0.59902972E+00
    0.27880693E+02    0.11145382E+01   -0.59390847E+00
    0.28535868E+02    0.11007995E+01   -0.58843995E+00
    0.29252315E+02    0.10862128E+01   -0.58257862E+00
    0.30043360E+02    0.10706317E+01   -0.57624824E+00
    0.30931605E+02    0.10537371E+01   -0.56931163E+00
    0.31961328E+02    0.10349022E+01   -0.56149212E+00
    0.33248723E+02    0.10124157E+01   -0.55203770E+00
