    0.25151651E-04    0.49357138E-05    0.27879698E+01
    0.43065237E+00    0.84432317E-01    0.27879698E+01
    0.12924095E+01    0.25150884E+00    0.27879698E+01
    0.21555298E+01    0.41320243E+00    0.27879698E+01
    0.30209432E+01    0.56586185E+00    0.27879698E+01
    0.38896118E+01    0.70573949E+00    0.27879698E+01
    0.47625446E+01    0.82894785E+00    0.27879698E+01
    0.56408149E+01    0.93141048E+00    0.27879698E+01
    0.65255794E+01    0.10088912E+01    0.27879698E+01
    0.74181027E+01    0.10629129E+01    0.27879698E+01
    0.83197865E+01    0.11020477E+01    0.27879698E+01
    0.92322078E+01    0.11317107E+01    0.27879698E+01
    0.10157167E+02    0.11550749E+01    0.27879698E+01
    0.11096755E+02    0.11741021E+01    0.27879698E+01
    0.12053439E+02    0.11900616E+01    0.27879698E+01
    0.13030193E+02    0.12038069E+01    0.27879698E+01
    0.14030675E+02    0.12159337E+01    0.27879698E+01
    0.15059506E+02    0.12268731E+01    0.27879698E+01
    0.16122698E+02    0.12369503E+01    0.27879698E+01
    0.17228381E+02    0.12464235E+01    0.27879698E+01
    0.18388090E+02    0.12555148E+01    0.27879698E+01
    0.19619303E+02    0.12644379E+01    0.27879698E+01
    0.20951141E+02    0.12734393E+01    0.27879698E+01
    0.22440148E+02    0.12828886E+01    0.27879698E+01
    0.24234557E+02    0.12936258E+01    0.27879698E+01
    0.61103426E+00    0.11968512E+00    0.27879698E+01
    0.74754554E+00    0.14628841E+00    0.27879698E+01
    0.14295751E+01    0.27767991E+00    0.27879698E+01
    0.22404624E+01    0.42866541E+00    0.27879698E+01
    0.30821195E+01    0.57619555E+00    0.27879698E+01
    0.39373141E+01    0.71295702E+00    0.27879698E+01
    0.48015824E+01    0.83398934E+00    0.27879698E+01
    0.56738131E+01    0.93478739E+00    0.27879698E+01
    0.65541246E+01    0.10109415E+01    0.27879698E+01
    0.74432258E+01    0.10641790E+01    0.27879698E+01
    0.83421946E+01    0.11028783E+01    0.27879698E+01
    0.92524064E+01    0.11322834E+01    0.27879698E+01
    0.10175530E+02    0.11554866E+01    0.27879698E+01
    0.11113565E+02    0.11744089E+01    0.27879698E+01
    0.12068917E+02    0.11902973E+01    0.27879698E+01
    0.13044512E+02    0.12039930E+01    0.27879698E+01
    0.14043974E+02    0.12160841E+01    0.27879698E+01
    0.15071897E+02    0.12269971E+01    0.27879698E+01
    0.16134272E+02    0.12370543E+01    0.27879698E+01
    0.17239213E+02    0.12465121E+01    0.27879698E+01
    0.18398239E+02    0.12555911E+01    0.27879698E+01
    0.19628815E+02    0.12645044E+01    0.27879698E+01
    0.20960050E+02    0.12734976E+01    0.27879698E+01
    0.22448466E+02    0.12829399E+01    0.27879698E+01
    0.24242259E+02    0.12936706E+01    0.27879698E+01
    0.14031807E+01    0.27265568E+00    0.27879698E+01
    0.14677798E+01    0.28494187E+00    0.27879698E+01
    0.19076788E+01    0.36756971E+00    0.27879698E+01
    0.25720080E+01    0.48808626E+00    0.27879698E+01
    0.33309179E+01    0.61751020E+00    0.27879698E+01
    0.41349723E+01    0.74229604E+00    0.27879698E+01
    0.49649519E+01    0.85461761E+00    0.27879698E+01
    0.58127195E+01    0.94860255E+00    0.27879698E+01
    0.66747361E+01    0.10193340E+01    0.27879698E+01
    0.75496466E+01    0.10694154E+01    0.27879698E+01
    0.84372842E+01    0.11063385E+01    0.27879698E+01
    0.93382320E+01    0.11346819E+01    0.27879698E+01
    0.10253632E+02    0.11572179E+01    0.27879698E+01
    0.11185119E+02    0.11757030E+01    0.27879698E+01
    0.12134839E+02    0.11912942E+01    0.27879698E+01
    0.13105528E+02    0.12047814E+01    0.27879698E+01
    0.14100666E+02    0.12167222E+01    0.27879698E+01
    0.15124736E+02    0.12275239E+01    0.27879698E+01
    0.16183643E+02    0.12374967E+01    0.27879698E+01
    0.17285428E+02    0.12468891E+01    0.27879698E+01
    0.18441550E+02    0.12559164E+01    0.27879698E+01
    0.19669417E+02    0.12647878E+01    0.27879698E+01
    0.20998077E+02    0.12737461E+01    0.27879698E+01
    0.22483976E+02    0.12831586E+01    0.27879698E+01
    0.24275146E+02    0.12938619E+01    0.27879698E+01
    0.22014476E+01    0.42157387E+00    0.27879698E+01
    0.22431748E+01    0.42915770E+00    0.27879698E+01
    0.25527816E+01    0.48468369E+00    0.27879698E+01
    0.30810194E+01    0.57601031E+00    0.27879698E+01
    0.37379767E+01    0.68245469E+00    0.27879698E+01
    0.44693905E+01    0.78975229E+00    0.27879698E+01
    0.52467326E+01    0.88835567E+00    0.27879698E+01
    0.60551766E+01    0.97113023E+00    0.27879698E+01
    0.68869121E+01    0.10331102E+01    0.27879698E+01
    0.77378691E+01    0.10782011E+01    0.27879698E+01
    0.86061152E+01    0.11122365E+01    0.27879698E+01
    0.94910501E+01    0.11388183E+01    0.27879698E+01
    0.10392999E+02    0.11602305E+01    0.27879698E+01
    0.11313017E+02    0.11779704E+01    0.27879698E+01
    0.12252827E+02    0.11930505E+01    0.27879698E+01
    0.13214852E+02    0.12061765E+01    0.27879698E+01
    0.14202332E+02    0.12178550E+01    0.27879698E+01
    0.15219563E+02    0.12284617E+01    0.27879698E+01
    0.16272300E+02    0.12382861E+01    0.27879698E+01
    0.17368462E+02    0.12475632E+01    0.27879698E+01
    0.18519401E+02    0.12564989E+01    0.27879698E+01
    0.19742427E+02    0.12652958E+01    0.27879698E+01
    0.21066483E+02    0.12741923E+01    0.27879698E+01
    0.22547874E+02    0.12835514E+01    0.27879698E+01
    0.24334341E+02    0.12942058E+01    0.27879698E+01
    0.30030667E+01    0.56282962E+00    0.27879698E+01
    0.30337883E+01    0.56803713E+00    0.27879698E+01
    0.32693626E+01    0.60739767E+00    0.27879698E+01
    0.36965820E+01    0.67600972E+00    0.27879698E+01
    0.42596370E+01    0.76031580E+00    0.27879698E+01
    0.49140095E+01    0.84826747E+00    0.27879698E+01
    0.56302967E+01    0.93032651E+00    0.27879698E+01
    0.63903992E+01    0.99882939E+00    0.27879698E+01
    0.71834251E+01    0.10504947E+01    0.27879698E+01
    0.80029155E+01    0.10896372E+01    0.27879698E+01
    0.88451827E+01    0.11200910E+01    0.27879698E+01
    0.97083506E+01    0.11444226E+01    0.27879698E+01
    0.10591811E+02    0.11643665E+01    0.27879698E+01
    0.11495929E+02    0.11811156E+01    0.27879698E+01
    0.12421909E+02    0.11955067E+01    0.27879698E+01
    0.13371774E+02    0.12081403E+01    0.27879698E+01
    0.14348459E+02    0.12194582E+01    0.27879698E+01
    0.15356013E+02    0.12297946E+01    0.27879698E+01
    0.16399994E+02    0.12394120E+01    0.27879698E+01
    0.17488154E+02    0.12485273E+01    0.27879698E+01
    0.18631700E+02    0.12573339E+01    0.27879698E+01
    0.19847807E+02    0.12660256E+01    0.27879698E+01
    0.21165272E+02    0.12748342E+01    0.27879698E+01
    0.22640200E+02    0.12841174E+01    0.27879698E+01
    0.24419914E+02    0.12947019E+01    0.27879698E+01
    0.38082641E+01    0.69331184E+00    0.27879698E+01
    0.38325366E+01    0.69703562E+00    0.27879698E+01
    0.40215914E+01    0.72557958E+00    0.27879698E+01
    0.43759781E+01    0.77678222E+00    0.27879698E+01
    0.48609642E+01    0.84157567E+00    0.27879698E+01
    0.54435241E+01    0.91047590E+00    0.27879698E+01
    0.60979264E+01    0.97488806E+00    0.27879698E+01
    0.68060023E+01    0.10279982E+01    0.27879698E+01
    0.75555318E+01    0.10696991E+01    0.27879698E+01
    0.83385324E+01    0.11027430E+01    0.27879698E+01
    0.91499575E+01    0.11293458E+01    0.27879698E+01
    0.99868181E+01    0.11511686E+01    0.27879698E+01
    0.10847623E+02    0.11694290E+01    0.27879698E+01
    0.11732044E+02    0.11850165E+01    0.27879698E+01
    0.12640739E+02    0.11985854E+01    0.27879698E+01
    0.13575302E+02    0.12106229E+01    0.27879698E+01
    0.14538319E+02    0.12214989E+01    0.27879698E+01
    0.15533563E+02    0.12315008E+01    0.27879698E+01
    0.16566359E+02    0.12408599E+01    0.27879698E+01
    0.17644262E+02    0.12497718E+01    0.27879698E+01
    0.18778305E+02    0.12584152E+01    0.27879698E+01
    0.19985492E+02    0.12669731E+01    0.27879698E+01
    0.21294440E+02    0.12756694E+01    0.27879698E+01
    0.22761000E+02    0.12848552E+01    0.27879698E+01
    0.24531952E+02    0.12953497E+01    0.27879698E+01
    0.46177598E+01    0.80988066E+00    0.27879698E+01
    0.46377977E+01    0.81255378E+00    0.27879698E+01
    0.47952088E+01    0.83316915E+00    0.27879698E+01
    0.50960783E+01    0.87061334E+00    0.27879698E+01
    0.55181341E+01    0.91854141E+00    0.27879698E+01
    0.60376142E+01    0.96956760E+00    0.27879698E+01
    0.66336669E+01    0.10165243E+01    0.27879698E+01
    0.72898901E+01    0.10562644E+01    0.27879698E+01
    0.79941786E+01    0.10892764E+01    0.27879698E+01
    0.87379604E+01    0.11166371E+01    0.27879698E+01
    0.95153851E+01    0.11394618E+01    0.27879698E+01
    0.10322663E+02    0.11587222E+01    0.27879698E+01
    0.11157587E+02    0.11752073E+01    0.27879698E+01
    0.12019221E+02    0.11895381E+01    0.27879698E+01
    0.12907715E+02    0.12021986E+01    0.27879698E+01
    0.13824241E+02    0.12135661E+01    0.27879698E+01
    0.14771038E+02    0.12239382E+01    0.27879698E+01
    0.15751585E+02    0.12335541E+01    0.27879698E+01
    0.16770960E+02    0.12426121E+01    0.27879698E+01
    0.17836502E+02    0.12512849E+01    0.27879698E+01
    0.18959049E+02    0.12597348E+01    0.27879698E+01
    0.20155415E+02    0.12681332E+01    0.27879698E+01
    0.21453998E+02    0.12766947E+01    0.27879698E+01
    0.22910346E+02    0.12857631E+01    0.27879698E+01
    0.24670579E+02    0.12961486E+01    0.27879698E+01
    0.54324561E+01    0.90926422E+00    0.27879698E+01
    0.54494991E+01    0.91112839E+00    0.27879698E+01
    0.55840757E+01    0.92551987E+00    0.27879698E+01
    0.58444750E+01    0.95166898E+00    0.27879698E+01
    0.62159213E+01    0.98491941E+00    0.27879698E+01
    0.66813665E+01    0.10197831E+01    0.27879698E+01
    0.72245007E+01    0.10527484E+01    0.27879698E+01
    0.78313710E+01    0.10823544E+01    0.27879698E+01
    0.84908636E+01    0.11082435E+01    0.27879698E+01
    0.91945542E+01    0.11306347E+01    0.27879698E+01
    0.99363186E+01    0.11499794E+01    0.27879698E+01
    0.10711920E+02    0.11667784E+01    0.27879698E+01
    0.11518664E+02    0.11814988E+01    0.27879698E+01
    0.12355143E+02    0.11945451E+01    0.27879698E+01
    0.13221081E+02    0.12062553E+01    0.27879698E+01
    0.14117277E+02    0.12169083E+01    0.27879698E+01
    0.15045645E+02    0.12267343E+01    0.27879698E+01
    0.16009381E+02    0.12359260E+01    0.27879698E+01
    0.17013317E+02    0.12446492E+01    0.27879698E+01
    0.18064570E+02    0.12530533E+01    0.27879698E+01
    0.19173769E+02    0.12612840E+01    0.27879698E+01
    0.20357520E+02    0.12695001E+01    0.27879698E+01
    0.21643981E+02    0.12779068E+01    0.27879698E+01
    0.23088348E+02    0.12868392E+01    0.27879698E+01
    0.24835969E+02    0.12970978E+01    0.27879698E+01
    0.62533779E+01    0.98799807E+00    0.27879698E+01
    0.62681893E+01    0.98920126E+00    0.27879698E+01
    0.63855350E+01    0.99845611E+00    0.27879698E+01
    0.66144572E+01    0.10151933E+01    0.27879698E+01
    0.69448422E+01    0.10366689E+01    0.27879698E+01
    0.73643611E+01    0.10601647E+01    0.27879698E+01
    0.78604431E+01    0.10836187E+01    0.27879698E+01
    0.84216107E+01    0.11057753E+01    0.27879698E+01
    0.90381371E+01    0.11260427E+01    0.27879698E+01
    0.97022153E+01    0.11442686E+01    0.27879698E+01
    0.10407862E+02    0.11605462E+01    0.27879698E+01
    0.11150713E+02    0.11750831E+01    0.27879698E+01
    0.11927815E+02    0.11881242E+01    0.27879698E+01
    0.12737453E+02    0.11999118E+01    0.27879698E+01
    0.13579033E+02    0.12106678E+01    0.27879698E+01
    0.14453051E+02    0.12205882E+01    0.27879698E+01
    0.15361139E+02    0.12298443E+01    0.27879698E+01
    0.16306240E+02    0.12385866E+01    0.27879698E+01
    0.17292950E+02    0.12469504E+01    0.27879698E+01
    0.18328171E+02    0.12550629E+01    0.27879698E+01
    0.19422322E+02    0.12630532E+01    0.27879698E+01
    0.20591789E+02    0.12710678E+01    0.27879698E+01
    0.21864470E+02    0.12793018E+01    0.27879698E+01
    0.23295171E+02    0.12880817E+01    0.27879698E+01
    0.25028354E+02    0.12981969E+01    0.27879698E+01
    0.70816703E+01    0.10447555E+01    0.27879698E+01
    0.70947527E+01    0.10455061E+01    0.27879698E+01
    0.71986371E+01    0.10513335E+01    0.27879698E+01
    0.74024566E+01    0.10621184E+01    0.27879698E+01
    0.76991008E+01    0.10764390E+01    0.27879698E+01
    0.80795504E+01    0.10927575E+01    0.27879698E+01
    0.85341599E+01    0.11097601E+01    0.27879698E+01
    0.90536648E+01    0.11265076E+01    0.27879698E+01
    0.96298100E+01    0.11424331E+01    0.27879698E+01
    0.10255647E+02    0.11572622E+01    0.27879698E+01
    0.10925608E+02    0.11709180E+01    0.27879698E+01
    0.11635451E+02    0.11834415E+01    0.27879698E+01
    0.12382169E+02    0.11949356E+01    0.27879698E+01
    0.13163891E+02    0.12055290E+01    0.27879698E+01
    0.13979823E+02    0.12153564E+01    0.27879698E+01
    0.14830239E+02    0.12245484E+01    0.27879698E+01
    0.15716549E+02    0.12332272E+01    0.27879698E+01
    0.16641477E+02    0.12415068E+01    0.27879698E+01
    0.17609413E+02    0.12494953E+01    0.27879698E+01
    0.18627055E+02    0.12572995E+01    0.27879698E+01
    0.19704616E+02    0.12650329E+01    0.27879698E+01
    0.20858262E+02    0.12728301E+01    0.27879698E+01
    0.22115614E+02    0.12808762E+01    0.27879698E+01
    0.23531050E+02    0.12894887E+01    0.27879698E+01
    0.25248046E+02    0.12994454E+01    0.27879698E+01
    0.79186163E+01    0.10861112E+01    0.27879698E+01
    0.79303181E+01    0.10866066E+01    0.27879698E+01
    0.80233912E+01    0.10904787E+01    0.27879698E+01
    0.82067529E+01    0.10977664E+01    0.27879698E+01
    0.84752924E+01    0.11076932E+01    0.27879698E+01
    0.88223332E+01    0.11193641E+01    0.27879698E+01
    0.92404716E+01    0.11319454E+01    0.27879698E+01
    0.97223082E+01    0.11447720E+01    0.27879698E+01
    0.10260978E+02    0.11573791E+01    0.27879698E+01
    0.10850471E+02    0.11694838E+01    0.27879698E+01
    0.11485788E+02    0.11809441E+01    0.27879698E+01
    0.12162983E+02    0.11917164E+01    0.27879698E+01
    0.12879151E+02    0.12018191E+01    0.27879698E+01
    0.13632405E+02    0.12113069E+01    0.27879698E+01
    0.14421854E+02    0.12202526E+01    0.27879698E+01
    0.15247637E+02    0.12287375E+01    0.27879698E+01
    0.16111001E+02    0.12368450E+01    0.27879698E+01
    0.17014500E+02    0.12446590E+01    0.27879698E+01
    0.17962346E+02    0.12522642E+01    0.27879698E+01
    0.18961055E+02    0.12597493E+01    0.27879698E+01
    0.20020648E+02    0.12672139E+01    0.27879698E+01
    0.21157068E+02    0.12747810E+01    0.27879698E+01
    0.22397652E+02    0.12826265E+01    0.27879698E+01
    0.23796318E+02    0.12910588E+01    0.27879698E+01
    0.25495456E+02    0.13008435E+01    0.27879698E+01
    0.87656672E+01    0.11175400E+01    0.27879698E+01
    0.87762397E+01    0.11178827E+01    0.27879698E+01
    0.88604314E+01    0.11205735E+01    0.27879698E+01
    0.90268062E+01    0.11257022E+01    0.27879698E+01
    0.92716244E+01    0.11328253E+01    0.27879698E+01
    0.95898906E+01    0.11414065E+01    0.27879698E+01
    0.99759086E+01    0.11509129E+01    0.27879698E+01
    0.10423805E+02    0.11608836E+01    0.27879698E+01
    0.10927951E+02    0.11709623E+01    0.27879698E+01
    0.11483256E+02    0.11809012E+01    0.27879698E+01
    0.12085354E+02    0.11905469E+01    0.27879698E+01
    0.12730695E+02    0.11998198E+01    0.27879698E+01
    0.13416593E+02    0.12086931E+01    0.27879698E+01
    0.14141248E+02    0.12171761E+01    0.27879698E+01
    0.14903769E+02    0.12253005E+01    0.27879698E+01
    0.15704231E+02    0.12331119E+01    0.27879698E+01
    0.16543784E+02    0.12406647E+01    0.27879698E+01
    0.17424857E+02    0.12480186E+01    0.27879698E+01
    0.18351521E+02    0.12552392E+01    0.27879698E+01
    0.19330133E+02    0.12623999E+01    0.27879698E+01
    0.20370537E+02    0.12695877E+01    0.27879698E+01
    0.21488461E+02    0.12769153E+01    0.27879698E+01
    0.22710950E+02    0.12845499E+01    0.27879698E+01
    0.24091434E+02    0.12927910E+01    0.27879698E+01
    0.25771121E+02    0.13023916E+01    0.27879698E+01
    0.96244865E+01    0.11422968E+01    0.27879698E+01
    0.96341165E+01    0.11425432E+01    0.27879698E+01
    0.97108734E+01    0.11444858E+01    0.27879698E+01
    0.98629128E+01    0.11482243E+01    0.27879698E+01
    0.10087459E+02    0.11534956E+01    0.27879698E+01
    0.10380743E+02    0.11599694E+01    0.27879698E+01
    0.10738369E+02    0.11673011E+01    0.27879698E+01
    0.11155695E+02    0.11751731E+01    0.27879698E+01
    0.11628152E+02    0.11833214E+01    0.27879698E+01
    0.12151501E+02    0.11915444E+01    0.27879698E+01
    0.12722012E+02    0.11997014E+01    0.27879698E+01
    0.13336581E+02    0.12077037E+01    0.27879698E+01
    0.13992812E+02    0.12155042E+01    0.27879698E+01
    0.14689068E+02    0.12230866E+01    0.27879698E+01
    0.15424531E+02    0.12304567E+01    0.27879698E+01
    0.16199280E+02    0.12376364E+01    0.27879698E+01
    0.17014423E+02    0.12446584E+01    0.27879698E+01
    0.17872310E+02    0.12515644E+01    0.27879698E+01
    0.18776904E+02    0.12584049E+01    0.27879698E+01
    0.19734433E+02    0.12652403E+01    0.27879698E+01
    0.20754580E+02    0.12721469E+01    0.27879698E+01
    0.21852866E+02    0.12792287E+01    0.27879698E+01
    0.23056042E+02    0.12866444E+01    0.27879698E+01
    0.24417023E+02    0.12946852E+01    0.27879698E+01
    0.26075746E+02    0.13040910E+01    0.27879698E+01
    0.10497009E+02    0.11624173E+01    0.27879698E+01
    0.10505839E+02    0.11626006E+01    0.27879698E+01
    0.10576271E+02    0.11640498E+01    0.27879698E+01
    0.10716039E+02    0.11668600E+01    0.27879698E+01
    0.10923062E+02    0.11708697E+01    0.27879698E+01
    0.11194475E+02    0.11758708E+01    0.27879698E+01
    0.11526883E+02    0.11816369E+01    0.27879698E+01
    0.11916626E+02    0.11879495E+01    0.27879698E+01
    0.12360031E+02    0.11946159E+01    0.27879698E+01
    0.12853616E+02    0.12014785E+01    0.27879698E+01
    0.13394254E+02    0.12084180E+01    0.27879698E+01
    0.13979301E+02    0.12153504E+01    0.27879698E+01
    0.14606685E+02    0.12222224E+01    0.27879698E+01
    0.15274985E+02    0.12290054E+01    0.27879698E+01
    0.15983510E+02    0.12356906E+01    0.27879698E+01
    0.16732398E+02    0.12422842E+01    0.27879698E+01
    0.17522758E+02    0.12488045E+01    0.27879698E+01
    0.18356903E+02    0.12552798E+01    0.27879698E+01
    0.19238726E+02    0.12617488E+01    0.27879698E+01
    0.20174348E+02    0.12682618E+01    0.27879698E+01
    0.21173310E+02    0.12748863E+01    0.27879698E+01
    0.22250938E+02    0.12817183E+01    0.27879698E+01
    0.23433683E+02    0.12889092E+01    0.27879698E+01
    0.24773927E+02    0.12967422E+01    0.27879698E+01
    0.26410244E+02    0.13059440E+01    0.27879698E+01
    0.11385522E+02    0.11792305E+01    0.27879698E+01
    0.11393664E+02    0.11793709E+01    0.27879698E+01
    0.11458640E+02    0.11804834E+01    0.27879698E+01
    0.11587771E+02    0.11826536E+01    0.27879698E+01
    0.11779483E+02    0.11857798E+01    0.27879698E+01
    0.12031592E+02    0.11897277E+01    0.27879698E+01
    0.12341473E+02    0.11943469E+01    0.27879698E+01
    0.12706255E+02    0.11994861E+01    0.27879698E+01
    0.13123007E+02    0.12050060E+01    0.27879698E+01
    0.13588906E+02    0.12107863E+01    0.27879698E+01
    0.14101382E+02    0.12167302E+01    0.27879698E+01
    0.14658232E+02    0.12227641E+01    0.27879698E+01
    0.15257725E+02    0.12288364E+01    0.27879698E+01
    0.15898682E+02    0.12349147E+01    0.27879698E+01
    0.16580577E+02    0.12409827E+01    0.27879698E+01
    0.17303643E+02    0.12470374E+01    0.27879698E+01
    0.18069033E+02    0.12530876E+01    0.27879698E+01
    0.18879058E+02    0.12591526E+01    0.27879698E+01
    0.19737566E+02    0.12652620E+01    0.27879698E+01
    0.20650599E+02    0.12714586E+01    0.27879698E+01
    0.21627574E+02    0.12778025E+01    0.27879698E+01
    0.22683632E+02    0.12843830E+01    0.27879698E+01
    0.23844925E+02    0.12913451E+01    0.27879698E+01
    0.25163274E+02    0.12989645E+01    0.27879698E+01
    0.26775808E+02    0.13079543E+01    0.27879698E+01
    0.12292786E+02    0.11936372E+01    0.27879698E+01
    0.12300327E+02    0.11937475E+01    0.27879698E+01
    0.12360538E+02    0.11946232E+01    0.27879698E+01
    0.12480340E+02    0.11963395E+01    0.27879698E+01
    0.12658542E+02    0.11988311E+01    0.27879698E+01
    0.12893473E+02    0.12020096E+01    0.27879698E+01
    0.13183111E+02    0.12057737E+01    0.27879698E+01
    0.13525212E+02    0.12100185E+01    0.27879698E+01
    0.13917463E+02    0.12146432E+01    0.27879698E+01
    0.14357605E+02    0.12195576E+01    0.27879698E+01
    0.14843565E+02    0.12246851E+01    0.27879698E+01
    0.15373556E+02    0.12299646E+01    0.27879698E+01
    0.15946179E+02    0.12353499E+01    0.27879698E+01
    0.16560512E+02    0.12408094E+01    0.27879698E+01
    0.17216213E+02    0.12463239E+01    0.27879698E+01
    0.17913641E+02    0.12518862E+01    0.27879698E+01
    0.18654019E+02    0.12574992E+01    0.27879698E+01
    0.19439683E+02    0.12631759E+01    0.27879698E+01
    0.20274466E+02    0.12689400E+01    0.27879698E+01
    0.21164349E+02    0.12748282E+01    0.27879698E+01
    0.22118644E+02    0.12808951E+01    0.27879698E+01
    0.23152313E+02    0.12872244E+01    0.27879698E+01
    0.24291210E+02    0.12939553E+01    0.27879698E+01
    0.25586575E+02    0.13013563E+01    0.27879698E+01
    0.27174001E+02    0.13101273E+01    0.27879698E+01
    0.13222196E+02    0.12062694E+01    0.27879698E+01
    0.13229208E+02    0.12063580E+01    0.27879698E+01
    0.13285210E+02    0.12070625E+01    0.27879698E+01
    0.13396745E+02    0.12084488E+01    0.27879698E+01
    0.13562912E+02    0.12104738E+01    0.27879698E+01
    0.13782437E+02    0.12130787E+01    0.27879698E+01
    0.14053765E+02    0.12161946E+01    0.27879698E+01
    0.14375162E+02    0.12197481E+01    0.27879698E+01
    0.14744818E+02    0.12236667E+01    0.27879698E+01
    0.15160961E+02    0.12278833E+01    0.27879698E+01
    0.15621950E+02    0.12323386E+01    0.27879698E+01
    0.16126380E+02    0.12369834E+01    0.27879698E+01
    0.16673168E+02    0.12417784E+01    0.27879698E+01
    0.17261647E+02    0.12466953E+01    0.27879698E+01
    0.17891671E+02    0.12517153E+01    0.27879698E+01
    0.18563739E+02    0.12568293E+01    0.27879698E+01
    0.19279168E+02    0.12620373E+01    0.27879698E+01
    0.20040339E+02    0.12673486E+01    0.27879698E+01
    0.20851088E+02    0.12727829E+01    0.27879698E+01
    0.21717357E+02    0.12783724E+01    0.27879698E+01
    0.22648363E+02    0.12841673E+01    0.27879698E+01
    0.23658899E+02    0.12902470E+01    0.27879698E+01
    0.24774519E+02    0.12967456E+01    0.27879698E+01
    0.26045858E+02    0.13039248E+01    0.27879698E+01
    0.27606888E+02    0.13124711E+01    0.27879698E+01
    0.14178047E+02    0.12175857E+01    0.27879698E+01
    0.14184586E+02    0.12176583E+01    0.27879698E+01
    0.14236830E+02    0.12182361E+01    0.27879698E+01
    0.14340966E+02    0.12193767E+01    0.27879698E+01
    0.14496313E+02    0.12210514E+01    0.27879698E+01
    0.14701908E+02    0.12232205E+01    0.27879698E+01
    0.14956565E+02    0.12258367E+01    0.27879698E+01
    0.15258958E+02    0.12288485E+01    0.27879698E+01
    0.15607697E+02    0.12322040E+01    0.27879698E+01
    0.16001414E+02    0.12358536E+01    0.27879698E+01
    0.16438852E+02    0.12397521E+01    0.27879698E+01
    0.16918944E+02    0.12438608E+01    0.27879698E+01
    0.17440902E+02    0.12481478E+01    0.27879698E+01
    0.18004304E+02    0.12525888E+01    0.27879698E+01
    0.18609202E+02    0.12571671E+01    0.27879698E+01
    0.19256244E+02    0.12618738E+01    0.27879698E+01
    0.19946851E+02    0.12667079E+01    0.27879698E+01
    0.20683465E+02    0.12716765E+01    0.27879698E+01
    0.21469942E+02    0.12767968E+01    0.27879698E+01
    0.22312197E+02    0.12820981E+01    0.27879698E+01
    0.23219364E+02    0.12876272E+01    0.27879698E+01
    0.24206074E+02    0.12934600E+01    0.27879698E+01
    0.25297575E+02    0.12997260E+01    0.27879698E+01
    0.26543874E+02    0.13066806E+01    0.27879698E+01
    0.28077229E+02    0.13149970E+01    0.27879698E+01
    0.15165926E+02    0.12279324E+01    0.27879698E+01
    0.15172039E+02    0.12279929E+01    0.27879698E+01
    0.15220894E+02    0.12284748E+01    0.27879698E+01
    0.15318342E+02    0.12294285E+01    0.27879698E+01
    0.15463874E+02    0.12308348E+01    0.27879698E+01
    0.15656768E+02    0.12326666E+01    0.27879698E+01
    0.15896136E+02    0.12348913E+01    0.27879698E+01
    0.16180979E+02    0.12374729E+01    0.27879698E+01
    0.16510254E+02    0.12403740E+01    0.27879698E+01
    0.16882937E+02    0.12435584E+01    0.27879698E+01
    0.17298097E+02    0.12469923E+01    0.27879698E+01
    0.17754970E+02    0.12506458E+01    0.27879698E+01
    0.18253037E+02    0.12544937E+01    0.27879698E+01
    0.18792107E+02    0.12585164E+01    0.27879698E+01
    0.19372421E+02    0.12627000E+01    0.27879698E+01
    0.19994780E+02    0.12670368E+01    0.27879698E+01
    0.20660715E+02    0.12715257E+01    0.27879698E+01
    0.21372740E+02    0.12761734E+01    0.27879698E+01
    0.22134739E+02    0.12809954E+01    0.27879698E+01
    0.22952612E+02    0.12860192E+01    0.27879698E+01
    0.23835418E+02    0.12912892E+01    0.27879698E+01
    0.24797628E+02    0.12968781E+01    0.27879698E+01
    0.25864176E+02    0.13029119E+01    0.27879698E+01
    0.27084415E+02    0.13096399E+01    0.27879698E+01
    0.28588793E+02    0.13177215E+01    0.27879698E+01
    0.16193390E+02    0.12375838E+01    0.27879698E+01
    0.16199116E+02    0.12376349E+01    0.27879698E+01
    0.16244883E+02    0.12380427E+01    0.27879698E+01
    0.16336224E+02    0.12388514E+01    0.27879698E+01
    0.16472765E+02    0.12400480E+01    0.27879698E+01
    0.16653978E+02    0.12416140E+01    0.27879698E+01
    0.16879210E+02    0.12435270E+01    0.27879698E+01
    0.17147731E+02    0.12457617E+01    0.27879698E+01
    0.17458782E+02    0.12482916E+01    0.27879698E+01
    0.17811629E+02    0.12510903E+01    0.27879698E+01
    0.18205624E+02    0.12541331E+01    0.27879698E+01
    0.18640267E+02    0.12573974E+01    0.27879698E+01
    0.19115280E+02    0.12608639E+01    0.27879698E+01
    0.19630687E+02    0.12645174E+01    0.27879698E+01
    0.20186909E+02    0.12683471E+01    0.27879698E+01
    0.20784894E+02    0.12723470E+01    0.27879698E+01
    0.21426286E+02    0.12765171E+01    0.27879698E+01
    0.22113675E+02    0.12808641E+01    0.27879698E+01
    0.22850980E+02    0.12854027E+01    0.27879698E+01
    0.23644090E+02    0.12901593E+01    0.27879698E+01
    0.24501995E+02    0.12951767E+01    0.27879698E+01
    0.25439004E+02    0.13005252E+01    0.27879698E+01
    0.26479732E+02    0.13063273E+01    0.27879698E+01
    0.27672841E+02    0.13128265E+01    0.27879698E+01
    0.29146864E+02    0.13206684E+01    0.27879698E+01
    0.17271166E+02    0.12467729E+01    0.27879698E+01
    0.17276534E+02    0.12468167E+01    0.27879698E+01
    0.17319454E+02    0.12471659E+01    0.27879698E+01
    0.17405157E+02    0.12478597E+01    0.27879698E+01
    0.17533376E+02    0.12488893E+01    0.27879698E+01
    0.17703736E+02    0.12502422E+01    0.27879698E+01
    0.17915775E+02    0.12519028E+01    0.27879698E+01
    0.18168984E+02    0.12538536E+01    0.27879698E+01
    0.18462837E+02    0.12560760E+01    0.27879698E+01
    0.18796846E+02    0.12585512E+01    0.27879698E+01
    0.19170603E+02    0.12612613E+01    0.27879698E+01
    0.19583841E+02    0.12641897E+01    0.27879698E+01
    0.20036497E+02    0.12673224E+01    0.27879698E+01
    0.20528788E+02    0.12706479E+01    0.27879698E+01
    0.21061305E+02    0.12741586E+01    0.27879698E+01
    0.21635136E+02    0.12778505E+01    0.27879698E+01
    0.22252034E+02    0.12817251E+01    0.27879698E+01
    0.22914665E+02    0.12857893E+01    0.27879698E+01
    0.23626988E+02    0.12900580E+01    0.27879698E+01
    0.24394882E+02    0.12945569E+01    0.27879698E+01
    0.25227268E+02    0.12993276E+01    0.27879698E+01
    0.26138290E+02    0.13044385E+01    0.27879698E+01
    0.27152228E+02    0.13100089E+01    0.27879698E+01
    0.28317017E+02    0.13162769E+01    0.27879698E+01
    0.29759149E+02    0.13238737E+01    0.27879698E+01
    0.18415505E+02    0.12557209E+01    0.27879698E+01
    0.18420540E+02    0.12557587E+01    0.27879698E+01
    0.18460800E+02    0.12560607E+01    0.27879698E+01
    0.18541228E+02    0.12566616E+01    0.27879698E+01
    0.18661643E+02    0.12575556E+01    0.27879698E+01
    0.18821793E+02    0.12587340E+01    0.27879698E+01
    0.19021374E+02    0.12601865E+01    0.27879698E+01
    0.19260052E+02    0.12619010E+01    0.27879698E+01
    0.19537503E+02    0.12638647E+01    0.27879698E+01
    0.19853440E+02    0.12660645E+01    0.27879698E+01
    0.20207664E+02    0.12684879E+01    0.27879698E+01
    0.20600109E+02    0.12711231E+01    0.27879698E+01
    0.21030903E+02    0.12739604E+01    0.27879698E+01
    0.21500437E+02    0.12769919E+01    0.27879698E+01
    0.22009458E+02    0.12802125E+01    0.27879698E+01
    0.22559184E+02    0.12836208E+01    0.27879698E+01
    0.23151473E+02    0.12872193E+01    0.27879698E+01
    0.23789063E+02    0.12910160E+01    0.27879698E+01
    0.24475952E+02    0.12950262E+01    0.27879698E+01
    0.25218008E+02    0.12992751E+01    0.27879698E+01
    0.26024079E+02    0.13038036E+01    0.27879698E+01
    0.26908137E+02    0.13086783E+01    0.27879698E+01
    0.27894106E+02    0.13140160E+01    0.27879698E+01
    0.29029142E+02    0.13200489E+01    0.27879698E+01
    0.30437552E+02    0.13273936E+01    0.27879698E+01
    0.19653490E+02    0.12646767E+01    0.27879698E+01
    0.19658208E+02    0.12647096E+01    0.27879698E+01
    0.19695938E+02    0.12649725E+01    0.27879698E+01
    0.19771342E+02    0.12654965E+01    0.27879698E+01
    0.19884310E+02    0.12662775E+01    0.27879698E+01
    0.20034689E+02    0.12673100E+01    0.27879698E+01
    0.20222302E+02    0.12685871E+01    0.27879698E+01
    0.20446967E+02    0.12701007E+01    0.27879698E+01
    0.20708521E+02    0.12718424E+01    0.27879698E+01
    0.21006854E+02    0.12738035E+01    0.27879698E+01
    0.21341943E+02    0.12759754E+01    0.27879698E+01
    0.21713897E+02    0.12783505E+01    0.27879698E+01
    0.22123013E+02    0.12809223E+01    0.27879698E+01
    0.22569839E+02    0.12836862E+01    0.27879698E+01
    0.23055261E+02    0.12866397E+01    0.27879698E+01
    0.23580619E+02    0.12897831E+01    0.27879698E+01
    0.24147868E+02    0.12931206E+01    0.27879698E+01
    0.24759814E+02    0.12966612E+01    0.27879698E+01
    0.25420485E+02    0.13004207E+01    0.27879698E+01
    0.26135738E+02    0.13044243E+01    0.27879698E+01
    0.26914337E+02    0.13087122E+01    0.27879698E+01
    0.27770068E+02    0.13133498E+01    0.27879698E+01
    0.28726468E+02    0.13184508E+01    0.27879698E+01
    0.29829850E+02    0.13242420E+01    0.27879698E+01
    0.31202138E+02    0.13313244E+01    0.27879698E+01
    0.21037705E+02    0.12740048E+01    0.27879698E+01
    0.21042112E+02    0.12740335E+01    0.27879698E+01
    0.21077366E+02    0.12742631E+01    0.27879698E+01
    0.21147845E+02    0.12747212E+01    0.27879698E+01
    0.21253497E+02    0.12754051E+01    0.27879698E+01
    0.21394254E+02    0.12763116E+01    0.27879698E+01
    0.21570045E+02    0.12774362E+01    0.27879698E+01
    0.21780813E+02    0.12787739E+01    0.27879698E+01
    0.22026534E+02    0.12803195E+01    0.27879698E+01
    0.22307247E+02    0.12820674E+01    0.27879698E+01
    0.22623083E+02    0.12840126E+01    0.27879698E+01
    0.22974305E+02    0.12861505E+01    0.27879698E+01
    0.23361359E+02    0.12884775E+01    0.27879698E+01
    0.23784932E+02    0.12909917E+01    0.27879698E+01
    0.24246039E+02    0.12936926E+01    0.27879698E+01
    0.24746130E+02    0.12965827E+01    0.27879698E+01
    0.25287247E+02    0.12996675E+01    0.27879698E+01
    0.25872258E+02    0.13029571E+01    0.27879698E+01
    0.26505215E+02    0.13064677E+01    0.27879698E+01
    0.27191950E+02    0.13102249E+01    0.27879698E+01
    0.27941132E+02    0.13142682E+01    0.27879698E+01
    0.28766336E+02    0.13186618E+01    0.27879698E+01
    0.29690661E+02    0.13235165E+01    0.27879698E+01
    0.30759475E+02    0.13290531E+01    0.27879698E+01
    0.32092036E+02    0.13358559E+01    0.27879698E+01
    0.22706005E+02    0.12845197E+01    0.27879698E+01
    0.22710088E+02    0.12845446E+01    0.27879698E+01
    0.22742756E+02    0.12847439E+01    0.27879698E+01
    0.22808090E+02    0.12851419E+01    0.27879698E+01
    0.22906085E+02    0.12857372E+01    0.27879698E+01
    0.23036747E+02    0.12865279E+01    0.27879698E+01
    0.23200097E+02    0.12875116E+01    0.27879698E+01
    0.23396184E+02    0.12886855E+01    0.27879698E+01
    0.23625110E+02    0.12900469E+01    0.27879698E+01
    0.23887045E+02    0.12915929E+01    0.27879698E+01
    0.24182256E+02    0.12933212E+01    0.27879698E+01
    0.24511147E+02    0.12952296E+01    0.27879698E+01
    0.24874298E+02    0.12973172E+01    0.27879698E+01
    0.25272527E+02    0.12995841E+01    0.27879698E+01
    0.25706965E+02    0.13020322E+01    0.27879698E+01
    0.26179163E+02    0.13046653E+01    0.27879698E+01
    0.26691244E+02    0.13074906E+01    0.27879698E+01
    0.27246126E+02    0.13105191E+01    0.27879698E+01
    0.27847873E+02    0.13137679E+01    0.27879698E+01
    0.28502276E+02    0.13172623E+01    0.27879698E+01
    0.29217880E+02    0.13210416E+01    0.27879698E+01
    0.30007994E+02    0.13251685E+01    0.27879698E+01
    0.30895193E+02    0.13297508E+01    0.27879698E+01
    0.31923704E+02    0.13350021E+01    0.27879698E+01
    0.33209583E+02    0.13414872E+01    0.27879698E+01
