    0.26523737E-04    0.28554385E+01   -0.58791753E-02
    0.39405540E+00    0.28520252E+01   -0.63042788E-01
    0.11825801E+01    0.28351961E+01   -0.18599559E+00
    0.19723523E+01    0.28022469E+01   -0.30545616E+00
    0.27642226E+01    0.27543702E+01   -0.41852469E+00
    0.35590714E+01    0.26933631E+01   -0.52281782E+00
    0.43578221E+01    0.26215725E+01   -0.61614357E+00
    0.51614567E+01    0.25417838E+01   -0.69667813E+00
    0.59710337E+01    0.24571583E+01   -0.76290460E+00
    0.67877101E+01    0.23711076E+01   -0.81363276E+00
    0.76127686E+01    0.22868036E+01   -0.84872425E+00
    0.84476520E+01    0.22063903E+01   -0.87000523E+00
    0.92940081E+01    0.21306749E+01   -0.88065808E+00
    0.10153749E+02    0.20596087E+01   -0.88381124E+00
    0.11029135E+02    0.19928179E+01   -0.88177850E+00
    0.11922884E+02    0.19298697E+01   -0.87611616E+00
    0.12838344E+02    0.18702783E+01   -0.86786239E+00
    0.13779744E+02    0.18136117E+01   -0.85772341E+00
    0.14752586E+02    0.17593737E+01   -0.84616665E+00
    0.15764308E+02    0.17071158E+01   -0.83348979E+00
    0.16825465E+02    0.16563202E+01   -0.81985666E+00
    0.17952048E+02    0.16063569E+01   -0.80530294E+00
    0.19170707E+02    0.15563468E+01   -0.78969929E+00
    0.20533178E+02    0.15047989E+01   -0.77261841E+00
    0.22175097E+02    0.14479574E+01   -0.75272394E+00
    0.64436772E+00    0.28484681E+01   -0.10221806E+00
    0.75530750E+00    0.28463632E+01   -0.11953588E+00
    0.13467388E+01    0.28296415E+01   -0.21124884E+00
    0.20749417E+01    0.27968449E+01   -0.32053679E+00
    0.28383333E+01    0.27491968E+01   -0.42867468E+00
    0.36169323E+01    0.26884835E+01   -0.52998844E+00
    0.44052041E+01    0.26170475E+01   -0.62127833E+00
    0.52015233E+01    0.25376681E+01   -0.70031753E+00
    0.60057017E+01    0.24534941E+01   -0.76539027E+00
    0.68182269E+01    0.23679259E+01   -0.81521174E+00
    0.76399905E+01    0.22840957E+01   -0.84962590E+00
    0.84721918E+01    0.22041119E+01   -0.87045009E+00
    0.93163189E+01    0.21287574E+01   -0.88082475E+00
    0.10174175E+02    0.20579892E+01   -0.88381540E+00
    0.11047942E+02    0.19914405E+01   -0.88169200E+00
    0.11940283E+02    0.19286926E+01   -0.87597902E+00
    0.12854505E+02    0.18692670E+01   -0.86770075E+00
    0.13794802E+02    0.18127399E+01   -0.85755148E+00
    0.14766652E+02    0.17586198E+01   -0.84599459E+00
    0.15777472E+02    0.17064614E+01   -0.83332224E+00
    0.16837799E+02    0.16557516E+01   -0.81969686E+00
    0.17963609E+02    0.16058638E+01   -0.80515393E+00
    0.19181533E+02    0.15559202E+01   -0.78956219E+00
    0.20543286E+02    0.15044322E+01   -0.77249351E+00
    0.22184458E+02    0.14476484E+01   -0.75261299E+00
    0.14797278E+01    0.28246368E+01   -0.23156307E+00
    0.15312981E+01    0.28225756E+01   -0.23940260E+00
    0.18942254E+01    0.28061935E+01   -0.29389487E+00
    0.24657185E+01    0.27740538E+01   -0.37684880E+00
    0.31353661E+01    0.27273573E+01   -0.46851016E+00
    0.38544239E+01    0.26678896E+01   -0.55877005E+00
    0.46021960E+01    0.25979580E+01   -0.64211875E+00
    0.53693789E+01    0.25203145E+01   -0.71516186E+00
    0.61516532E+01    0.24380605E+01   -0.77553445E+00
    0.69471291E+01    0.23545268E+01   -0.82163666E+00
    0.77552459E+01    0.22726926E+01   -0.85327859E+00
    0.85762707E+01    0.21945054E+01   -0.87223520E+00
    0.94110670E+01    0.21206589E+01   -0.88147550E+00
    0.10261005E+02    0.20511360E+01   -0.88380420E+00
    0.11127956E+02    0.19856070E+01   -0.88130720E+00
    0.12014356E+02    0.19237002E+01   -0.87538432E+00
    0.12923339E+02    0.18649766E+01   -0.86700595E+00
    0.13858966E+02    0.18090358E+01   -0.85681558E+00
    0.14826611E+02    0.17554151E+01   -0.84525882E+00
    0.15833603E+02    0.17036789E+01   -0.83260726E+00
    0.16890407E+02    0.16533322E+01   -0.81901614E+00
    0.18012930E+02    0.16037641E+01   -0.80451872E+00
    0.19227730E+02    0.15541027E+01   -0.78897733E+00
    0.20586427E+02    0.15028689E+01   -0.77196079E+00
    0.22224413E+02    0.14463312E+01   -0.75213973E+00
    0.23215421E+01    0.27828636E+01   -0.35629198E+00
    0.23547479E+01    0.27808759E+01   -0.36105000E+00
    0.26053894E+01    0.27650793E+01   -0.39650293E+00
    0.30462651E+01    0.27340879E+01   -0.45670627E+00
    0.36097762E+01    0.26890900E+01   -0.52910492E+00
    0.42492996E+01    0.26318336E+01   -0.60420810E+00
    0.49376281E+01    0.25645754E+01   -0.67567630E+00
    0.56595224E+01    0.24899996E+01   -0.73926668E+00
    0.64064656E+01    0.24111375E+01   -0.79199077E+00
    0.71737414E+01    0.23311671E+01   -0.83198328E+00
    0.79588820E+01    0.22527976E+01   -0.85909132E+00
    0.87608437E+01    0.21776881E+01   -0.87501813E+00
    0.95795692E+01    0.21064365E+01   -0.88241376E+00
    0.10415766E+02    0.20390514E+01   -0.88366737E+00
    0.11270819E+02    0.19752976E+01   -0.88054740E+00
    0.12146798E+02    0.19148557E+01   -0.87428269E+00
    0.13046557E+02    0.18573653E+01   -0.86573718E+00
    0.13973937E+02    0.18024463E+01   -0.85548428E+00
    0.14934134E+02    0.17497014E+01   -0.84392878E+00
    0.15934333E+02    0.16987146E+01   -0.83132181E+00
    0.16984870E+02    0.16490119E+01   -0.81779753E+00
    0.18101536E+02    0.16000070E+01   -0.80337936E+00
    0.19310763E+02    0.15508475E+01   -0.78792596E+00
    0.20664001E+02    0.15000664E+01   -0.77100434E+00
    0.22296289E+02    0.14439701E+01   -0.75128944E+00
    0.31668916E+01    0.27249403E+01   -0.47265582E+00
    0.31913135E+01    0.27230549E+01   -0.47585612E+00
    0.33804878E+01    0.27080736E+01   -0.50030622E+00
    0.37308679E+01    0.26787152E+01   -0.54392811E+00
    0.42035852E+01    0.26361128E+01   -0.59910798E+00
    0.47640520E+01    0.25819752E+01   -0.65861965E+00
    0.53870044E+01    0.25184827E+01   -0.71668262E+00
    0.60555625E+01    0.24482226E+01   -0.76891418E+00
    0.67588790E+01    0.23741171E+01   -0.81212029E+00
    0.74901409E+01    0.22990677E+01   -0.84447046E+00
    0.82452076E+01    0.22253775E+01   -0.86597123E+00
    0.90217530E+01    0.21543883E+01   -0.87819505E+00
    0.98187468E+01    0.20866191E+01   -0.88331196E+00
    0.10636157E+02    0.20221367E+01   -0.88321926E+00
    0.11474799E+02    0.19608038E+01   -0.87931660E+00
    0.12336302E+02    0.19023864E+01   -0.87263658E+00
    0.13223172E+02    0.18465856E+01   -0.86387697E+00
    0.14138973E+02    0.17930926E+01   -0.85355165E+00
    0.15088671E+02    0.17415716E+01   -0.84201254E+00
    0.16079260E+02    0.16916317E+01   -0.82946591E+00
    0.17120907E+02    0.16428373E+01   -0.81603815E+00
    0.18229241E+02    0.15946280E+01   -0.80173825E+00
    0.19430522E+02    0.15461800E+01   -0.78641044E+00
    0.20775962E+02    0.14960451E+01   -0.76962759E+00
    0.22400093E+02    0.14405785E+01   -0.75006341E+00
    0.40160145E+01    0.26533928E+01   -0.57773839E+00
    0.40353007E+01    0.26516377E+01   -0.57996813E+00
    0.41865102E+01    0.26377046E+01   -0.59719206E+00
    0.44742089E+01    0.26104102E+01   -0.62867225E+00
    0.48753768E+01    0.25708451E+01   -0.66963602E+00
    0.53661309E+01    0.25206519E+01   -0.71488083E+00
    0.59261274E+01    0.24619030E+01   -0.75964172E+00
    0.65398018E+01    0.23970905E+01   -0.79996304E+00
    0.71959444E+01    0.23288944E+01   -0.83293265E+00
    0.78867852E+01    0.22598041E+01   -0.85712550E+00
    0.86071260E+01    0.21916748E+01   -0.87273363E+00
    0.93536729E+01    0.21255559E+01   -0.88109226E+00
    0.10124572E+02    0.20619272E+01   -0.88380055E+00
    0.10919112E+02    0.20009227E+01   -0.88225568E+00
    0.11737554E+02    0.19425166E+01   -0.87752132E+00
    0.12581078E+02    0.18865563E+01   -0.87037218E+00
    0.13451820E+02    0.18328517E+01   -0.86139898E+00
    0.14353039E+02    0.17811425E+01   -0.85100836E+00
    0.15289446E+02    0.17311549E+01   -0.83949481E+00
    0.16267814E+02    0.16825301E+01   -0.82704199E+00
    0.17298111E+02    0.16348853E+01   -0.81374836E+00
    0.18395772E+02    0.15876855E+01   -0.79959616E+00
    0.19586842E+02    0.15401435E+01   -0.78443812E+00
    0.20922231E+02    0.14908367E+01   -0.76783567E+00
    0.22535823E+02    0.14361685E+01   -0.74846562E+00
    0.48696702E+01    0.25714183E+01   -0.66907800E+00
    0.48855878E+01    0.25698189E+01   -0.67063270E+00
    0.50112058E+01    0.25571240E+01   -0.68270440E+00
    0.52539377E+01    0.25322686E+01   -0.70502278E+00
    0.55995191E+01    0.24962955E+01   -0.73444484E+00
    0.60316397E+01    0.24507520E+01   -0.76723097E+00
    0.65348529E+01    0.23976111E+01   -0.79967491E+00
    0.70960780E+01    0.23391401E+01   -0.82857280E+00
    0.77049939E+01    0.22776519E+01   -0.85171850E+00
    0.83538432E+01    0.22151471E+01   -0.86821775E+00
    0.90370312E+01    0.21530417E+01   -0.87835497E+00
    0.97507186E+01    0.20922101E+01   -0.88310413E+00
    0.10492487E+02    0.20331254E+01   -0.88354307E+00
    0.11261097E+02    0.19759949E+01   -0.88060203E+00
    0.12056347E+02    0.19208839E+01   -0.87503983E+00
    0.12879008E+02    0.18677366E+01   -0.86745462E+00
    0.13730869E+02    0.18164480E+01   -0.85827942E+00
    0.14614891E+02    0.17668017E+01   -0.84784878E+00
    0.15535523E+02    0.17185917E+01   -0.83639610E+00
    0.16499306E+02    0.16715263E+01   -0.82406709E+00
    0.17515991E+02    0.16252421E+01   -0.81092989E+00
    0.18600799E+02    0.15792443E+01   -0.79696788E+00
    0.19779527E+02    0.15327752E+01   -0.78200895E+00
    0.21102727E+02    0.14844692E+01   -0.76562642E+00
    0.22703494E+02    0.14307624E+01   -0.74649958E+00
    0.57288103E+01    0.24827139E+01   -0.74472744E+00
    0.57423468E+01    0.24812889E+01   -0.74578077E+00
    0.58495951E+01    0.24699834E+01   -0.75396893E+00
    0.60588316E+01    0.24478769E+01   -0.76914310E+00
    0.63608328E+01    0.24159530E+01   -0.78916164E+00
    0.67443499E+01    0.23756350E+01   -0.81135042E+00
    0.71979081E+01    0.23286935E+01   -0.83301607E+00
    0.77110247E+01    0.22770557E+01   -0.85190838E+00
    0.82748118E+01    0.22225803E+01   -0.86660256E+00
    0.88821323E+01    0.21667861E+01   -0.87660169E+00
    0.95275134E+01    0.21108067E+01   -0.88215270E+00
    0.10206963E+02    0.20553955E+01   -0.88381657E+00
    0.10917777E+02    0.20010215E+01   -0.88226115E+00
    0.11658383E+02    0.19479828E+01   -0.87808917E+00
    0.12428237E+02    0.18964025E+01   -0.87180559E+00
    0.13227790E+02    0.18463058E+01   -0.86382773E+00
    0.14058533E+02    0.17976364E+01   -0.85449648E+00
    0.14923157E+02    0.17502826E+01   -0.84406492E+00
    0.15825867E+02    0.17040617E+01   -0.83270586E+00
    0.16772974E+02    0.16587455E+01   -0.82053698E+00
    0.17774013E+02    0.16139953E+01   -0.80760029E+00
    0.18843973E+02    0.15693714E+01   -0.79385492E+00
    0.20008380E+02    0.15241494E+01   -0.77914495E+00
    0.21317379E+02    0.14769789E+01   -0.76301401E+00
    0.22903149E+02    0.14243960E+01   -0.74417239E+00
    0.65945154E+01    0.23913382E+01   -0.80310891E+00
    0.66062783E+01    0.23901026E+01   -0.80377576E+00
    0.66997111E+01    0.23803043E+01   -0.80895267E+00
    0.68831539E+01    0.23611687E+01   -0.81849702E+00
    0.71504238E+01    0.23335572E+01   -0.83097401E+00
    0.74936388E+01    0.22987164E+01   -0.84459625E+00
    0.79043183E+01    0.22580965E+01   -0.85761267E+00
    0.83742623E+01    0.22132348E+01   -0.86861869E+00
    0.88961158E+01    0.21655369E+01   -0.87677228E+00
    0.94636484E+01    0.21161966E+01   -0.88179762E+00
    0.10071836E+02    0.20661336E+01   -0.88376640E+00
    0.10716831E+02    0.20160306E+01   -0.88298727E+00
    0.11395886E+02    0.19663800E+01   -0.87981056E+00
    0.12107281E+02    0.19174826E+01   -0.87461579E+00
    0.12850270E+02    0.18695319E+01   -0.86774316E+00
    0.13625079E+02    0.18226200E+01   -0.85947250E+00
    0.14432973E+02    0.17767374E+01   -0.85005297E+00
    0.15276419E+02    0.17318262E+01   -0.83965880E+00
    0.16159407E+02    0.16877468E+01   -0.82843635E+00
    0.17088038E+02    0.16443244E+01   -0.81646420E+00
    0.18071632E+02    0.16012728E+01   -0.80376370E+00
    0.19124949E+02    0.15581537E+01   -0.79027909E+00
    0.20273225E+02    0.15143018E+01   -0.77584082E+00
    0.21566155E+02    0.14684225E+01   -0.76000975E+00
    0.23134878E+02    0.14170921E+01   -0.74148583E+00
    0.74679933E+01    0.23012937E+01   -0.84366783E+00
    0.74783824E+01    0.23002491E+01   -0.84404565E+00
    0.75610462E+01    0.22919635E+01   -0.84696892E+00
    0.77240596E+01    0.22757681E+01   -0.85231630E+00
    0.79631558E+01    0.22523835E+01   -0.85920477E+00
    0.82727210E+01    0.22227776E+01   -0.86655845E+00
    0.86464754E+01    0.21880763E+01   -0.87334948E+00
    0.90780812E+01    0.21494332E+01   -0.87877128E+00
    0.95615985E+01    0.21079429E+01   -0.88232646E+00
    0.10091775E+02    0.20645407E+01   -0.88378161E+00
    0.10664200E+02    0.20200086E+01   -0.88314269E+00
    0.11275360E+02    0.19749721E+01   -0.88052174E+00
    0.11922647E+02    0.19298857E+01   -0.87611802E+00
    0.12604346E+02    0.18850693E+01   -0.87014961E+00
    0.13319637E+02    0.18407614E+01   -0.86284154E+00
    0.14068620E+02    0.17970650E+01   -0.85437832E+00
    0.14852408E+02    0.17540403E+01   -0.84494074E+00
    0.15673298E+02    0.17116583E+01   -0.83464714E+00
    0.16535106E+02    0.16698399E+01   -0.82360709E+00
    0.17443748E+02    0.16284258E+01   -0.81186603E+00
    0.18408345E+02    0.15871647E+01   -0.79943446E+00
    0.19443430E+02    0.15456793E+01   -0.78624742E+00
    0.20573938E+02    0.15033212E+01   -0.77211495E+00
    0.21849080E+02    0.14588235E+01   -0.75660885E+00
    0.23398843E+02    0.14088703E+01   -0.73844711E+00
    0.83505968E+01    0.22154514E+01   -0.86815340E+00
    0.83598891E+01    0.22145805E+01   -0.86833716E+00
    0.84339173E+01    0.22076678E+01   -0.86975216E+00
    0.85803636E+01    0.21941294E+01   -0.87230211E+00
    0.87962147E+01    0.21744966E+01   -0.87549923E+00
    0.90774146E+01    0.21494917E+01   -0.87876467E+00
    0.94192930E+01    0.21199593E+01   -0.88152770E+00
    0.98169803E+01    0.20867638E+01   -0.88330703E+00
    0.10265754E+02    0.20507626E+01   -0.88380226E+00
    0.10761295E+02    0.20126857E+01   -0.88284422E+00
    0.11299854E+02    0.19732186E+01   -0.88038187E+00
    0.11878354E+02    0.19328897E+01   -0.87646283E+00
    0.12494441E+02    0.18921213E+01   -0.87119185E+00
    0.13146524E+02    0.18512459E+01   -0.86468973E+00
    0.13833809E+02    0.18104859E+01   -0.85710475E+00
    0.14556360E+02    0.17699858E+01   -0.84856294E+00
    0.15315207E+02    0.17298291E+01   -0.83917083E+00
    0.16112536E+02    0.16900159E+01   -0.82903869E+00
    0.16952028E+02    0.16505106E+01   -0.81822097E+00
    0.17839447E+02    0.16111776E+01   -0.80675568E+00
    0.18783736E+02    0.15718019E+01   -0.79462495E+00
    0.19799205E+02    0.15320285E+01   -0.78176232E+00
    0.20910487E+02    0.14912531E+01   -0.76797932E+00
    0.22166277E+02    0.14482488E+01   -0.75282852E+00
    0.23695304E+02    0.13997860E+01   -0.73506282E+00
    0.92438565E+01    0.21349992E+01   -0.88026433E+00
    0.92522517E+01    0.21342739E+01   -0.88033209E+00
    0.93191941E+01    0.21285106E+01   -0.88084585E+00
    0.94519340E+01    0.21171888E+01   -0.88172822E+00
    0.96483060E+01    0.21006962E+01   -0.88272101E+00
    0.99053456E+01    0.20795541E+01   -0.88352347E+00
    0.10219564E+02    0.20544005E+01   -0.88381526E+00
    0.10587234E+02    0.20258627E+01   -0.88334240E+00
    0.11004641E+02    0.19946153E+01   -0.88188902E+00
    0.11468299E+02    0.19612616E+01   -0.87935804E+00
    0.11975104E+02    0.19263420E+01   -0.87570164E+00
    0.12522448E+02    0.18903175E+01   -0.87092866E+00
    0.13108298E+02    0.18535805E+01   -0.86509191E+00
    0.13731260E+02    0.18164253E+01   -0.85827498E+00
    0.14390646E+02    0.17790663E+01   -0.85055935E+00
    0.15086551E+02    0.17416824E+01   -0.84203888E+00
    0.15819986E+02    0.17043528E+01   -0.83278079E+00
    0.16593078E+02    0.16671187E+01   -0.82286130E+00
    0.17409414E+02    0.16299436E+01   -0.81231097E+00
    0.18274635E+02    0.15927270E+01   -0.80115461E+00
    0.19197530E+02    0.15552903E+01   -0.78935965E+00
    0.20192200E+02    0.15172981E+01   -0.77684932E+00
    0.21282972E+02    0.14781726E+01   -0.76343083E+00
    0.22517999E+02    0.14367461E+01   -0.74867507E+00
    0.24024650E+02    0.13898530E+01   -0.73133533E+00
    0.10149526E+02    0.20599439E+01   -0.88381004E+00
    0.10157173E+02    0.20593370E+01   -0.88381213E+00
    0.10218189E+02    0.20545091E+01   -0.88381545E+00
    0.10339394E+02    0.20449932E+01   -0.88375415E+00
    0.10519212E+02    0.20310708E+01   -0.88349157E+00
    0.10755458E+02    0.20131240E+01   -0.88286360E+00
    0.11045519E+02    0.19916178E+01   -0.88170322E+00
    0.11386550E+02    0.19670423E+01   -0.87986761E+00
    0.11775658E+02    0.19398993E+01   -0.87724046E+00
    0.12210074E+02    0.19106706E+01   -0.87374221E+00
    0.12687282E+02    0.18797947E+01   -0.86934950E+00
    0.13205140E+02    0.18476795E+01   -0.86406896E+00
    0.13761958E+02    0.18146428E+01   -0.85792611E+00
    0.14356584E+02    0.17809464E+01   -0.85096604E+00
    0.14988485E+02    0.17468306E+01   -0.84325473E+00
    0.15657843E+02    0.17124328E+01   -0.83484353E+00
    0.16365695E+02    0.16778566E+01   -0.82578338E+00
    0.17114153E+02    0.16431426E+01   -0.81612571E+00
    0.17906750E+02    0.16082922E+01   -0.80588712E+00
    0.18749034E+02    0.15732067E+01   -0.79506925E+00
    0.19649660E+02    0.15377315E+01   -0.78364465E+00
    0.20622534E+02    0.15015630E+01   -0.77151536E+00
    0.21691678E+02    0.14641446E+01   -0.75849891E+00
    0.22904678E+02    0.14243475E+01   -0.74415462E+00
    0.24387452E+02    0.13791118E+01   -0.72727275E+00
    0.11069647E+02    0.19898539E+01   -0.88159035E+00
    0.11076658E+02    0.19893420E+01   -0.88155708E+00
    0.11132636E+02    0.19852671E+01   -0.88128382E+00
    0.11243988E+02    0.19772236E+01   -0.88069718E+00
    0.11409558E+02    0.19654111E+01   -0.87972646E+00
    0.11627729E+02    0.19501094E+01   -0.87830262E+00
    0.11896541E+02    0.19316549E+01   -0.87632197E+00
    0.12213833E+02    0.19104227E+01   -0.87370981E+00
    0.12577374E+02    0.18867934E+01   -0.87040753E+00
    0.12984995E+02    0.18611577E+01   -0.86637471E+00
    0.13434706E+02    0.18338712E+01   -0.86158728E+00
    0.13924795E+02    0.18052553E+01   -0.85605514E+00
    0.14453915E+02    0.17755878E+01   -0.84980177E+00
    0.15021175E+02    0.17451099E+01   -0.84284968E+00
    0.15626225E+02    0.17140199E+01   -0.83524518E+00
    0.16269365E+02    0.16824558E+01   -0.82702204E+00
    0.16951701E+02    0.16505255E+01   -0.81822519E+00
    0.17675362E+02    0.16182692E+01   -0.80887299E+00
    0.18443858E+02    0.15856963E+01   -0.79897806E+00
    0.19262671E+02    0.15527312E+01   -0.78853499E+00
    0.20140341E+02    0.15192240E+01   -0.77749580E+00
    0.21090593E+02    0.14848954E+01   -0.76577498E+00
    0.22137143E+02    0.14492124E+01   -0.75317418E+00
    0.23326990E+02    0.14110965E+01   -0.73927205E+00
    0.24784512E+02    0.13675697E+01   -0.72287440E+00
    0.12006631E+02    0.19242194E+01   -0.87544714E+00
    0.12013096E+02    0.19237848E+01   -0.87539458E+00
    0.12064729E+02    0.19203230E+01   -0.87497049E+00
    0.12167554E+02    0.19134802E+01   -0.87410637E+00
    0.12320719E+02    0.19034050E+01   -0.87277515E+00
    0.12523026E+02    0.18902804E+01   -0.87092321E+00
    0.12773011E+02    0.18743805E+01   -0.86851060E+00
    0.13069041E+02    0.18559850E+01   -0.86550281E+00
    0.13409416E+02    0.18353803E+01   -0.86186475E+00
    0.13792469E+02    0.18128749E+01   -0.85757814E+00
    0.14216661E+02    0.17887312E+01   -0.85263288E+00
    0.14680668E+02    0.17632418E+01   -0.84704504E+00
    0.15183471E+02    0.17366337E+01   -0.84082849E+00
    0.15724434E+02    0.17091021E+01   -0.83399707E+00
    0.16303405E+02    0.16808270E+01   -0.82658424E+00
    0.16920826E+02    0.16519377E+01   -0.81862340E+00
    0.17577892E+02    0.16225248E+01   -0.81012992E+00
    0.18276776E+02    0.15926375E+01   -0.80112707E+00
    0.19020988E+02    0.15622815E+01   -0.79159932E+00
    0.19815968E+02    0.15313932E+01   -0.78155241E+00
    0.20670158E+02    0.14998445E+01   -0.77092851E+00
    0.21597112E+02    0.14673650E+01   -0.75963701E+00
    0.22620239E+02    0.14334402E+01   -0.74747484E+00
    0.23785932E+02    0.13970352E+01   -0.73403357E+00
    0.25216942E+02    0.13552708E+01   -0.71814506E+00
    0.12963388E+02    0.18624935E+01   -0.86659682E+00
    0.12969376E+02    0.18621230E+01   -0.86653536E+00
    0.13017217E+02    0.18591703E+01   -0.86604184E+00
    0.13112574E+02    0.18533189E+01   -0.86504701E+00
    0.13254824E+02    0.18446696E+01   -0.86353880E+00
    0.13443081E+02    0.18333721E+01   -0.86149519E+00
    0.13676258E+02    0.18196282E+01   -0.85889704E+00
    0.13953138E+02    0.18036338E+01   -0.85572619E+00
    0.14272445E+02    0.17856161E+01   -0.85196954E+00
    0.14632923E+02    0.17658238E+01   -0.84762840E+00
    0.15033419E+02    0.17444667E+01   -0.84269798E+00
    0.15472952E+02    0.17217635E+01   -0.83718745E+00
    0.15950800E+02    0.16979063E+01   -0.83111133E+00
    0.16466574E+02    0.16730719E+01   -0.82448748E+00
    0.17020318E+02    0.16473979E+01   -0.81734019E+00
    0.17612626E+02    0.16210049E+01   -0.80968184E+00
    0.18244794E+02    0.15939760E+01   -0.80153831E+00
    0.18919059E+02    0.15663552E+01   -0.79289708E+00
    0.19638947E+02    0.15381423E+01   -0.78377999E+00
    0.20409871E+02    0.15092867E+01   -0.77414439E+00
    0.21240190E+02    0.14796606E+01   -0.76394984E+00
    0.22143294E+02    0.14490088E+01   -0.75310117E+00
    0.23142287E+02    0.14168600E+01   -0.74140022E+00
    0.24282933E+02    0.13821837E+01   -0.72843845E+00
    0.25686268E+02    0.13422169E+01   -0.71308051E+00
    0.13943501E+02    0.18041848E+01   -0.85583814E+00
    0.13949068E+02    0.18038665E+01   -0.85577348E+00
    0.13993559E+02    0.18013277E+01   -0.85525568E+00
    0.14082307E+02    0.17962905E+01   -0.85421784E+00
    0.14214856E+02    0.17888322E+01   -0.85265430E+00
    0.14390559E+02    0.17790711E+01   -0.85056038E+00
    0.14608621E+02    0.17671421E+01   -0.84792538E+00
    0.14868149E+02    0.17532026E+01   -0.84474625E+00
    0.15168205E+02    0.17374264E+01   -0.84102003E+00
    0.15507876E+02    0.17199912E+01   -0.83674614E+00
    0.15886329E+02    0.17010760E+01   -0.83193483E+00
    0.16302884E+02    0.16808518E+01   -0.82659094E+00
    0.16757082E+02    0.16594814E+01   -0.82074292E+00
    0.17248763E+02    0.16370883E+01   -0.81438422E+00
    0.17778161E+02    0.16138163E+01   -0.80754674E+00
    0.18346018E+02    0.15897507E+01   -0.80023630E+00
    0.18953741E+02    0.15649665E+01   -0.79245522E+00
    0.19603636E+02    0.15394979E+01   -0.78422605E+00
    0.20299261E+02    0.15133425E+01   -0.77551715E+00
    0.21046012E+02    0.14864640E+01   -0.76632102E+00
    0.21852173E+02    0.14587195E+01   -0.75657182E+00
    0.22730975E+02    0.14298815E+01   -0.74617822E+00
    0.23705215E+02    0.13994844E+01   -0.73495018E+00
    0.24820004E+02    0.13665498E+01   -0.72248376E+00
    0.26194583E+02    0.13284058E+01   -0.70767685E+00
    0.14951495E+02    0.17487830E+01   -0.84371343E+00
    0.14956687E+02    0.17485087E+01   -0.84364903E+00
    0.14998190E+02    0.17463193E+01   -0.84313447E+00
    0.15081027E+02    0.17419713E+01   -0.84210751E+00
    0.15204872E+02    0.17355239E+01   -0.84055955E+00
    0.15369261E+02    0.17270546E+01   -0.83849188E+00
    0.15573625E+02    0.17166676E+01   -0.83591297E+00
    0.15817327E+02    0.17044845E+01   -0.83281467E+00
    0.16099703E+02    0.16906385E+01   -0.82920350E+00
    0.16420116E+02    0.16752716E+01   -0.82508413E+00
    0.16778005E+02    0.16585127E+01   -0.82047178E+00
    0.17172944E+02    0.16404902E+01   -0.81536376E+00
    0.17604709E+02    0.16213510E+01   -0.80978393E+00
    0.18073346E+02    0.16012002E+01   -0.80374167E+00
    0.18579263E+02    0.15801261E+01   -0.79724338E+00
    0.19123346E+02    0.15582172E+01   -0.79029942E+00
    0.19707113E+02    0.15355331E+01   -0.78291951E+00
    0.20332943E+02    0.15121041E+01   -0.77509875E+00
    0.21004428E+02    0.14879300E+01   -0.76683019E+00
    0.21726956E+02    0.14629475E+01   -0.75807457E+00
    0.22508742E+02    0.14370463E+01   -0.74878389E+00
    0.23362860E+02    0.14099836E+01   -0.73886003E+00
    0.24311791E+02    0.13813345E+01   -0.72811630E+00
    0.25399972E+02    0.13501404E+01   -0.71616136E+00
    0.26744759E+02    0.13138399E+01   -0.70192185E+00
    0.15993265E+02    0.16958259E+01   -0.83056808E+00
    0.15998119E+02    0.16955885E+01   -0.83050595E+00
    0.16036927E+02    0.16936932E+01   -0.83000883E+00
    0.16114425E+02    0.16899243E+01   -0.82901443E+00
    0.16230387E+02    0.16843262E+01   -0.82752344E+00
    0.16384490E+02    0.16769628E+01   -0.82554183E+00
    0.16576343E+02    0.16679030E+01   -0.82307674E+00
    0.16805510E+02    0.16572412E+01   -0.82011527E+00
    0.17071549E+02    0.16450716E+01   -0.81667780E+00
    0.17374048E+02    0.16315101E+01   -0.81276868E+00
    0.17712673E+02    0.16166489E+01   -0.80839180E+00
    0.18087215E+02    0.16006129E+01   -0.80356340E+00
    0.18497652E+02    0.15834780E+01   -0.79828793E+00
    0.18944212E+02    0.15653478E+01   -0.79257659E+00
    0.19427463E+02    0.15462988E+01   -0.78644909E+00
    0.19948425E+02    0.15263980E+01   -0.77989546E+00
    0.20508720E+02    0.15056867E+01   -0.77292073E+00
    0.21110800E+02    0.14841857E+01   -0.76552760E+00
    0.21758293E+02    0.14618861E+01   -0.75769788E+00
    0.22456579E+02    0.14387402E+01   -0.74939764E+00
    0.23213806E+02    0.14146228E+01   -0.74057483E+00
    0.24042890E+02    0.13893074E+01   -0.73112999E+00
    0.24965987E+02    0.13623766E+01   -0.72088271E+00
    0.26026831E+02    0.13329261E+01   -0.70945092E+00
    0.27340802E+02    0.12984744E+01   -0.69579632E+00
    0.17076781E+02    0.16448344E+01   -0.81661004E+00
    0.17081327E+02    0.16446284E+01   -0.81655116E+00
    0.17117679E+02    0.16429832E+01   -0.81608000E+00
    0.17190306E+02    0.16397093E+01   -0.81513904E+00
    0.17299057E+02    0.16348432E+01   -0.81373617E+00
    0.17443722E+02    0.16284270E+01   -0.81186636E+00
    0.17624047E+02    0.16205058E+01   -0.80953456E+00
    0.17839761E+02    0.16111641E+01   -0.80675163E+00
    0.18090596E+02    0.16004698E+01   -0.80351995E+00
    0.18376328E+02    0.15884917E+01   -0.79984628E+00
    0.18696809E+02    0.15753273E+01   -0.79573841E+00
    0.19052015E+02    0.15610464E+01   -0.79120488E+00
    0.19442094E+02    0.15457311E+01   -0.78626428E+00
    0.19867437E+02    0.15294473E+01   -0.78090860E+00
    0.20328754E+02    0.15122580E+01   -0.77515076E+00
    0.20827184E+02    0.14942154E+01   -0.76899925E+00
    0.21364445E+02    0.14753508E+01   -0.76244439E+00
    0.21943058E+02    0.14556717E+01   -0.75548536E+00
    0.22566684E+02    0.14351696E+01   -0.74810319E+00
    0.23240694E+02    0.14137835E+01   -0.74026497E+00
    0.23973166E+02    0.13913952E+01   -0.73191549E+00
    0.24776854E+02    0.13677901E+01   -0.72295876E+00
    0.25673575E+02    0.13425658E+01   -0.71321646E+00
    0.26706326E+02    0.13148446E+01   -0.70232074E+00
    0.27988415E+02    0.12822553E+01   -0.68926716E+00
    0.18213352E+02    0.15952948E+01   -0.80194250E+00
    0.18217614E+02    0.15951159E+01   -0.80188771E+00
    0.18251703E+02    0.15936866E+01   -0.80144948E+00
    0.18319835E+02    0.15908405E+01   -0.80057320E+00
    0.18421919E+02    0.15866030E+01   -0.79925995E+00
    0.18557833E+02    0.15810047E+01   -0.79751753E+00
    0.18727434E+02    0.15740829E+01   -0.79534598E+00
    0.18930579E+02    0.15658936E+01   -0.79275027E+00
    0.19167144E+02    0.15564873E+01   -0.78974441E+00
    0.19437057E+02    0.15459265E+01   -0.78632790E+00
    0.19740325E+02    0.15342662E+01   -0.78250126E+00
    0.20077077E+02    0.15215813E+01   -0.77828569E+00
    0.20447610E+02    0.15079099E+01   -0.77367687E+00
    0.20852453E+02    0.14933151E+01   -0.76868962E+00
    0.21292440E+02    0.14778438E+01   -0.76331609E+00
    0.21768816E+02    0.14615302E+01   -0.75757147E+00
    0.22283385E+02    0.14443932E+01   -0.75144201E+00
    0.22838729E+02    0.14264419E+01   -0.74492157E+00
    0.23438536E+02    0.14076459E+01   -0.73799209E+00
    0.24088163E+02    0.13879554E+01   -0.73062073E+00
    0.24795613E+02    0.13672505E+01   -0.72275215E+00
    0.25573467E+02    0.13453248E+01   -0.71429094E+00
    0.26443188E+02    0.13217819E+01   -0.70506517E+00
    0.27446996E+02    0.12957802E+01   -0.69471642E+00
    0.28696012E+02    0.12650668E+01   -0.68228018E+00
    0.19420117E+02    0.15465841E+01   -0.78654193E+00
    0.19424115E+02    0.15464288E+01   -0.78649141E+00
    0.19456090E+02    0.15451886E+01   -0.78608758E+00
    0.19520019E+02    0.15427172E+01   -0.78528113E+00
    0.19615858E+02    0.15390284E+01   -0.78407168E+00
    0.19743554E+02    0.15341432E+01   -0.78246065E+00
    0.19903054E+02    0.15281045E+01   -0.78046320E+00
    0.20094317E+02    0.15209381E+01   -0.77807029E+00
    0.20317337E+02    0.15126775E+01   -0.77529256E+00
    0.20572165E+02    0.15033854E+01   -0.77213685E+00
    0.20858936E+02    0.14930844E+01   -0.76861023E+00
    0.21177908E+02    0.14818343E+01   -0.76470764E+00
    0.21529504E+02    0.14696765E+01   -0.76045128E+00
    0.21914369E+02    0.14566320E+01   -0.75582798E+00
    0.22333445E+02    0.14427538E+01   -0.75085028E+00
    0.22788069E+02    0.14280562E+01   -0.74551171E+00
    0.23280121E+02    0.14125544E+01   -0.73981102E+00
    0.23812230E+02    0.13962398E+01   -0.73373529E+00
    0.24388107E+02    0.13790926E+01   -0.72726546E+00
    0.25013084E+02    0.13610371E+01   -0.72036767E+00
    0.25695081E+02    0.13419748E+01   -0.71298615E+00
    0.26446493E+02    0.13216943E+01   -0.70503057E+00
    0.27288403E+02    0.12998107E+01   -0.69633042E+00
    0.28262207E+02    0.12755386E+01   -0.68654479E+00
    0.29476701E+02    0.12467128E+01   -0.67474575E+00
    0.20725637E+02    0.14978489E+01   -0.77024586E+00
    0.20729383E+02    0.14977144E+01   -0.77019981E+00
    0.20759348E+02    0.14966399E+01   -0.76983160E+00
    0.20819275E+02    0.14944975E+01   -0.76909620E+00
    0.20909160E+02    0.14913002E+01   -0.76799556E+00
    0.21029005E+02    0.14870632E+01   -0.76652932E+00
    0.21178826E+02    0.14818022E+01   -0.76469645E+00
    0.21358668E+02    0.14755504E+01   -0.76251429E+00
    0.21568618E+02    0.14683383E+01   -0.75998009E+00
    0.21808830E+02    0.14601790E+01   -0.75709119E+00
    0.22079545E+02    0.14511222E+01   -0.75385864E+00
    0.22381128E+02    0.14411967E+01   -0.75028719E+00
    0.22714106E+02    0.14304221E+01   -0.74637544E+00
    0.23079226E+02    0.14188386E+01   -0.74212951E+00
    0.23477518E+02    0.14064468E+01   -0.73754573E+00
    0.23910399E+02    0.13932802E+01   -0.73262402E+00
    0.24379810E+02    0.13793361E+01   -0.72735789E+00
    0.24888419E+02    0.13645898E+01   -0.72173239E+00
    0.25439946E+02    0.13490269E+01   -0.71572967E+00
    0.26039690E+02    0.13325786E+01   -0.70931460E+00
    0.26695473E+02    0.13151286E+01   -0.70243348E+00
    0.27419484E+02    0.12964764E+01   -0.69499586E+00
    0.28232394E+02    0.12762667E+01   -0.68684014E+00
    0.29174705E+02    0.12537387E+01   -0.67763832E+00
    0.30352710E+02    0.12268380E+01   -0.66650388E+00
    0.22185365E+02    0.14476185E+01   -0.75260224E+00
    0.22188864E+02    0.14475030E+01   -0.75256078E+00
    0.22216861E+02    0.14465799E+01   -0.75222915E+00
    0.22272866E+02    0.14447383E+01   -0.75156641E+00
    0.22356908E+02    0.14419871E+01   -0.75057313E+00
    0.22469032E+02    0.14383355E+01   -0.74925103E+00
    0.22609313E+02    0.14337926E+01   -0.74760298E+00
    0.22777863E+02    0.14283820E+01   -0.74563074E+00
    0.22974848E+02    0.14221270E+01   -0.74333960E+00
    0.23200505E+02    0.14150384E+01   -0.74072820E+00
    0.23455163E+02    0.14071341E+01   -0.73780164E+00
    0.23739276E+02    0.13984494E+01   -0.73456323E+00
    0.24053461E+02    0.13889915E+01   -0.73101102E+00
    0.24398546E+02    0.13787862E+01   -0.72714918E+00
    0.24775637E+02    0.13678251E+01   -0.72297216E+00
    0.25186218E+02    0.13561368E+01   -0.71847925E+00
    0.25632274E+02    0.13437024E+01   -0.71365924E+00
    0.26116504E+02    0.13305061E+01   -0.70850145E+00
    0.26642620E+02    0.13165141E+01   -0.70298319E+00
    0.27215874E+02    0.13016650E+01   -0.69707093E+00
    0.27843970E+02    0.12858331E+01   -0.69071180E+00
    0.28538859E+02    0.12688350E+01   -0.68381837E+00
    0.29320750E+02    0.12503293E+01   -0.67623682E+00
    0.30229155E+02    0.12295983E+01   -0.66765300E+00
    0.31367584E+02    0.12047120E+01   -0.65722725E+00
    0.23944675E+02    0.13922502E+01   -0.73223693E+00
    0.23947917E+02    0.13921528E+01   -0.73220034E+00
    0.23973859E+02    0.13913744E+01   -0.73190768E+00
    0.24025770E+02    0.13898195E+01   -0.73132273E+00
    0.24103700E+02    0.13874921E+01   -0.73044610E+00
    0.24207735E+02    0.13844026E+01   -0.72927920E+00
    0.24337996E+02    0.13805642E+01   -0.72782399E+00
    0.24494654E+02    0.13759717E+01   -0.72608022E+00
    0.24677939E+02    0.13706443E+01   -0.72405025E+00
    0.24888159E+02    0.13645972E+01   -0.72173525E+00
    0.25125718E+02    0.13578453E+01   -0.71913820E+00
    0.25391145E+02    0.13503866E+01   -0.71625674E+00
    0.25685132E+02    0.13422481E+01   -0.71309267E+00
    0.26008577E+02    0.13334198E+01   -0.70964452E+00
    0.26362649E+02    0.13239198E+01   -0.70590909E+00
    0.26748880E+02    0.13137322E+01   -0.70187911E+00
    0.27169294E+02    0.13028573E+01   -0.69754723E+00
    0.27626596E+02    0.12912597E+01   -0.69289844E+00
    0.28124477E+02    0.12789087E+01   -0.68791154E+00
    0.28668115E+02    0.12657346E+01   -0.68255289E+00
    0.29265059E+02    0.12516264E+01   -0.67677075E+00
    0.29926969E+02    0.12364033E+01   -0.67048145E+00
    0.30673497E+02    0.12197478E+01   -0.66354036E+00
    0.31542968E+02    0.12009789E+01   -0.65565199E+00
    0.32635600E+02    0.11783111E+01   -0.64602817E+00
