    0.27220274E-04    0.22232407E-06    0.33207896E-05
    0.37670048E+00    0.43946082E-03   -0.54952480E-05
    0.11304971E+01    0.13145878E-02   -0.49308680E-04
    0.18854862E+01    0.21785684E-02   -0.13534079E-03
    0.26424811E+01    0.30247250E-02   -0.26056272E-03
    0.34023234E+01    0.38474620E-02   -0.42043388E-03
    0.41658956E+01    0.46427318E-02   -0.60889656E-03
    0.49341367E+01    0.54084248E-02   -0.81858683E-03
    0.57080584E+01    0.61446470E-02   -0.10409309E-02
    0.64887668E+01    0.68540545E-02   -0.12660124E-02
    0.72774883E+01    0.75417119E-02   -0.14838049E-02
    0.80756019E+01    0.82137295E-02   -0.16876482E-02
    0.88846830E+01    0.88758110E-02   -0.18766772E-02
    0.97065596E+01    0.95322036E-02   -0.20539595E-02
    0.10543391E+02    0.10186180E-01   -0.22231994E-02
    0.11397778E+02    0.10840778E-01   -0.23873477E-02
    0.12272920E+02    0.11498981E-01   -0.25485889E-02
    0.13172859E+02    0.12164237E-01   -0.27087386E-02
    0.14102855E+02    0.12840412E-01   -0.28693683E-02
    0.15070019E+02    0.13532248E-01   -0.30320745E-02
    0.16084440E+02    0.14246573E-01   -0.31987420E-02
    0.17161407E+02    0.14993218E-01   -0.33718670E-02
    0.18326394E+02    0.15788124E-01   -0.35552584E-02
    0.19628859E+02    0.16662310E-01   -0.37561369E-02
    0.21198465E+02    0.17696941E-01   -0.39930602E-02
    0.66128938E+00    0.77081166E-03   -0.16959675E-04
    0.76105643E+00    0.88674667E-03   -0.22436382E-04
    0.13097051E+01    0.15210966E-02   -0.66010732E-04
    0.19980896E+01    0.23058823E-02   -0.15160119E-03
    0.27239696E+01    0.31143304E-02   -0.27617322E-03
    0.34659931E+01    0.39150318E-02   -0.43518607E-03
    0.42180553E+01    0.46958263E-02   -0.62259283E-03
    0.49782536E+01    0.54513277E-02   -0.83105548E-03
    0.57462365E+01    0.61800855E-02   -0.10520098E-02
    0.65223768E+01    0.68839118E-02   -0.12755552E-02
    0.73074715E+01    0.75673626E-02   -0.14917869E-02
    0.81026323E+01    0.82361420E-02   -0.16942362E-02
    0.89092590E+01    0.88956683E-02   -0.18821728E-02
    0.97290597E+01    0.95499736E-02   -0.20586427E-02
    0.10564109E+02    0.10202202E-01   -0.22272735E-02
    0.11416946E+02    0.10855327E-01   -0.23909484E-02
    0.12290723E+02    0.11512251E-01   -0.25518076E-02
    0.13189447E+02    0.12176394E-01   -0.27116455E-02
    0.14118351E+02    0.12851588E-01   -0.28720084E-02
    0.15084521E+02    0.13542530E-01   -0.30344831E-02
    0.16098028E+02    0.14256068E-01   -0.32009500E-02
    0.17174143E+02    0.15001978E-01   -0.33738927E-02
    0.18338321E+02    0.15796200E-01   -0.35571176E-02
    0.19639995E+02    0.16669722E-01   -0.37578372E-02
    0.21208777E+02    0.17703679E-01   -0.39946001E-02
    0.15185867E+01    0.17607666E-02   -0.88438085E-04
    0.15646114E+01    0.18134118E-02   -0.93802132E-04
    0.18931797E+01    0.21872814E-02   -0.13642436E-03
    0.24209841E+01    0.27796194E-02   -0.22014969E-03
    0.30477553E+01    0.34671916E-02   -0.34195786E-03
    0.37258435E+01    0.41884581E-02   -0.49731640E-03
    0.44340492E+01    0.49139772E-02   -0.68024233E-03
    0.51625391E+01    0.56293092E-02   -0.88348767E-03
    0.59066095E+01    0.63280780E-02   -0.10985284E-02
    0.66640979E+01    0.70092330E-02   -0.13155838E-02
    0.74342411E+01    0.76754020E-02   -0.15252575E-02
    0.82171438E+01    0.83308446E-02   -0.17219314E-02
    0.90135286E+01    0.89797511E-02   -0.19053455E-02
    0.98246326E+01    0.96253259E-02   -0.20784448E-02
    0.10652192E+02    0.10270243E-01   -0.22445401E-02
    0.11498498E+02    0.10917155E-01   -0.24062283E-02
    0.12366514E+02    0.11568722E-01   -0.25654907E-02
    0.13260103E+02    0.12228136E-01   -0.27240072E-02
    0.14184380E+02    0.12899171E-01   -0.28832453E-02
    0.15146339E+02    0.13586350E-01   -0.30447430E-02
    0.16155969E+02    0.14296552E-01   -0.32103573E-02
    0.17228465E+02    0.15039313E-01   -0.33825249E-02
    0.18389204E+02    0.15830633E-01   -0.35650459E-02
    0.19687514E+02    0.16701337E-01   -0.37650890E-02
    0.21252789E+02    0.17732424E-01   -0.40011702E-02
    0.23825079E+01    0.27368244E-02   -0.21343824E-03
    0.24121043E+01    0.27697484E-02   -0.21859253E-03
    0.26371135E+01    0.30188118E-02   -0.25954825E-03
    0.30383223E+01    0.34569862E-02   -0.33995929E-03
    0.35579559E+01    0.40122306E-02   -0.45682802E-03
    0.41535705E+01    0.46301622E-02   -0.60567360E-03
    0.47990656E+01    0.52763513E-02   -0.78064536E-03
    0.54792380E+01    0.59305546E-02   -0.97462463E-03
    0.61853273E+01    0.65820330E-02   -0.11791308E-02
    0.69123396E+01    0.72265908E-02   -0.13847313E-02
    0.76575570E+01    0.78643236E-02   -0.15831293E-02
    0.84197203E+01    0.84974401E-02   -0.17700682E-02
    0.91985833E+01    0.91283057E-02   -0.19459138E-02
    0.99946808E+01    0.97589534E-02   -0.21133472E-02
    0.10809229E+02    0.10391205E-01   -0.22751042E-02
    0.11644127E+02    0.11027253E-01   -0.24333573E-02
    0.12502036E+02    0.11669470E-01   -0.25898624E-02
    0.13386581E+02    0.12320609E-01   -0.27460578E-02
    0.14302687E+02    0.12984252E-01   -0.29033268E-02
    0.15257189E+02    0.13664887E-01   -0.30631132E-02
    0.16259937E+02    0.14369112E-01   -0.32272105E-02
    0.17325999E+02    0.15106257E-01   -0.33979968E-02
    0.18480613E+02    0.15892405E-01   -0.35792690E-02
    0.19772922E+02    0.16758108E-01   -0.37781101E-02
    0.21331931E+02    0.17784066E-01   -0.40129722E-02
    0.32500569E+01    0.36849697E-02   -0.38595079E-03
    0.32718150E+01    0.37082654E-02   -0.39080790E-03
    0.34410600E+01    0.38885982E-02   -0.42938622E-03
    0.37573832E+01    0.42213889E-02   -0.50505863E-03
    0.41887440E+01    0.46660096E-02   -0.61488493E-03
    0.47051753E+01    0.51838987E-02   -0.75450496E-03
    0.52837067E+01    0.57452517E-02   -0.91823242E-03
    0.59083479E+01    0.63296745E-02   -0.10990323E-02
    0.65684702E+01    0.69247728E-02   -0.12886123E-02
    0.72572009E+01    0.75243360E-02   -0.14783902E-02
    0.79702387E+01    0.81261851E-02   -0.16617726E-02
    0.87050684E+01    0.87303269E-02   -0.18361036E-02
    0.94604683E+01    0.93372319E-02   -0.20021873E-02
    0.10236219E+02    0.99476169E-02   -0.21621779E-02
    0.11032949E+02    0.10562758E-01   -0.23181657E-02
    0.11852097E+02    0.11183952E-01   -0.24718161E-02
    0.12695962E+02    0.11813109E-01   -0.26245197E-02
    0.13567870E+02    0.12452809E-01   -0.27775217E-02
    0.14472505E+02    0.13106068E-01   -0.29320294E-02
    0.15416496E+02    0.13777499E-01   -0.30894307E-02
    0.16409512E+02    0.14473190E-01   -0.32513932E-02
    0.17466447E+02    0.15202566E-01   -0.34202428E-02
    0.18612350E+02    0.15981260E-01   -0.35997153E-02
    0.19896104E+02    0.16839873E-01   -0.37968588E-02
    0.21446161E+02    0.17858458E-01   -0.40299729E-02
    0.41214785E+01    0.45973917E-02   -0.59730628E-03
    0.41386578E+01    0.46149418E-02   -0.60178099E-03
    0.42737114E+01    0.47523022E-02   -0.63730655E-03
    0.45322890E+01    0.50122844E-02   -0.70692542E-03
    0.48958443E+01    0.53710930E-02   -0.80779322E-03
    0.53443792E+01    0.58029871E-02   -0.93569433E-03
    0.58601426E+01    0.62853411E-02   -0.10850549E-02
    0.64290194E+01    0.68008456E-02   -0.12490045E-02
    0.70404912E+01    0.73377801E-02   -0.14198818E-02
    0.76870463E+01    0.78891612E-02   -0.15906651E-02
    0.83635172E+01    0.84513281E-02   -0.17568236E-02
    0.90665281E+01    0.90223832E-02   -0.19170364E-02
    0.97940889E+01    0.96012661E-02   -0.20721318E-02
    0.10545325E+02    0.10187676E-01   -0.22235799E-02
    0.11320322E+02    0.10781931E-01   -0.23727637E-02
    0.12120063E+02    0.11384929E-01   -0.25208676E-02
    0.12946473E+02    0.11998008E-01   -0.26689392E-02
    0.13802565E+02    0.12623236E-01   -0.28179772E-02
    0.14692757E+02    0.13263658E-01   -0.29690838E-02
    0.15623446E+02    0.13923419E-01   -0.31234781E-02
    0.16604090E+02    0.14608292E-01   -0.32827245E-02
    0.17649376E+02    0.15327681E-01   -0.34491372E-02
    0.18784123E+02    0.16096947E-01   -0.36263195E-02
    0.20056886E+02    0.16946398E-01   -0.38212671E-02
    0.21595405E+02    0.17955504E-01   -0.40521581E-02
    0.49975520E+01    0.54700591E-02   -0.83652037E-03
    0.50117292E+01    0.54838058E-02   -0.84053901E-03
    0.51238218E+01    0.55920810E-02   -0.87242770E-03
    0.53414029E+01    0.58001598E-02   -0.93483685E-03
    0.56531613E+01    0.60935483E-02   -0.10250034E-02
    0.60457696E+01    0.64553873E-02   -0.11388384E-02
    0.65061673E+01    0.68695188E-02   -0.12709551E-02
    0.70229076E+01    0.73225639E-02   -0.14150823E-02
    0.75866631E+01    0.78045137E-02   -0.15649089E-02
    0.81902150E+01    0.83086109E-02   -0.17154494E-02
    0.88282140E+01    0.88301361E-02   -0.18639998E-02
    0.94968875E+01    0.93661558E-02   -0.20099140E-02
    0.10193778E+02    0.99145368E-02   -0.21536561E-02
    0.10917547E+02    0.10474368E-01   -0.22960187E-02
    0.11667846E+02    0.11045152E-01   -0.24377604E-02
    0.12445275E+02    0.11627321E-01   -0.25796710E-02
    0.13251419E+02    0.12221780E-01   -0.27224897E-02
    0.14088994E+02    0.12830412E-01   -0.28670058E-02
    0.14962154E+02    0.13455690E-01   -0.30141308E-02
    0.15877059E+02    0.14101484E-01   -0.31649735E-02
    0.16842943E+02    0.14773665E-01   -0.33210476E-02
    0.17874267E+02    0.15481136E-01   -0.34845284E-02
    0.18995585E+02    0.16239095E-01   -0.36589837E-02
    0.20255064E+02    0.17077464E-01   -0.38512955E-02
    0.21779588E+02    0.18075104E-01   -0.40794837E-02
    0.58792538E+01    0.63029321E-02   -0.10905969E-02
    0.58913096E+01    0.63140189E-02   -0.10940925E-02
    0.59869566E+01    0.64017071E-02   -0.11218127E-02
    0.61741950E+01    0.65719678E-02   -0.11759233E-02
    0.64457996E+01    0.68158067E-02   -0.12537868E-02
    0.67927483E+01    0.71222111E-02   -0.13515859E-02
    0.72055751E+01    0.74800496E-02   -0.14645619E-02
    0.76753717E+01    0.78793310E-02   -0.15876848E-02
    0.81943612E+01    0.83120357E-02   -0.17164486E-02
    0.87561248E+01    0.87717434E-02   -0.18477118E-02
    0.93556112E+01    0.92537684E-02   -0.19798082E-02
    0.99890426E+01    0.97545323E-02   -0.21121967E-02
    0.10653789E+02    0.10271475E-01   -0.22448522E-02
    0.11348256E+02    0.10803164E-01   -0.23780294E-02
    0.12071815E+02    0.11348847E-01   -0.25120772E-02
    0.12824779E+02    0.11908306E-01   -0.26474149E-02
    0.13608460E+02    0.12482318E-01   -0.27845380E-02
    0.14425320E+02    0.13072251E-01   -0.29240675E-02
    0.15279272E+02    0.13680519E-01   -0.30667677E-02
    0.16176251E+02    0.14310719E-01   -0.32136477E-02
    0.17125269E+02    0.14968352E-01   -0.33661157E-02
    0.18140549E+02    0.15662082E-01   -0.35262464E-02
    0.19246359E+02    0.16407113E-01   -0.36975710E-02
    0.20490430E+02    0.17232655E-01   -0.38868399E-02
    0.21998649E+02    0.18216981E-01   -0.41118890E-02
    0.67676932E+01    0.71002654E-02   -0.13446018E-02
    0.67781689E+01    0.71094444E-02   -0.13475236E-02
    0.68614645E+01    0.71822606E-02   -0.13706701E-02
    0.70254344E+01    0.73247513E-02   -0.14157725E-02
    0.72652858E+01    0.75312625E-02   -0.14805494E-02
    0.75747921E+01    0.77944844E-02   -0.15618439E-02
    0.79470974E+01    0.81069208E-02   -0.16560464E-02
    0.83754030E+01    0.84610862E-02   -0.17596315E-02
    0.88534514E+01    0.88505572E-02   -0.18696744E-02
    0.93758075E+01    0.92698661E-02   -0.19841341E-02
    0.99379830E+01    0.97144608E-02   -0.21017555E-02
    0.10536461E+02    0.10180819E-01   -0.22218356E-02
    0.11168673E+02    0.10666461E-01   -0.23440549E-02
    0.11832961E+02    0.11169553E-01   -0.24682923E-02
    0.12528558E+02    0.11689143E-01   -0.25946164E-02
    0.13255603E+02    0.12224843E-01   -0.27232210E-02
    0.14015215E+02    0.12777151E-01   -0.28544152E-02
    0.14809655E+02    0.13347121E-01   -0.29886679E-02
    0.15642640E+02    0.13936921E-01   -0.31266279E-02
    0.16519901E+02    0.14549877E-01   -0.32691809E-02
    0.17450240E+02    0.15191459E-01   -0.34176777E-02
    0.18447644E+02    0.15870138E-01   -0.35741426E-02
    0.19536079E+02    0.16600507E-01   -0.37419582E-02
    0.20762798E+02    0.17411747E-01   -0.39278256E-02
    0.22252564E+02    0.18381009E-01   -0.41493280E-02
    0.76641093E+01    0.78698444E-02   -0.15848059E-02
    0.76733614E+01    0.78776379E-02   -0.15871712E-02
    0.77470378E+01    0.79396122E-02   -0.16059168E-02
    0.78926314E+01    0.80615173E-02   -0.16425089E-02
    0.81068661E+01    0.82396506E-02   -0.16952663E-02
    0.83853668E+01    0.84692636E-02   -0.17619824E-02
    0.87231450E+01    0.87449974E-02   -0.18402204E-02
    0.91150577E+01    0.90613577E-02   -0.19276901E-02
    0.95561761E+01    0.94131838E-02   -0.20224434E-02
    0.10042045E+02    0.97960594E-02   -0.21229928E-02
    0.10568841E+02    0.10205861E-01   -0.22282034E-02
    0.11133459E+02    0.10639586E-01   -0.23373554E-02
    0.11733549E+02    0.11094692E-01   -0.24499358E-02
    0.12367533E+02    0.11569481E-01   -0.25656744E-02
    0.13034633E+02    0.12062817E-01   -0.26844658E-02
    0.13734916E+02    0.12574136E-01   -0.28063405E-02
    0.14469386E+02    0.13103834E-01   -0.29315035E-02
    0.15240170E+02    0.13652836E-01   -0.30602956E-02
    0.16050828E+02    0.14223084E-01   -0.31932777E-02
    0.16906923E+02    0.14817861E-01   -0.33312804E-02
    0.17817065E+02    0.15442165E-01   -0.34755424E-02
    0.18795012E+02    0.16104276E-01   -0.36280041E-02
    0.19864422E+02    0.16818857E-01   -0.37920409E-02
    0.21072035E+02    0.17614302E-01   -0.39741677E-02
    0.22541373E+02    0.18566983E-01   -0.41917775E-02
    0.85698907E+01    0.86202982E-02   -0.18050686E-02
    0.85781659E+01    0.86270515E-02   -0.18069812E-02
    0.86441339E+01    0.86808051E-02   -0.18221687E-02
    0.87748553E+01    0.87869236E-02   -0.18519552E-02
    0.89680396E+01    0.89431032E-02   -0.18952644E-02
    0.92205657E+01    0.91458994E-02   -0.19506869E-02
    0.95287834E+01    0.93914640E-02   -0.20166620E-02
    0.98888185E+01    0.96758271E-02   -0.20916666E-02
    0.10296842E+02    0.99948473E-02   -0.21743149E-02
    0.10749285E+02    0.10345085E-01   -0.22634706E-02
    0.11242992E+02    0.10723098E-01   -0.23581517E-02
    0.11775329E+02    0.11126167E-01   -0.24576607E-02
    0.12344254E+02    0.11552142E-01   -0.25614755E-02
    0.12948372E+02    0.11999406E-01   -0.26692741E-02
    0.13586984E+02    0.12466709E-01   -0.27808270E-02
    0.14260167E+02    0.12953698E-01   -0.28961174E-02
    0.14968888E+02    0.13460474E-01   -0.30152527E-02
    0.15715192E+02    0.13987904E-01   -0.31385199E-02
    0.16502532E+02    0.14537816E-01   -0.32663848E-02
    0.17336335E+02    0.15113347E-01   -0.33996349E-02
    0.18225044E+02    0.15719426E-01   -0.35394480E-02
    0.19182203E+02    0.16364164E-01   -0.36877137E-02
    0.20231157E+02    0.17061670E-01   -0.38476779E-02
    0.21418103E+02    0.17840199E-01   -0.40257998E-02
    0.22865213E+02    0.18774763E-01   -0.42391878E-02
    0.94866082E+01    0.93579950E-02   -0.20077355E-02
    0.94940844E+01    0.93639306E-02   -0.20093201E-02
    0.95537301E+01    0.94112449E-02   -0.20219277E-02
    0.96721659E+01    0.95050192E-02   -0.20467846E-02
    0.98477633E+01    0.96435338E-02   -0.20832163E-02
    0.10078271E+02    0.98243945E-02   -0.21303453E-02
    0.10361005E+02    0.10044774E-01   -0.21871115E-02
    0.10693056E+02    0.10301763E-01   -0.22525204E-02
    0.11071480E+02    0.10592229E-01   -0.23255333E-02
    0.11493469E+02    0.10913346E-01   -0.24052881E-02
    0.11956487E+02    0.11262404E-01   -0.24909882E-02
    0.12458374E+02    0.11637054E-01   -0.25820250E-02
    0.12997435E+02    0.12035487E-01   -0.26779202E-02
    0.13572510E+02    0.12456185E-01   -0.27783244E-02
    0.14183047E+02    0.12898212E-01   -0.28830188E-02
    0.14829197E+02    0.13361055E-01   -0.29919363E-02
    0.15511941E+02    0.13844853E-01   -0.31051523E-02
    0.16233298E+02    0.14350537E-01   -0.32228953E-02
    0.16996654E+02    0.14879757E-01   -0.33456124E-02
    0.17807336E+02    0.15435531E-01   -0.34740128E-02
    0.18673643E+02    0.16022557E-01   -0.36092143E-02
    0.19608917E+02    0.16649034E-01   -0.37530913E-02
    0.20636193E+02    0.17328564E-01   -0.39087962E-02
    0.21801097E+02    0.18089054E-01   -0.40826695E-02
    0.23224355E+02    0.19004424E-01   -0.42915496E-02
    0.10416062E+02    0.10087539E-01   -0.21980494E-02
    0.10422871E+02    0.10092823E-01   -0.21993995E-02
    0.10477231E+02    0.10134966E-01   -0.22101560E-02
    0.10585339E+02    0.10218614E-01   -0.22314432E-02
    0.10746025E+02    0.10342575E-01   -0.22628368E-02
    0.10957653E+02    0.10505108E-01   -0.23037297E-02
    0.11218245E+02    0.10704250E-01   -0.23534640E-02
    0.11525626E+02    0.10937693E-01   -0.24112962E-02
    0.11877553E+02    0.11203098E-01   -0.24764991E-02
    0.12271856E+02    0.11498187E-01   -0.25483964E-02
    0.12706541E+02    0.11820934E-01   -0.26264038E-02
    0.13179897E+02    0.12169395E-01   -0.27099722E-02
    0.13690578E+02    0.12541950E-01   -0.27987041E-02
    0.14237684E+02    0.12937532E-01   -0.28923017E-02
    0.14820845E+02    0.13355100E-01   -0.29905396E-02
    0.15440327E+02    0.13794321E-01   -0.30933590E-02
    0.16097171E+02    0.14255469E-01   -0.32008107E-02
    0.16793408E+02    0.14739411E-01   -0.33131162E-02
    0.17532395E+02    0.15247725E-01   -0.34306723E-02
    0.18319384E+02    0.15783376E-01   -0.35541654E-02
    0.19162556E+02    0.16351004E-01   -0.36846928E-02
    0.20075065E+02    0.16958432E-01   -0.38240242E-02
    0.21079636E+02    0.17619272E-01   -0.39753042E-02
    0.22221306E+02    0.18360846E-01   -0.41447270E-02
    0.23619257E+02    0.19255832E-01   -0.43488607E-02
    0.11360346E+02    0.10812349E-01   -0.23803062E-02
    0.11366589E+02    0.10817093E-01   -0.23814816E-02
    0.11416456E+02    0.10854955E-01   -0.23908566E-02
    0.11515750E+02    0.10930218E-01   -0.24094522E-02
    0.11663625E+02    0.11041968E-01   -0.24369772E-02
    0.11858889E+02    0.11189061E-01   -0.24730661E-02
    0.12100088E+02    0.11369997E-01   -0.25172309E-02
    0.12385603E+02    0.11582935E-01   -0.25689314E-02
    0.12713748E+02    0.11826263E-01   -0.26276868E-02
    0.13082872E+02    0.12098233E-01   -0.26929452E-02
    0.13491452E+02    0.12397155E-01   -0.27642822E-02
    0.13938178E+02    0.12721478E-01   -0.28412408E-02
    0.14422033E+02    0.13069895E-01   -0.29235127E-02
    0.14942381E+02    0.13441635E-01   -0.30108353E-02
    0.15499050E+02    0.13835760E-01   -0.31030308E-02
    0.16092445E+02    0.14252166E-01   -0.32000429E-02
    0.16723696E+02    0.14691163E-01   -0.33019394E-02
    0.17394875E+02    0.15153499E-01   -0.34089103E-02
    0.18109334E+02    0.15640888E-01   -0.35213637E-02
    0.18872279E+02    0.16156267E-01   -0.36399509E-02
    0.19691792E+02    0.16704182E-01   -0.37657416E-02
    0.20580849E+02    0.17292162E-01   -0.39004651E-02
    0.21561868E+02    0.17933706E-01   -0.40471746E-02
    0.22679276E+02    0.18655562E-01   -0.42119956E-02
    0.24050621E+02    0.19529260E-01   -0.44111595E-02
    0.12321936E+02    0.11535513E-01   -0.25574466E-02
    0.12327693E+02    0.11539803E-01   -0.25584861E-02
    0.12373687E+02    0.11574063E-01   -0.25667839E-02
    0.12465358E+02    0.11642242E-01   -0.25832796E-02
    0.12602095E+02    0.11743635E-01   -0.26077737E-02
    0.12783032E+02    0.11877475E-01   -0.26400062E-02
    0.13007105E+02    0.12042594E-01   -0.26796225E-02
    0.13273123E+02    0.12237665E-01   -0.27262816E-02
    0.13579839E+02    0.12461515E-01   -0.27795918E-02
    0.13926026E+02    0.12712688E-01   -0.28391600E-02
    0.14310553E+02    0.12989902E-01   -0.29046595E-02
    0.14732462E+02    0.13292025E-01   -0.29757421E-02
    0.15191040E+02    0.13618030E-01   -0.30521557E-02
    0.15685898E+02    0.13967328E-01   -0.31337210E-02
    0.16217065E+02    0.14339212E-01   -0.32202649E-02
    0.16785096E+02    0.14733660E-01   -0.33117844E-02
    0.17391224E+02    0.15150995E-01   -0.34083320E-02
    0.18037581E+02    0.15592155E-01   -0.35101310E-02
    0.18727537E+02    0.16058852E-01   -0.36175612E-02
    0.19466268E+02    0.16553956E-01   -0.37312763E-02
    0.20261770E+02    0.17081893E-01   -0.38523099E-02
    0.21126855E+02    0.17650143E-01   -0.39823624E-02
    0.22083632E+02    0.18271943E-01   -0.41244377E-02
    0.23175897E+02    0.18973503E-01   -0.42844989E-02
    0.24519483E+02    0.19824953E-01   -0.44785031E-02
    0.13303818E+02    0.12260118E-01   -0.27316387E-02
    0.13309150E+02    0.12264017E-01   -0.27325688E-02
    0.13351764E+02    0.12295169E-01   -0.27399960E-02
    0.13436764E+02    0.12357256E-01   -0.27547853E-02
    0.13563712E+02    0.12449785E-01   -0.27768024E-02
    0.13731984E+02    0.12572008E-01   -0.28058357E-02
    0.13940813E+02    0.12723383E-01   -0.28416919E-02
    0.14189337E+02    0.12902741E-01   -0.28840881E-02
    0.14476654E+02    0.13109041E-01   -0.29327291E-02
    0.14801881E+02    0.13341575E-01   -0.29873672E-02
    0.15164215E+02    0.13599019E-01   -0.30477080E-02
    0.15562998E+02    0.13880852E-01   -0.31135494E-02
    0.15997786E+02    0.14186006E-01   -0.31846470E-02
    0.16468420E+02    0.14514124E-01   -0.32608910E-02
    0.16975119E+02    0.14864910E-01   -0.33421748E-02
    0.17518588E+02    0.15238276E-01   -0.34284900E-02
    0.18100170E+02    0.15634665E-01   -0.35199298E-02
    0.18722067E+02    0.16055169E-01   -0.36167143E-02
    0.19387679E+02    0.16501525E-01   -0.37192423E-02
    0.20102165E+02    0.16976368E-01   -0.38281338E-02
    0.20873447E+02    0.17484320E-01   -0.39444275E-02
    0.21714177E+02    0.18032656E-01   -0.40697885E-02
    0.22646154E+02    0.18634295E-01   -0.42071415E-02
    0.23712521E+02    0.19315009E-01   -0.43623541E-02
    0.25027315E+02    0.20143578E-01   -0.45510472E-02
    0.14309669E+02    0.12989267E-01   -0.29045097E-02
    0.14314626E+02    0.12992827E-01   -0.29053494E-02
    0.14354255E+02    0.13021277E-01   -0.29120578E-02
    0.14433353E+02    0.13078010E-01   -0.29254237E-02
    0.14551609E+02    0.13162714E-01   -0.29453590E-02
    0.14708584E+02    0.13274967E-01   -0.29717386E-02
    0.14903735E+02    0.13414146E-01   -0.30043888E-02
    0.15136457E+02    0.13579346E-01   -0.30431037E-02
    0.15406121E+02    0.13770175E-01   -0.30877198E-02
    0.15712120E+02    0.13985747E-01   -0.31380170E-02
    0.16053924E+02    0.14225247E-01   -0.31937811E-02
    0.16431128E+02    0.14488213E-01   -0.32548802E-02
    0.16843522E+02    0.14774065E-01   -0.33211401E-02
    0.17291152E+02    0.15082349E-01   -0.33924721E-02
    0.17774412E+02    0.15413068E-01   -0.34688340E-02
    0.18294151E+02    0.15766282E-01   -0.35502309E-02
    0.18851822E+02    0.16142506E-01   -0.36367892E-02
    0.19449700E+02    0.16542905E-01   -0.37287402E-02
    0.20091221E+02    0.16969125E-01   -0.38264743E-02
    0.20781533E+02    0.17424044E-01   -0.39306381E-02
    0.21528489E+02    0.17912006E-01   -0.40422132E-02
    0.22344586E+02    0.18440338E-01   -0.41628688E-02
    0.23251308E+02    0.19021611E-01   -0.42954701E-02
    0.24291124E+02    0.19681091E-01   -0.44457464E-02
    0.25576191E+02    0.20486180E-01   -0.46290088E-02
    0.15344134E+02    0.13726390E-01   -0.30774895E-02
    0.15348757E+02    0.13729657E-01   -0.30782531E-02
    0.15385723E+02    0.13755771E-01   -0.30843550E-02
    0.15459544E+02    0.13807884E-01   -0.30965255E-02
    0.15570008E+02    0.13885791E-01   -0.31147015E-02
    0.15716814E+02    0.13989043E-01   -0.31387857E-02
    0.15899596E+02    0.14117279E-01   -0.31686491E-02
    0.16117945E+02    0.14269985E-01   -0.32041850E-02
    0.16371450E+02    0.14446731E-01   -0.32452481E-02
    0.16659728E+02    0.14646857E-01   -0.32916679E-02
    0.16982470E+02    0.14869978E-01   -0.33433484E-02
    0.17339487E+02    0.15115509E-01   -0.34001345E-02
    0.17730765E+02    0.15383270E-01   -0.34619629E-02
    0.18156535E+02    0.15672934E-01   -0.35287457E-02
    0.18617345E+02    0.15984627E-01   -0.36004897E-02
    0.19114178E+02    0.16318590E-01   -0.36772502E-02
    0.19648588E+02    0.16675441E-01   -0.37591490E-02
    0.20222924E+02    0.17056230E-01   -0.38464317E-02
    0.20840657E+02    0.17462827E-01   -0.39395098E-02
    0.21506927E+02    0.17897985E-01   -0.40390078E-02
    0.22229522E+02    0.18366147E-01   -0.41459365E-02
    0.23020781E+02    0.18874353E-01   -0.42618954E-02
    0.23901865E+02    0.19435084E-01   -0.43897075E-02
    0.24914545E+02    0.20072972E-01   -0.45349769E-02
    0.26169016E+02    0.20854023E-01   -0.47126702E-02
    0.16413262E+02    0.14475797E-01   -0.32519983E-02
    0.16417584E+02    0.14478801E-01   -0.32526957E-02
    0.16452149E+02    0.14502820E-01   -0.32582690E-02
    0.16521206E+02    0.14550783E-01   -0.32693908E-02
    0.16624617E+02    0.14622523E-01   -0.32860249E-02
    0.16762189E+02    0.14717809E-01   -0.33081130E-02
    0.16933690E+02    0.14836334E-01   -0.33355581E-02
    0.17138870E+02    0.14977713E-01   -0.33682809E-02
    0.17377488E+02    0.15141575E-01   -0.34061560E-02
    0.17649342E+02    0.15327658E-01   -0.34491317E-02
    0.17954303E+02    0.15535571E-01   -0.34970827E-02
    0.18292362E+02    0.15765069E-01   -0.35499519E-02
    0.18663675E+02    0.16015842E-01   -0.36076699E-02
    0.19068625E+02    0.16288065E-01   -0.36702379E-02
    0.19507903E+02    0.16581723E-01   -0.37376481E-02
    0.19982605E+02    0.16897208E-01   -0.38099974E-02
    0.20494383E+02    0.17235257E-01   -0.38874359E-02
    0.21045650E+02    0.17597046E-01   -0.39702214E-02
    0.21639910E+02    0.17984423E-01   -0.40587682E-02
    0.22282294E+02    0.18400181E-01   -0.41537033E-02
    0.22980522E+02    0.18848586E-01   -0.42560201E-02
    0.23746770E+02    0.19336734E-01   -0.43673058E-02
    0.24601867E+02    0.19876789E-01   -0.44903038E-02
    0.25586857E+02    0.20492820E-01   -0.46305191E-02
    0.26809888E+02    0.21249170E-01   -0.48025155E-02
    0.17525232E+02    0.15242823E-01   -0.34295402E-02
    0.17529280E+02    0.15245593E-01   -0.34301800E-02
    0.17561656E+02    0.15267739E-01   -0.34352951E-02
    0.17626367E+02    0.15311964E-01   -0.34455084E-02
    0.17723331E+02    0.15378193E-01   -0.34607920E-02
    0.17852438E+02    0.15466272E-01   -0.34811008E-02
    0.18013563E+02    0.15575838E-01   -0.35063688E-02
    0.18206577E+02    0.15706897E-01   -0.35365645E-02
    0.18431378E+02    0.15859147E-01   -0.35716117E-02
    0.18687906E+02    0.16032164E-01   -0.36114238E-02
    0.18976185E+02    0.16226078E-01   -0.36559921E-02
    0.19296349E+02    0.16440540E-01   -0.37052432E-02
    0.19648698E+02    0.16675514E-01   -0.37591658E-02
    0.20033748E+02    0.16931079E-01   -0.38177574E-02
    0.20452307E+02    0.17207551E-01   -0.38810902E-02
    0.20905576E+02    0.17505370E-01   -0.39492444E-02
    0.21395287E+02    0.17825346E-01   -0.40224054E-02
    0.21923913E+02    0.18168615E-01   -0.41008428E-02
    0.22494983E+02    0.18537163E-01   -0.41849709E-02
    0.23113615E+02    0.18933723E-01   -0.42754307E-02
    0.23787454E+02    0.19362542E-01   -0.43731856E-02
    0.24528507E+02    0.19830633E-01   -0.44797962E-02
    0.25357256E+02    0.20349787E-01   -0.45979674E-02
    0.26313986E+02    0.20943621E-01   -0.47330431E-02
    0.27504703E+02    0.21674804E-01   -0.48992572E-02
    0.18691650E+02    0.16034685E-01   -0.36120037E-02
    0.18695446E+02    0.16037241E-01   -0.36125916E-02
    0.18725806E+02    0.16057686E-01   -0.36172932E-02
    0.18786507E+02    0.16098552E-01   -0.36266883E-02
    0.18877513E+02    0.16159786E-01   -0.36407596E-02
    0.18998779E+02    0.16241237E-01   -0.36594761E-02
    0.19150260E+02    0.16342766E-01   -0.36828017E-02
    0.19331929E+02    0.16464309E-01   -0.37106993E-02
    0.19543790E+02    0.16605646E-01   -0.37431374E-02
    0.19785901E+02    0.16766729E-01   -0.37800874E-02
    0.20058405E+02    0.16947404E-01   -0.38214975E-02
    0.20361560E+02    0.17147748E-01   -0.38673927E-02
    0.20695782E+02    0.17367734E-01   -0.39177579E-02
    0.21061697E+02    0.17607541E-01   -0.39726217E-02
    0.21460216E+02    0.17867603E-01   -0.40320630E-02
    0.21892627E+02    0.18148360E-01   -0.40962160E-02
    0.22360732E+02    0.18450743E-01   -0.41652439E-02
    0.22867051E+02    0.18775940E-01   -0.42394561E-02
    0.23415130E+02    0.19125972E-01   -0.43192761E-02
    0.24010066E+02    0.19503604E-01   -0.44053144E-02
    0.24659420E+02    0.19912970E-01   -0.44985409E-02
    0.25375021E+02    0.20360859E-01   -0.46004886E-02
    0.26176984E+02    0.20858951E-01   -0.47137911E-02
    0.27104795E+02    0.21430247E-01   -0.48436612E-02
    0.28262214E+02    0.22135665E-01   -0.50039454E-02
    0.19930107E+02    0.16862418E-01   -0.38020259E-02
    0.19933666E+02    0.16864778E-01   -0.38025666E-02
    0.19962143E+02    0.16883651E-01   -0.38068912E-02
    0.20019096E+02    0.16921377E-01   -0.38155347E-02
    0.20104523E+02    0.16977928E-01   -0.38284914E-02
    0.20218431E+02    0.17053261E-01   -0.38457514E-02
    0.20360841E+02    0.17147274E-01   -0.38672840E-02
    0.20531801E+02    0.17259887E-01   -0.38930761E-02
    0.20731403E+02    0.17391134E-01   -0.39231106E-02
    0.20959801E+02    0.17540875E-01   -0.39573700E-02
    0.21217233E+02    0.17709202E-01   -0.39958626E-02
    0.21504058E+02    0.17896119E-01   -0.40385811E-02
    0.21820787E+02    0.18101818E-01   -0.40855851E-02
    0.22168140E+02    0.18326536E-01   -0.41368976E-02
    0.22547112E+02    0.18570671E-01   -0.41926192E-02
    0.22959061E+02    0.18834847E-01   -0.42528876E-02
    0.23405848E+02    0.19120060E-01   -0.43179288E-02
    0.23890026E+02    0.19427581E-01   -0.43879988E-02
    0.24415152E+02    0.19759248E-01   -0.44635428E-02
    0.24986289E+02    0.20117886E-01   -0.45452014E-02
    0.25610903E+02    0.20507787E-01   -0.46339227E-02
    0.26300628E+02    0.20935369E-01   -0.47311676E-02
    0.27075189E+02    0.21412109E-01   -0.48395391E-02
    0.27973224E+02    0.21960173E-01   -0.49640943E-02
    0.29096118E+02    0.22639103E-01   -0.51182854E-02
    0.21269911E+02    0.17743603E-01   -0.40037250E-02
    0.21273246E+02    0.17745780E-01   -0.40042226E-02
    0.21299933E+02    0.17763196E-01   -0.40082027E-02
    0.21353317E+02    0.17798006E-01   -0.40161578E-02
    0.21433427E+02    0.17850173E-01   -0.40280792E-02
    0.21540309E+02    0.17919691E-01   -0.40439702E-02
    0.21674035E+02    0.18006590E-01   -0.40638336E-02
    0.21834716E+02    0.18110846E-01   -0.40876471E-02
    0.22022512E+02    0.18232419E-01   -0.41154141E-02
    0.22237653E+02    0.18371391E-01   -0.41471333E-02
    0.22480457E+02    0.18527821E-01   -0.41828386E-02
    0.22751361E+02    0.18701816E-01   -0.42225509E-02
    0.23050959E+02    0.18893661E-01   -0.42662977E-02
    0.23380043E+02    0.19103624E-01   -0.43141819E-02
    0.23739676E+02    0.19332234E-01   -0.43662802E-02
    0.24131275E+02    0.19580238E-01   -0.44227748E-02
    0.24556744E+02    0.19848404E-01   -0.44838418E-02
    0.25018659E+02    0.20138157E-01   -0.45498139E-02
    0.25520573E+02    0.20451541E-01   -0.46211300E-02
    0.26067500E+02    0.20791185E-01   -0.46983792E-02
    0.26666802E+02    0.21161172E-01   -0.47825079E-02
    0.27329892E+02    0.21567999E-01   -0.48749771E-02
    0.28076072E+02    0.22022673E-01   -0.49782905E-02
    0.28943068E+02    0.22546987E-01   -0.50973677E-02
    0.30029719E+02    0.23198154E-01   -0.52451977E-02
    0.22767972E+02    0.18712466E-01   -0.42249807E-02
    0.22771088E+02    0.18714464E-01   -0.42254364E-02
    0.22796021E+02    0.18730444E-01   -0.42290813E-02
    0.22845910E+02    0.18762402E-01   -0.42363693E-02
    0.22920804E+02    0.18810355E-01   -0.42473029E-02
    0.23020781E+02    0.18874353E-01   -0.42618954E-02
    0.23145955E+02    0.18954384E-01   -0.42801404E-02
    0.23296486E+02    0.19050402E-01   -0.43020397E-02
    0.23472590E+02    0.19162569E-01   -0.43276122E-02
    0.23674557E+02    0.19290925E-01   -0.43568631E-02
    0.23902769E+02    0.19435656E-01   -0.43898379E-02
    0.24157729E+02    0.19596945E-01   -0.44265812E-02
    0.24440093E+02    0.19774959E-01   -0.44671203E-02
    0.24750714E+02    0.19970302E-01   -0.45115954E-02
    0.25090708E+02    0.20183275E-01   -0.45600773E-02
    0.25461537E+02    0.20414763E-01   -0.46127613E-02
    0.25865133E+02    0.20665700E-01   -0.46698425E-02
    0.26304082E+02    0.20937503E-01   -0.47316526E-02
    0.26781917E+02    0.21231978E-01   -0.47986058E-02
    0.27303590E+02    0.21551910E-01   -0.48713194E-02
    0.27876330E+02    0.21901267E-01   -0.49507053E-02
    0.28511304E+02    0.22286425E-01   -0.50382004E-02
    0.29227337E+02    0.22717908E-01   -0.51361856E-02
    0.30061148E+02    0.23216891E-01   -0.52494483E-02
    0.31108768E+02    0.23838413E-01   -0.53905061E-02
    0.24573483E+02    0.19858935E-01   -0.44862393E-02
    0.24576370E+02    0.19860752E-01   -0.44866528E-02
    0.24599473E+02    0.19875284E-01   -0.44899610E-02
    0.24645712E+02    0.19904355E-01   -0.44965794E-02
    0.24715152E+02    0.19947979E-01   -0.45065121E-02
    0.24807899E+02    0.20006170E-01   -0.45197639E-02
    0.24924099E+02    0.20078953E-01   -0.45363388E-02
    0.25063953E+02    0.20166522E-01   -0.45562667E-02
    0.25227722E+02    0.20268967E-01   -0.45795702E-02
    0.25415746E+02    0.20386235E-01   -0.46062668E-02
    0.25628458E+02    0.20518710E-01   -0.46364068E-02
    0.25866414E+02    0.20666495E-01   -0.46700233E-02
    0.26130320E+02    0.20830084E-01   -0.47072251E-02
    0.26421078E+02    0.21009742E-01   -0.47480723E-02
    0.26739842E+02    0.21206110E-01   -0.47927236E-02
    0.27088104E+02    0.21420023E-01   -0.48413376E-02
    0.27467811E+02    0.21652276E-01   -0.48941372E-02
    0.27881540E+02    0.21904435E-01   -0.49514254E-02
    0.28332783E+02    0.22178432E-01   -0.50136612E-02
    0.28826403E+02    0.22476681E-01   -0.50813995E-02
    0.29369461E+02    0.22803225E-01   -0.51555517E-02
    0.29972820E+02    0.23164213E-01   -0.52375002E-02
    0.30654735E+02    0.23569702E-01   -0.53295393E-02
    0.31450726E+02    0.24040044E-01   -0.54362442E-02
    0.32453520E+02    0.24627869E-01   -0.55696013E-02
