    0.27220274E-04   -0.27104231E-04    0.21026778E-05
    0.37670048E+00    0.13208884E-03   -0.20203283E-05
    0.11304971E+01    0.39452302E-03   -0.18012208E-04
    0.18854862E+01    0.65188104E-03   -0.49095508E-04
    0.26424811E+01    0.90131146E-03   -0.93520781E-04
    0.34023234E+01    0.11407142E-02   -0.14878504E-03
    0.41658956E+01    0.13689651E-02   -0.21175193E-03
    0.49341367E+01    0.15860619E-02   -0.27877907E-03
    0.57080584E+01    0.17931939E-02   -0.34581861E-03
    0.64887668E+01    0.19927297E-02   -0.40847857E-03
    0.72774883E+01    0.21874931E-02   -0.46434066E-03
    0.80756019E+01    0.23790927E-02   -0.51559272E-03
    0.88846830E+01    0.25686216E-02   -0.56398242E-03
    0.97065596E+01    0.27569519E-02   -0.61056563E-03
    0.10543391E+02    0.29448886E-02   -0.65603670E-03
    0.11397778E+02    0.31331748E-02   -0.70088701E-03
    0.12272920E+02    0.33226436E-02   -0.74551383E-03
    0.13172859E+02    0.35142384E-02   -0.79026333E-03
    0.14102855E+02    0.37090063E-02   -0.83548127E-03
    0.15070019E+02    0.39083663E-02   -0.88154511E-03
    0.16084440E+02    0.41142323E-02   -0.92894625E-03
    0.17161407E+02    0.43293999E-02   -0.97835811E-03
    0.18326394E+02    0.45585265E-02   -0.10308540E-02
    0.19628859E+02    0.48104916E-02   -0.10884929E-02
    0.21198465E+02    0.51086982E-02   -0.11566102E-02
    0.66128938E+00    0.23159044E-03   -0.62096635E-05
    0.76105643E+00    0.26637120E-03   -0.82142420E-05
    0.13097051E+01    0.45623279E-03   -0.24081170E-04
    0.19980896E+01    0.68959334E-03   -0.54919396E-04
    0.27239696E+01    0.92754537E-03   -0.98989443E-04
    0.34659931E+01    0.11602299E-02   -0.15380063E-03
    0.42180553E+01    0.13840960E-02   -0.21623188E-03
    0.49782536E+01    0.15981594E-02   -0.28265435E-03
    0.57462365E+01    0.18031462E-02   -0.34903584E-03
    0.65223768E+01    0.20011523E-02   -0.41100082E-03
    0.73074715E+01    0.21947844E-02   -0.46634740E-03
    0.81026323E+01    0.23854966E-02   -0.51725989E-03
    0.89092590E+01    0.25743122E-02   -0.56540896E-03
    0.97290597E+01    0.27620537E-02   -0.61181164E-03
    0.10564109E+02    0.29494926E-02   -0.65714116E-03
    0.11416946E+02    0.31373595E-02   -0.70187743E-03
    0.12290723E+02    0.33264654E-02   -0.74641007E-03
    0.13189447E+02    0.35177395E-02   -0.79107846E-03
    0.14118351E+02    0.37122268E-02   -0.83622652E-03
    0.15084521E+02    0.39113314E-02   -0.88222910E-03
    0.16098028E+02    0.41169680E-02   -0.92957548E-03
    0.17174143E+02    0.43319251E-02   -0.97893738E-03
    0.18338321E+02    0.45608527E-02   -0.10313865E-02
    0.19639995E+02    0.48126285E-02   -0.10889815E-02
    0.21208777E+02    0.51106390E-02   -0.11570537E-02
    0.15185867E+01    0.52770795E-03   -0.32204522E-04
    0.15646114E+01    0.54338384E-03   -0.34142753E-04
    0.18931797E+01    0.65446295E-03   -0.49483965E-04
    0.24209841E+01    0.82937051E-03   -0.79290696E-04
    0.30477553E+01    0.10304729E-02   -0.12186370E-03
    0.37258435E+01    0.12389618E-02   -0.17476579E-03
    0.44340492E+01    0.14461420E-02   -0.23493591E-03
    0.51625391E+01    0.16483156E-02   -0.29880951E-03
    0.59066095E+01    0.18447138E-02   -0.36240690E-03
    0.66640979E+01    0.20365471E-02   -0.42147825E-03
    0.74342411E+01    0.22255264E-02   -0.47475379E-03
    0.82171438E+01    0.24125728E-02   -0.52428017E-03
    0.90135286E+01    0.25984164E-02   -0.57143622E-03
    0.98246326E+01    0.27836949E-02   -0.61708889E-03
    0.10652192E+02    0.29690417E-02   -0.66182549E-03
    0.11498498E+02    0.31551519E-02   -0.70608624E-03
    0.12366514E+02    0.33427261E-02   -0.75022026E-03
    0.13260103E+02    0.35326401E-02   -0.79454739E-03
    0.14184380E+02    0.37259342E-02   -0.83940121E-03
    0.15146339E+02    0.39239598E-02   -0.88514332E-03
    0.16155969E+02    0.41286247E-02   -0.93225669E-03
    0.17228465E+02    0.43426908E-02   -0.98140651E-03
    0.18389204E+02    0.45707729E-02   -0.10336572E-02
    0.19687514E+02    0.48217445E-02   -0.10910657E-02
    0.21252789E+02    0.51189193E-02   -0.11589457E-02
    0.23825079E+01    0.81678152E-03   -0.76918033E-04
    0.24121043E+01    0.82646947E-03   -0.78740350E-04
    0.26371135E+01    0.89957878E-03   -0.93164798E-04
    0.30383223E+01    0.10275040E-02   -0.12117279E-03
    0.35579559E+01    0.11882639E-02   -0.16113279E-03
    0.41535705E+01    0.13653811E-02   -0.21069596E-03
    0.47990656E+01    0.15487697E-02   -0.26690722E-03
    0.54792380E+01    0.17330446E-02   -0.32630535E-03
    0.61853273E+01    0.19161015E-02   -0.38500598E-03
    0.69123396E+01    0.20980581E-02   -0.43927343E-03
    0.76575570E+01    0.22793605E-02   -0.48927463E-03
    0.84197203E+01    0.24602428E-02   -0.53653829E-03
    0.91985833E+01    0.26410235E-02   -0.58203613E-03
    0.99946808E+01    0.28220681E-02   -0.62641692E-03
    0.10809229E+02    0.30038337E-02   -0.67014315E-03
    0.11644127E+02    0.31868516E-02   -0.71357353E-03
    0.12502036E+02    0.33717385E-02   -0.75701257E-03
    0.13386581E+02    0.35592792E-02   -0.80074662E-03
    0.14302687E+02    0.37504465E-02   -0.84507495E-03
    0.15257189E+02    0.39465884E-02   -0.89036202E-03
    0.16259937E+02    0.41495189E-02   -0.93705893E-03
    0.17325999E+02    0.43619964E-02   -0.98583074E-03
    0.18480613E+02    0.45885814E-02   -0.10377310E-02
    0.19772922E+02    0.48381133E-02   -0.10948069E-02
    0.21331931E+02    0.51337949E-02   -0.11623433E-02
    0.32500569E+01    0.10936967E-02   -0.13700549E-03
    0.32718150E+01    0.11004437E-02   -0.13866930E-03
    0.34410600E+01    0.11526030E-02   -0.15183110E-03
    0.37573832E+01    0.12484241E-02   -0.17736065E-03
    0.41887440E+01    0.13756009E-02   -0.21371250E-03
    0.47051753E+01    0.15226302E-02   -0.25865907E-03
    0.52837067E+01    0.16809445E-02   -0.30938120E-03
    0.59083479E+01    0.18451623E-02   -0.36255052E-03
    0.65684702E+01    0.20126846E-02   -0.41443561E-03
    0.72572009E+01    0.21825549E-02   -0.46297861E-03
    0.79702387E+01    0.23540812E-02   -0.50905660E-03
    0.87050684E+01    0.25269224E-02   -0.55348700E-03
    0.94604683E+01    0.27009748E-02   -0.59684290E-03
    0.10236219E+02    0.28763059E-02   -0.63953917E-03
    0.11032949E+02    0.30531919E-02   -0.68190787E-03
    0.11852097E+02    0.32319524E-02   -0.72420549E-03
    0.12695962E+02    0.34130994E-02   -0.76668075E-03
    0.13567870E+02    0.35973325E-02   -0.80958665E-03
    0.14472505E+02    0.37855662E-02   -0.85319641E-03
    0.15416496E+02    0.39790449E-02   -0.89784031E-03
    0.16409512E+02    0.41795379E-02   -0.94395630E-03
    0.17466447E+02    0.43897518E-02   -0.99219184E-03
    0.18612350E+02    0.46142034E-02   -0.10435962E-02
    0.19896104E+02    0.48616703E-02   -0.11001898E-02
    0.21446161E+02    0.51552397E-02   -0.11672373E-02
    0.41214785E+01    0.13560346E-02   -0.20795146E-03
    0.41386578E+01    0.13610408E-02   -0.20941990E-03
    0.42737114E+01    0.14001812E-02   -0.22102888E-03
    0.45322890E+01    0.14740302E-02   -0.24350891E-03
    0.48958443E+01    0.15755251E-02   -0.27541397E-03
    0.53443792E+01    0.16971813E-02   -0.31465221E-03
    0.58601426E+01    0.18327079E-02   -0.35855697E-03
    0.64290194E+01    0.19777199E-02   -0.40395769E-03
    0.70404912E+01    0.21295796E-02   -0.44821031E-03
    0.76870463E+01    0.22864389E-02   -0.49116650E-03
    0.83635172E+01    0.24470488E-02   -0.53315744E-03
    0.90665281E+01    0.26106385E-02   -0.57448404E-03
    0.97940889E+01    0.27767848E-02   -0.61540502E-03
    0.10545325E+02    0.29453185E-02   -0.65613985E-03
    0.11320322E+02    0.31162508E-02   -0.69687897E-03
    0.12120063E+02    0.32897934E-02   -0.73780519E-03
    0.12946473E+02    0.34663374E-02   -0.77910695E-03
    0.13802565E+02    0.36464631E-02   -0.82099124E-03
    0.14692757E+02    0.38309793E-02   -0.86368686E-03
    0.15623446E+02    0.40210839E-02   -0.90751648E-03
    0.16604090E+02    0.42184817E-02   -0.95289800E-03
    0.17649376E+02    0.44258311E-02   -0.10004615E-02
    0.18784123E+02    0.46475540E-02   -0.10512294E-02
    0.20056886E+02    0.48923890E-02   -0.11072035E-02
    0.21595405E+02    0.51832245E-02   -0.11736212E-02
    0.49975520E+01    0.16034421E-02   -0.28434864E-03
    0.50117292E+01    0.16073191E-02   -0.28559312E-03
    0.51238218E+01    0.16378330E-02   -0.29542104E-03
    0.53414029E+01    0.16963864E-02   -0.31439398E-03
    0.56531613E+01    0.17788372E-02   -0.34117120E-03
    0.60457696E+01    0.18804908E-02   -0.37380195E-03
    0.65061673E+01    0.19970915E-02   -0.40978627E-03
    0.70229076E+01    0.21252645E-02   -0.44699354E-03
    0.75866631E+01    0.22623143E-02   -0.48470305E-03
    0.81902150E+01    0.24062138E-02   -0.52263547E-03
    0.88282140E+01    0.25555364E-02   -0.56069656E-03
    0.94968875E+01    0.27092810E-02   -0.59888505E-03
    0.10193778E+02    0.28667955E-02   -0.63724349E-03
    0.10917547E+02    0.30277652E-02   -0.67585156E-03
    0.11667846E+02    0.31920043E-02   -0.71478949E-03
    0.12445275E+02    0.33595979E-02   -0.75417006E-03
    0.13251419E+02    0.35308094E-02   -0.79412118E-03
    0.14088994E+02    0.37061245E-02   -0.83481448E-03
    0.14962154E+02    0.38862817E-02   -0.87645351E-03
    0.15877059E+02    0.40724066E-02   -0.91932691E-03
    0.16842943E+02    0.42661341E-02   -0.96383901E-03
    0.17874267E+02    0.44700373E-02   -0.10105893E-02
    0.18995585E+02    0.46885103E-02   -0.10605983E-02
    0.20255064E+02    0.49301561E-02   -0.11158395E-02
    0.21779588E+02    0.52176937E-02   -0.11814930E-02
    0.58792538E+01    0.18376499E-02   -0.36014285E-03
    0.58913096E+01    0.18407643E-02   -0.36114154E-03
    0.59869566E+01    0.18654060E-02   -0.36901182E-03
    0.61741950E+01    0.19132688E-02   -0.38412105E-03
    0.64457996E+01    0.19819411E-02   -0.40523218E-03
    0.67927483E+01    0.20684973E-02   -0.43078434E-03
    0.72055751E+01    0.21699733E-02   -0.45949750E-03
    0.76753717E+01    0.22836374E-02   -0.49041820E-03
    0.81943612E+01    0.24071932E-02   -0.52288896E-03
    0.87561248E+01    0.25388011E-02   -0.55648361E-03
    0.93556112E+01    0.26770193E-02   -0.59094076E-03
    0.99890426E+01    0.28207982E-02   -0.62610886E-03
    0.10653789E+02    0.29693957E-02   -0.66191024E-03
    0.11348256E+02    0.31223583E-02   -0.69832584E-03
    0.12071815E+02    0.32793890E-02   -0.73536234E-03
    0.12824779E+02    0.34405125E-02   -0.77308226E-03
    0.13608460E+02    0.36058376E-02   -0.81156159E-03
    0.14425320E+02    0.37758164E-02   -0.85094121E-03
    0.15279272E+02    0.39510942E-02   -0.89140035E-03
    0.16176251E+02    0.41327026E-02   -0.93319446E-03
    0.17125269E+02    0.43222326E-02   -0.97671397E-03
    0.18140549E+02    0.45222181E-02   -0.10225416E-02
    0.19246359E+02    0.47369273E-02   -0.10716733E-02
    0.20490430E+02    0.49748868E-02   -0.11260526E-02
    0.21998649E+02    0.52585678E-02   -0.11908204E-02
    0.67676932E+01    0.20622880E-02   -0.42898676E-03
    0.67781689E+01    0.20648850E-02   -0.42973922E-03
    0.68614645E+01    0.20855001E-02   -0.43568025E-03
    0.70254344E+01    0.21258847E-02   -0.44716858E-03
    0.72652858E+01    0.21845233E-02   -0.46352182E-03
    0.75747921E+01    0.22594550E-02   -0.48393411E-03
    0.79470974E+01    0.23485755E-02   -0.50761274E-03
    0.83754030E+01    0.24498409E-02   -0.53387367E-03
    0.88534514E+01    0.25613865E-02   -0.56216654E-03
    0.93758075E+01    0.26816390E-02   -0.59208001E-03
    0.99379830E+01    0.28092909E-02   -0.62331543E-03
    0.10536461E+02    0.29433479E-02   -0.65566705E-03
    0.11168673E+02    0.30830200E-02   -0.68899616E-03
    0.11832961E+02    0.32278108E-02   -0.72323067E-03
    0.12528558E+02    0.33774044E-02   -0.75833852E-03
    0.13255603E+02    0.35316915E-02   -0.79432655E-03
    0.14015215E+02    0.36907747E-02   -0.83126128E-03
    0.14809655E+02    0.38550118E-02   -0.86923783E-03
    0.15642640E+02    0.40249759E-02   -0.90841270E-03
    0.16519901E+02    0.42016482E-02   -0.94903462E-03
    0.17450240E+02    0.43865511E-02   -0.99145778E-03
    0.18447644E+02    0.45821603E-02   -0.10362624E-02
    0.19536079E+02    0.47926827E-02   -0.10844197E-02
    0.20762798E+02    0.50264923E-02   -0.11378437E-02
    0.22252564E+02    0.53058547E-02   -0.12016126E-02
    0.76641093E+01    0.22809339E-02   -0.48969548E-03
    0.76733614E+01    0.22831549E-02   -0.49028926E-03
    0.77470378E+01    0.23008183E-02   -0.49499792E-03
    0.78926314E+01    0.23356074E-02   -0.50420203E-03
    0.81068661E+01    0.23864993E-02   -0.51752068E-03
    0.83853668E+01    0.24521806E-02   -0.53447356E-03
    0.87231450E+01    0.25311303E-02   -0.55454916E-03
    0.91150577E+01    0.26218155E-02   -0.57726622E-03
    0.95561761E+01    0.27227893E-02   -0.60220066E-03
    0.10042045E+02    0.28327302E-02   -0.62900196E-03
    0.10568841E+02    0.29505438E-02   -0.65739328E-03
    0.11133459E+02    0.30752968E-02   -0.68716176E-03
    0.11733549E+02    0.32062652E-02   -0.71815450E-03
    0.12367533E+02    0.33429445E-02   -0.75027139E-03
    0.13034633E+02    0.34850102E-02   -0.78345693E-03
    0.13734916E+02    0.36323184E-02   -0.81770906E-03
    0.14469386E+02    0.37849221E-02   -0.85304750E-03
    0.15240170E+02    0.39431150E-02   -0.88956149E-03
    0.16050828E+02    0.41074614E-02   -0.92738922E-03
    0.16906923E+02    0.42788673E-02   -0.96676305E-03
    0.17817065E+02    0.44588039E-02   -0.10080139E-02
    0.18795012E+02    0.46496668E-02   -0.10517123E-02
    0.19864422E+02    0.48556158E-02   -0.10988066E-02
    0.21072035E+02    0.50848850E-02   -0.11511709E-02
    0.22541373E+02    0.53594459E-02   -0.12138367E-02
    0.85698907E+01    0.24954038E-02   -0.54550199E-03
    0.85781659E+01    0.24973361E-02   -0.54599307E-03
    0.86441339E+01    0.25127254E-02   -0.54989704E-03
    0.87748553E+01    0.25431533E-02   -0.55758027E-03
    0.89680396E+01    0.25879102E-02   -0.56881199E-03
    0.92205657E+01    0.26460710E-02   -0.58328762E-03
    0.95287834E+01    0.27165508E-02   -0.60067006E-03
    0.98888185E+01    0.27981978E-02   -0.62061910E-03
    0.10296842E+02    0.28898850E-02   -0.64281306E-03
    0.10749285E+02    0.29905634E-02   -0.66697332E-03
    0.11242992E+02    0.30993113E-02   -0.69286300E-03
    0.11775329E+02    0.32153253E-02   -0.72029046E-03
    0.12344254E+02    0.33379527E-02   -0.74910233E-03
    0.12948372E+02    0.34667398E-02   -0.77920077E-03
    0.13586984E+02    0.36013378E-02   -0.81051681E-03
    0.14260167E+02    0.37416417E-02   -0.84303904E-03
    0.14968888E+02    0.38876614E-02   -0.87677161E-03
    0.15715192E+02    0.40396771E-02   -0.91179669E-03
    0.16502532E+02    0.41981722E-02   -0.94823667E-03
    0.17336335E+02    0.43640404E-02   -0.98629895E-03
    0.18225044E+02    0.45387399E-02   -0.10263237E-02
    0.19182203E+02    0.47245533E-02   -0.10688438E-02
    0.20231157E+02    0.49256066E-02   -0.11147992E-02
    0.21418103E+02    0.51499745E-02   -0.11660361E-02
    0.22865213E+02    0.54193323E-02   -0.12274982E-02
    0.94866082E+01    0.27069371E-02   -0.59830909E-03
    0.94940844E+01    0.27086419E-02   -0.59872802E-03
    0.95537301E+01    0.27222324E-02   -0.60206407E-03
    0.96721659E+01    0.27491495E-02   -0.60865823E-03
    0.98477633E+01    0.27889241E-02   -0.61836239E-03
    0.10078271E+02    0.28408770E-02   -0.63097546E-03
    0.10361005E+02    0.29042375E-02   -0.64626950E-03
    0.10693056E+02    0.29781022E-02   -0.66399366E-03
    0.11071480E+02    0.30616737E-02   -0.68392481E-03
    0.11493469E+02    0.31540555E-02   -0.70582697E-03
    0.11956487E+02    0.32545072E-02   -0.72951289E-03
    0.12458374E+02    0.33624012E-02   -0.75482642E-03
    0.12997435E+02    0.34771345E-02   -0.78162274E-03
    0.13572510E+02    0.35983050E-02   -0.80981250E-03
    0.14183047E+02    0.37256579E-02   -0.83933717E-03
    0.14829197E+02    0.38590230E-02   -0.87016387E-03
    0.15511941E+02    0.39984496E-02   -0.90230644E-03
    0.16233298E+02    0.41441673E-02   -0.93582952E-03
    0.16996654E+02    0.42967024E-02   -0.97085703E-03
    0.17807336E+02    0.44568929E-02   -0.10075760E-02
    0.18673643E+02    0.46261067E-02   -0.10463230E-02
    0.19608917E+02    0.48066648E-02   -0.10876178E-02
    0.20636193E+02    0.50025226E-02   -0.11323670E-02
    0.21801097E+02    0.52217118E-02   -0.11824104E-02
    0.23224355E+02    0.54855038E-02   -0.12425932E-02
    0.10416062E+02    0.29165270E-02   -0.64922646E-03
    0.10422871E+02    0.29180458E-02   -0.64959164E-03
    0.10477231E+02    0.29301640E-02   -0.65250289E-03
    0.10585339E+02    0.29542077E-02   -0.65827183E-03
    0.10746025E+02    0.29898412E-02   -0.66680072E-03
    0.10957653E+02    0.30366088E-02   -0.67795911E-03
    0.11218245E+02    0.30938856E-02   -0.69157570E-03
    0.11525626E+02    0.31610653E-02   -0.70748421E-03
    0.11877553E+02    0.32374581E-02   -0.72550125E-03
    0.12271856E+02    0.33224150E-02   -0.74546022E-03
    0.12706541E+02    0.34153540E-02   -0.76720765E-03
    0.13179897E+02    0.35157240E-02   -0.79060922E-03
    0.13690578E+02    0.36230369E-02   -0.81555419E-03
    0.14237684E+02    0.37369840E-02   -0.84196102E-03
    0.14820845E+02    0.38573088E-02   -0.86976815E-03
    0.15440327E+02    0.39838919E-02   -0.89895638E-03
    0.16097171E+02    0.41167954E-02   -0.92953578E-03
    0.16793408E+02    0.42562647E-02   -0.96157231E-03
    0.17532395E+02    0.44027701E-02   -0.99517740E-03
    0.18319384E+02    0.45571590E-02   -0.10305409E-02
    0.19162556E+02    0.47207622E-02   -0.10679768E-02
    0.20075065E+02    0.48958597E-02   -0.11079962E-02
    0.21079636E+02    0.50863173E-02   -0.11514978E-02
    0.22221306E+02    0.53000422E-02   -0.12002859E-02
    0.23619257E+02    0.55579490E-02   -0.12591162E-02
    0.11360346E+02    0.31249998E-02   -0.69895144E-03
    0.11366589E+02    0.31263638E-02   -0.69927445E-03
    0.11416456E+02    0.31372527E-02   -0.70185216E-03
    0.11515750E+02    0.31589130E-02   -0.70697546E-03
    0.11663625E+02    0.31910876E-02   -0.71457317E-03
    0.11858889E+02    0.32334218E-02   -0.72455132E-03
    0.12100088E+02    0.32854875E-02   -0.73679436E-03
    0.12385603E+02    0.33468177E-02   -0.75117823E-03
    0.12713748E+02    0.34168896E-02   -0.76756651E-03
    0.13082872E+02    0.34952187E-02   -0.78583430E-03
    0.13491452E+02    0.35813100E-02   -0.80586470E-03
    0.13938178E+02    0.36747362E-02   -0.82754285E-03
    0.14422033E+02    0.37751370E-02   -0.85078403E-03
    0.14942381E+02    0.38822302E-02   -0.87551921E-03
    0.15499050E+02    0.39958301E-02   -0.90170376E-03
    0.16092445E+02    0.41158440E-02   -0.92931696E-03
    0.16723696E+02    0.42423624E-02   -0.95837968E-03
    0.17394875E+02    0.43756126E-02   -0.98895012E-03
    0.18109334E+02    0.45161104E-02   -0.10211437E-02
    0.18872279E+02    0.46646490E-02   -0.10551376E-02
    0.19691792E+02    0.48225650E-02   -0.10912532E-02
    0.20580849E+02    0.49920350E-02   -0.11299704E-02
    0.21561868E+02    0.51769394E-02   -0.11721870E-02
    0.22679276E+02    0.53849762E-02   -0.12196645E-02
    0.24050621E+02    0.56367408E-02   -0.12770890E-02
    0.12321936E+02    0.33331645E-02   -0.74798045E-03
    0.12327693E+02    0.33343997E-02   -0.74826992E-03
    0.12373687E+02    0.33442638E-02   -0.75058028E-03
    0.12465358E+02    0.33638955E-02   -0.75517632E-03
    0.12602095E+02    0.33930909E-02   -0.76200526E-03
    0.12783032E+02    0.34316385E-02   -0.77101117E-03
    0.13007105E+02    0.34791822E-02   -0.78209968E-03
    0.13273123E+02    0.35353848E-02   -0.79518642E-03
    0.13579839E+02    0.35998407E-02   -0.81016917E-03
    0.13926026E+02    0.36722053E-02   -0.82695607E-03
    0.14310553E+02    0.37520748E-02   -0.84545129E-03
    0.14732462E+02    0.38391498E-02   -0.86557466E-03
    0.15191040E+02    0.39330857E-02   -0.88724901E-03
    0.15685898E+02    0.40337431E-02   -0.91043114E-03
    0.16217065E+02    0.41409057E-02   -0.93508009E-03
    0.16785096E+02    0.42546077E-02   -0.96119175E-03
    0.17391224E+02    0.43748912E-02   -0.98878479E-03
    0.18037581E+02    0.45020641E-02   -0.10179289E-02
    0.18727537E+02    0.46365700E-02   -0.10487179E-02
    0.19466268E+02    0.47792700E-02   -0.10813523E-02
    0.20261770E+02    0.49314320E-02   -0.11161312E-02
    0.21126855E+02    0.50952137E-02   -0.11535292E-02
    0.22083632E+02    0.52744102E-02   -0.11944351E-02
    0.23175897E+02    0.54765912E-02   -0.12405609E-02
    0.24519483E+02    0.57219537E-02   -0.12965161E-02
    0.13303818E+02    0.35418535E-02   -0.79669249E-03
    0.13309150E+02    0.35429770E-02   -0.79695404E-03
    0.13351764E+02    0.35519522E-02   -0.79904279E-03
    0.13436764E+02    0.35698284E-02   -0.80319775E-03
    0.13563712E+02    0.35964611E-02   -0.80938427E-03
    0.13731984E+02    0.36317048E-02   -0.81756660E-03
    0.13940813E+02    0.36752850E-02   -0.82767009E-03
    0.14189337E+02    0.37269623E-02   -0.83963943E-03
    0.14476654E+02    0.37864231E-02   -0.85339451E-03
    0.14801881E+02    0.38534155E-02   -0.86886926E-03
    0.15164215E+02    0.39276095E-02   -0.88598557E-03
    0.15562998E+02    0.40088193E-02   -0.90469266E-03
    0.15997786E+02    0.40967669E-02   -0.92493047E-03
    0.16468420E+02    0.41913427E-02   -0.94666847E-03
    0.16975119E+02    0.42924241E-02   -0.96987518E-03
    0.17518588E+02    0.44000455E-02   -0.99455262E-03
    0.18100170E+02    0.45143171E-02   -0.10207332E-02
    0.18722067E+02    0.46355081E-02   -0.10484750E-02
    0.19387679E+02    0.47641526E-02   -0.10778966E-02
    0.20102165E+02    0.49010312E-02   -0.11091779E-02
    0.20873447E+02    0.50474154E-02   -0.11426218E-02
    0.21714177E+02    0.52054638E-02   -0.11786998E-02
    0.22646154E+02    0.53788482E-02   -0.12182663E-02
    0.23712521E+02    0.55750116E-02   -0.12630092E-02
    0.25027315E+02    0.58137926E-02   -0.13174578E-02
    0.14309669E+02    0.37518918E-02   -0.84540898E-03
    0.14314626E+02    0.37529179E-02   -0.84564615E-03
    0.14354255E+02    0.37611190E-02   -0.84754161E-03
    0.14433353E+02    0.37774770E-02   -0.85132541E-03
    0.14551609E+02    0.38018909E-02   -0.85696733E-03
    0.14708584E+02    0.38342371E-02   -0.86443963E-03
    0.14903735E+02    0.38743098E-02   -0.87369213E-03
    0.15136457E+02    0.39219420E-02   -0.88467765E-03
    0.15406121E+02    0.39769343E-02   -0.89735420E-03
    0.15712120E+02    0.40390551E-02   -0.91165357E-03
    0.16053924E+02    0.41080851E-02   -0.92753263E-03
    0.16431128E+02    0.41838711E-02   -0.94495205E-03
    0.16843522E+02    0.42662493E-02   -0.96386545E-03
    0.17291152E+02    0.43551026E-02   -0.98425144E-03
    0.17774412E+02    0.44504248E-02   -0.10060940E-02
    0.18294151E+02    0.45522357E-02   -0.10294137E-02
    0.18851822E+02    0.46606847E-02   -0.10542310E-02
    0.19449700E+02    0.47760848E-02   -0.10806241E-02
    0.20091221E+02    0.48989430E-02   -0.11087007E-02
    0.20781533E+02    0.50300368E-02   -0.11386534E-02
    0.21528489E+02    0.51706818E-02   -0.11707596E-02
    0.22344586E+02    0.53229509E-02   -0.12055127E-02
    0.23251308E+02    0.54904591E-02   -0.12437237E-02
    0.24291124E+02    0.56805117E-02   -0.12870702E-02
    0.25576191E+02    0.59124847E-02   -0.13399531E-02
    0.15344134E+02    0.39643165E-02   -0.89444711E-03
    0.15348757E+02    0.39652581E-02   -0.89466409E-03
    0.15385723E+02    0.39727838E-02   -0.89639809E-03
    0.15459544E+02    0.39877997E-02   -0.89985588E-03
    0.15570008E+02    0.40102422E-02   -0.90502021E-03
    0.15716814E+02    0.40400058E-02   -0.91187231E-03
    0.15899596E+02    0.40769554E-02   -0.92037373E-03
    0.16117945E+02    0.41209764E-02   -0.93049749E-03
    0.16371450E+02    0.41719043E-02   -0.94220194E-03
    0.16659728E+02    0.42295950E-02   -0.95544868E-03
    0.16982470E+02    0.42938846E-02   -0.97021037E-03
    0.17339487E+02    0.43646638E-02   -0.98644173E-03
    0.17730765E+02    0.44418459E-02   -0.10041291E-02
    0.18156535E+02    0.45253452E-02   -0.10232573E-02
    0.18617345E+02    0.46151737E-02   -0.10438185E-02
    0.19114178E+02    0.47114235E-02   -0.10658409E-02
    0.19648588E+02    0.48142773E-02   -0.10893585E-02
    0.20222924E+02    0.49240396E-02   -0.11144408E-02
    0.20840657E+02    0.50412180E-02   -0.11412069E-02
    0.21506927E+02    0.51666386E-02   -0.11698373E-02
    0.22229522E+02    0.53015703E-02   -0.12006347E-02
    0.23020781E+02    0.54480289E-02   -0.12340488E-02
    0.23901865E+02    0.56096056E-02   -0.12709011E-02
    0.24914545E+02    0.57934402E-02   -0.13128156E-02
    0.26169016E+02    0.60184610E-02   -0.13641151E-02
    0.16413262E+02    0.41802898E-02   -0.94412909E-03
    0.16417584E+02    0.41811563E-02   -0.94432821E-03
    0.16452149E+02    0.41880833E-02   -0.94591980E-03
    0.16521206E+02    0.42019092E-02   -0.94909453E-03
    0.16624617E+02    0.42225827E-02   -0.95383921E-03
    0.16762189E+02    0.42500404E-02   -0.96014281E-03
    0.16933690E+02    0.42841901E-02   -0.96798511E-03
    0.17138870E+02    0.43249305E-02   -0.97733284E-03
    0.17377488E+02    0.43721765E-02   -0.98816278E-03
    0.17649342E+02    0.44258243E-02   -0.10004599E-02
    0.17954303E+02    0.44857435E-02   -0.10141907E-02
    0.18292362E+02    0.45518866E-02   -0.10293337E-02
    0.18663675E+02    0.46241712E-02   -0.10458797E-02
    0.19068625E+02    0.47026258E-02   -0.10638283E-02
    0.19507903E+02    0.47872710E-02   -0.10831820E-02
    0.19982605E+02    0.48781989E-02   -0.11039639E-02
    0.20494383E+02    0.49756369E-02   -0.11262239E-02
    0.21045650E+02    0.50799121E-02   -0.11500361E-02
    0.21639910E+02    0.51915618E-02   -0.11755246E-02
    0.22282294E+02    0.53113807E-02   -0.12028737E-02
    0.22980522E+02    0.54406072E-02   -0.12323549E-02
    0.23746770E+02    0.55812733E-02   -0.12644381E-02
    0.24601867E+02    0.57368839E-02   -0.12999202E-02
    0.25586857E+02    0.59143968E-02   -0.13403892E-02
    0.26809888E+02    0.61323070E-02   -0.13900696E-02
    0.17525232E+02    0.44013567E-02   -0.99485330E-03
    0.17529280E+02    0.44021555E-02   -0.99503647E-03
    0.17561656E+02    0.44085427E-02   -0.99650074E-03
    0.17626367E+02    0.44212989E-02   -0.99942343E-03
    0.17723331E+02    0.44403841E-02   -0.10037943E-02
    0.17852438E+02    0.44657511E-02   -0.10096065E-02
    0.18013563E+02    0.44973594E-02   -0.10168518E-02
    0.18206577E+02    0.45351306E-02   -0.10254974E-02
    0.18431378E+02    0.45789914E-02   -0.10355375E-02
    0.18687906E+02    0.46288759E-02   -0.10469571E-02
    0.18976185E+02    0.46847593E-02   -0.10597398E-02
    0.19296349E+02    0.47465630E-02   -0.10738762E-02
    0.19648698E+02    0.48142984E-02   -0.10893633E-02
    0.20033748E+02    0.48879699E-02   -0.11061945E-02
    0.20452307E+02    0.49676506E-02   -0.11244001E-02
    0.20905576E+02    0.50534849E-02   -0.11440071E-02
    0.21395287E+02    0.51456921E-02   -0.11650589E-02
    0.21923913E+02    0.52446304E-02   -0.11876406E-02
    0.22494983E+02    0.53508490E-02   -0.12118744E-02
    0.23113615E+02    0.54651292E-02   -0.12379482E-02
    0.23787454E+02    0.55887092E-02   -0.12661348E-02
    0.24528507E+02    0.57235895E-02   -0.12968889E-02
    0.25357256E+02    0.58731774E-02   -0.13309928E-02
    0.26313986E+02    0.60442732E-02   -0.13699981E-02
    0.27504703E+02    0.62549329E-02   -0.14180146E-02
    0.18691650E+02    0.46296028E-02   -0.10471235E-02
    0.18695446E+02    0.46303397E-02   -0.10472922E-02
    0.18725806E+02    0.46362340E-02   -0.10486411E-02
    0.18786507E+02    0.46480165E-02   -0.10513351E-02
    0.18877513E+02    0.46656629E-02   -0.10553696E-02
    0.18998779E+02    0.46891279E-02   -0.10607396E-02
    0.19150260E+02    0.47183891E-02   -0.10674341E-02
    0.19331929E+02    0.47534179E-02   -0.10754431E-02
    0.19543790E+02    0.47941633E-02   -0.10847584E-02
    0.19785901E+02    0.48405982E-02   -0.10953748E-02
    0.20058405E+02    0.48926790E-02   -0.11072697E-02
    0.20361560E+02    0.49504108E-02   -0.11204651E-02
    0.20695782E+02    0.50138080E-02   -0.11349458E-02
    0.21061697E+02    0.50829366E-02   -0.11507262E-02
    0.21460216E+02    0.51578769E-02   -0.11678389E-02
    0.21892627E+02    0.52387949E-02   -0.11863092E-02
    0.22360732E+02    0.53259483E-02   -0.12061961E-02
    0.22867051E+02    0.54196715E-02   -0.12275756E-02
    0.23415130E+02    0.55205448E-02   -0.12505887E-02
    0.24010066E+02    0.56293469E-02   -0.12754029E-02
    0.24659420E+02    0.57473082E-02   -0.13022977E-02
    0.25375021E+02    0.58763696E-02   -0.13317200E-02
    0.26176984E+02    0.60198807E-02   -0.13644388E-02
    0.27104795E+02    0.61844721E-02   -0.14019586E-02
    0.28262214E+02    0.63876753E-02   -0.14482723E-02
    0.19930107E+02    0.48681672E-02   -0.11016736E-02
    0.19933666E+02    0.48688474E-02   -0.11018290E-02
    0.19962143E+02    0.48742888E-02   -0.11030714E-02
    0.20019096E+02    0.48851710E-02   -0.11055555E-02
    0.20104523E+02    0.49014810E-02   -0.11092807E-02
    0.20218431E+02    0.49231843E-02   -0.11142452E-02
    0.20360841E+02    0.49502740E-02   -0.11204339E-02
    0.20531801E+02    0.49827352E-02   -0.11278455E-02
    0.20731403E+02    0.50205512E-02   -0.11364865E-02
    0.20959801E+02    0.50637215E-02   -0.11463427E-02
    0.21217233E+02    0.51122303E-02   -0.11574173E-02
    0.21504058E+02    0.51661004E-02   -0.11697146E-02
    0.21820787E+02    0.52253885E-02   -0.11832497E-02
    0.22168140E+02    0.52901498E-02   -0.11980276E-02
    0.22547112E+02    0.53605091E-02   -0.12140795E-02
    0.22959061E+02    0.54366495E-02   -0.12314514E-02
    0.23405848E+02    0.55188418E-02   -0.12502003E-02
    0.23890026E+02    0.56074444E-02   -0.12704082E-02
    0.24415152E+02    0.57030324E-02   -0.12922037E-02
    0.24986289E+02    0.58063909E-02   -0.13157692E-02
    0.25610903E+02    0.59187064E-02   -0.13413722E-02
    0.26300628E+02    0.60418963E-02   -0.13694565E-02
    0.27075189E+02    0.61792434E-02   -0.14007665E-02
    0.27973224E+02    0.63371604E-02   -0.14367591E-02
    0.29096118E+02    0.65327066E-02   -0.14813214E-02
    0.21269911E+02    0.51221390E-02   -0.11596813E-02
    0.21273246E+02    0.51227662E-02   -0.11598246E-02
    0.21299933E+02    0.51277825E-02   -0.11609703E-02
    0.21353317E+02    0.51378119E-02   -0.11632603E-02
    0.21433427E+02    0.51528504E-02   -0.11666923E-02
    0.21540309E+02    0.51728979E-02   -0.11712651E-02
    0.21674035E+02    0.51979515E-02   -0.11769839E-02
    0.21834716E+02    0.52279888E-02   -0.11838432E-02
    0.22022512E+02    0.52630173E-02   -0.11918355E-02
    0.22237653E+02    0.53030822E-02   -0.12009798E-02
    0.22480457E+02    0.53481562E-02   -0.12112600E-02
    0.22751361E+02    0.53983038E-02   -0.12227032E-02
    0.23050959E+02    0.54535899E-02   -0.12353173E-02
    0.23380043E+02    0.55141061E-02   -0.12491200E-02
    0.23739676E+02    0.55799764E-02   -0.12641422E-02
    0.24131275E+02    0.56514348E-02   -0.12804398E-02
    0.24556744E+02    0.57287074E-02   -0.12980557E-02
    0.25018659E+02    0.58122313E-02   -0.13171016E-02
    0.25520573E+02    0.59025087E-02   -0.13376780E-02
    0.26067500E+02    0.60003621E-02   -0.13599879E-02
    0.26666802E+02    0.61069576E-02   -0.13842887E-02
    0.27329892E+02    0.62241663E-02   -0.14110050E-02
    0.28076072E+02    0.63551556E-02   -0.14408602E-02
    0.28943068E+02    0.65061796E-02   -0.14752788E-02
    0.30029719E+02    0.66937323E-02   -0.15180293E-02
    0.22767972E+02    0.54013732E-02   -0.12234029E-02
    0.22771088E+02    0.54019490E-02   -0.12235341E-02
    0.22796021E+02    0.54065552E-02   -0.12245842E-02
    0.22845910E+02    0.54157685E-02   -0.12266852E-02
    0.22920804E+02    0.54295920E-02   -0.12298401E-02
    0.23020781E+02    0.54480289E-02   -0.12340488E-02
    0.23145955E+02    0.54710818E-02   -0.12393050E-02
    0.23296486E+02    0.54987617E-02   -0.12456183E-02
    0.23472590E+02    0.55310828E-02   -0.12529913E-02
    0.23674557E+02    0.55680679E-02   -0.12614248E-02
    0.23902769E+02    0.56097706E-02   -0.12709387E-02
    0.24157729E+02    0.56562511E-02   -0.12815381E-02
    0.24440093E+02    0.57075572E-02   -0.12932349E-02
    0.24750714E+02    0.57638315E-02   -0.13060660E-02
    0.25090708E+02    0.58252225E-02   -0.13200654E-02
    0.25461537E+02    0.58919113E-02   -0.13352619E-02
    0.25865133E+02    0.59642129E-02   -0.13517477E-02
    0.26304082E+02    0.60425110E-02   -0.13695965E-02
    0.26781917E+02    0.61273533E-02   -0.13889402E-02
    0.27303590E+02    0.62195329E-02   -0.14099496E-02
    0.27876330E+02    0.63201873E-02   -0.14328913E-02
    0.28511304E+02    0.64311249E-02   -0.14581750E-02
    0.29227337E+02    0.65554213E-02   -0.14865000E-02
    0.30061148E+02    0.66991287E-02   -0.15192589E-02
    0.31108768E+02    0.68781324E-02   -0.15600591E-02
    0.24573483E+02    0.57317408E-02   -0.12987474E-02
    0.24576370E+02    0.57322640E-02   -0.12988667E-02
    0.24599473E+02    0.57364501E-02   -0.12998213E-02
    0.24645712E+02    0.57448257E-02   -0.13017315E-02
    0.24715152E+02    0.57573972E-02   -0.13045988E-02
    0.24807899E+02    0.57741725E-02   -0.13084235E-02
    0.24924099E+02    0.57951654E-02   -0.13132090E-02
    0.25063953E+02    0.58203996E-02   -0.13189652E-02
    0.25227722E+02    0.58498909E-02   -0.13256886E-02
    0.25415746E+02    0.58836867E-02   -0.13333873E-02
    0.25628458E+02    0.59218519E-02   -0.13420897E-02
    0.25866414E+02    0.59644420E-02   -0.13517999E-02
    0.26130320E+02    0.60115646E-02   -0.13625427E-02
    0.26421078E+02    0.60633227E-02   -0.13743393E-02
    0.26739842E+02    0.61199008E-02   -0.13872408E-02
    0.27088104E+02    0.61815246E-02   -0.14012866E-02
    0.27467811E+02    0.62484435E-02   -0.14165354E-02
    0.27881540E+02    0.63211005E-02   -0.14330994E-02
    0.28332783E+02    0.63999912E-02   -0.14510794E-02
    0.28826403E+02    0.64859339E-02   -0.14706682E-02
    0.29369461E+02    0.65799917E-02   -0.14921013E-02
    0.29972820E+02    0.66839595E-02   -0.15158018E-02
    0.30654735E+02    0.68007633E-02   -0.15424253E-02
    0.31450726E+02    0.69362009E-02   -0.15732901E-02
    0.32453520E+02    0.71054809E-02   -0.16118808E-02
