    0.20868423E-04    0.80668964E-07    0.18211680E-01
    0.35731394E+00    0.26367760E-03    0.18205166E-01
    0.10723171E+01    0.78187298E-03    0.18161949E-01
    0.17884515E+01    0.12727682E-02    0.18079283E-01
    0.25064883E+01    0.17186448E-02    0.17964323E-01
    0.32272260E+01    0.21024412E-02    0.17827283E-01
    0.39515017E+01    0.24076811E-02    0.17680609E-01
    0.46802060E+01    0.26198784E-02    0.17537793E-01
    0.54142985E+01    0.27564201E-02    0.17406151E-01
    0.61548285E+01    0.28500018E-02    0.17285515E-01
    0.69029591E+01    0.29181039E-02    0.17174433E-01
    0.76599986E+01    0.29702632E-02    0.17071577E-01
    0.84274411E+01    0.30120609E-02    0.16975782E-01
    0.92070206E+01    0.30469166E-02    0.16885825E-01
    0.10000785E+02    0.30770387E-02    0.16800831E-01
    0.10811202E+02    0.31039116E-02    0.16720095E-01
    0.11641306E+02    0.31285690E-02    0.16642694E-01
    0.12494930E+02    0.31517712E-02    0.16568148E-01
    0.13377065E+02    0.31740944E-02    0.16495805E-01
    0.14294454E+02    0.31960201E-02    0.16424931E-01
    0.15256670E+02    0.32180122E-02    0.16354848E-01
    0.16278211E+02    0.32405471E-02    0.16284638E-01
    0.17383243E+02    0.32642615E-02    0.16213035E-01
    0.18618678E+02    0.32902120E-02    0.16137542E-01
    0.20107506E+02    0.33209766E-02    0.16052260E-01
    0.50697750E+00    0.37355541E-03    0.18199586E-01
    0.62024143E+00    0.45632851E-03    0.18194107E-01
    0.11861240E+01    0.86224469E-03    0.18151267E-01
    0.18589203E+01    0.13188640E-02    0.18069275E-01
    0.25572465E+01    0.17479588E-02    0.17955236E-01
    0.32668048E+01    0.21213446E-02    0.17819369E-01
    0.39838916E+01    0.24192060E-02    0.17674057E-01
    0.47075847E+01    0.26260902E-02    0.17532650E-01
    0.54379826E+01    0.27599703E-02    0.17402108E-01
    0.61756733E+01    0.28521984E-02    0.17282277E-01
    0.69215512E+01    0.29195552E-02    0.17171802E-01
    0.76767575E+01    0.29712781E-02    0.17069399E-01
    0.84426767E+01    0.30128053E-02    0.16973957E-01
    0.92209682E+01    0.30474862E-02    0.16884273E-01
    0.10013628E+02    0.30774912E-02    0.16799508E-01
    0.10823082E+02    0.31042828E-02    0.16718949E-01
    0.11652340E+02    0.31288812E-02    0.16641700E-01
    0.12505211E+02    0.31520392E-02    0.16567277E-01
    0.13386668E+02    0.31743295E-02    0.16495044E-01
    0.14303442E+02    0.31962299E-02    0.16424254E-01
    0.15265091E+02    0.32182014E-02    0.16354256E-01
    0.16286104E+02    0.32407189E-02    0.16284106E-01
    0.17390634E+02    0.32644185E-02    0.16212566E-01
    0.18625579E+02    0.32903555E-02    0.16137128E-01
    0.20113897E+02    0.33211077E-02    0.16051905E-01
    0.11642245E+01    0.84683767E-03    0.18153394E-01
    0.12178226E+01    0.88449326E-03    0.18148130E-01
    0.15828085E+01    0.11357530E-02    0.18106646E-01
    0.21340050E+01    0.14942058E-02    0.18027316E-01
    0.27636755E+01    0.18637816E-02    0.17917280E-01
    0.34308025E+01    0.21970491E-02    0.17786327E-01
    0.41194398E+01    0.24653361E-02    0.17646724E-01
    0.48228359E+01    0.26511378E-02    0.17511226E-01
    0.55380544E+01    0.27745022E-02    0.17385172E-01
    0.62639710E+01    0.28612895E-02    0.17268639E-01
    0.70004474E+01    0.29256065E-02    0.17160707E-01
    0.77479673E+01    0.29755379E-02    0.17060236E-01
    0.85074780E+01    0.30159389E-02    0.16966210E-01
    0.92803366E+01    0.30498927E-02    0.16877688E-01
    0.10068323E+02    0.30794089E-02    0.16793906E-01
    0.10873707E+02    0.31058598E-02    0.16714069E-01
    0.11699377E+02    0.31302089E-02    0.16637484E-01
    0.12549052E+02    0.31531816E-02    0.16563588E-01
    0.13427631E+02    0.31753300E-02    0.16491792E-01
    0.14341787E+02    0.31971241E-02    0.16421371E-01
    0.15301026E+02    0.32190079E-02    0.16351730E-01
    0.16319791E+02    0.32414509E-02    0.16281850E-01
    0.17422186E+02    0.32650873E-02    0.16210566E-01
    0.18655042E+02    0.32909679E-02    0.16135364E-01
    0.20141182E+02    0.33216676E-02    0.16050387E-01
    0.18265496E+01    0.12977460E-02    0.18073913E-01
    0.18611708E+01    0.13203286E-02    0.18068950E-01
    0.21180528E+01    0.14842478E-02    0.18029868E-01
    0.25563337E+01    0.17474344E-02    0.17955400E-01
    0.31014137E+01    0.20407593E-02    0.17852188E-01
    0.37082706E+01    0.23151154E-02    0.17729985E-01
    0.43532344E+01    0.25366922E-02    0.17600434E-01
    0.50240035E+01    0.26909359E-02    0.17474534E-01
    0.57140976E+01    0.27983521E-02    0.17355953E-01
    0.64201400E+01    0.28765518E-02    0.17244980E-01
    0.71405272E+01    0.29359417E-02    0.17141206E-01
    0.78747611E+01    0.29828931E-02    0.17044010E-01
    0.86231112E+01    0.30214164E-02    0.16952523E-01
    0.93864537E+01    0.30541271E-02    0.16866042E-01
    0.10166218E+02    0.30828028E-02    0.16783936E-01
    0.10964414E+02    0.31086584E-02    0.16705415E-01
    0.11783730E+02    0.31325766E-02    0.16629956E-01
    0.12627730E+02    0.31552265E-02    0.16557016E-01
    0.13501191E+02    0.31771222E-02    0.16485951E-01
    0.14410680E+02    0.31987249E-02    0.16416220E-01
    0.15365619E+02    0.32204513E-02    0.16347186E-01
    0.16380368E+02    0.32427631E-02    0.16277845E-01
    0.17478942E+02    0.32662879E-02    0.16206974E-01
    0.18708059E+02    0.32920699E-02    0.16132237E-01
    0.20190297E+02    0.33226755E-02    0.16047666E-01
    0.24916561E+01    0.17100191E-02    0.17966957E-01
    0.25171459E+01    0.17248262E-02    0.17962425E-01
    0.27126028E+01    0.18356470E-02    0.17926797E-01
    0.30670684E+01    0.20235113E-02    0.17858960E-01
    0.35342374E+01    0.22425666E-02    0.17765345E-01
    0.40771727E+01    0.24513189E-02    0.17655217E-01
    0.46714790E+01    0.26178763E-02    0.17539435E-01
    0.53021390E+01    0.27389966E-02    0.17425434E-01
    0.59601156E+01    0.28284739E-02    0.17316120E-01
    0.66400500E+01    0.28964474E-02    0.17212352E-01
    0.73388824E+01    0.29497459E-02    0.17114184E-01
    0.80550561E+01    0.29928990E-02    0.17021311E-01
    0.87880665E+01    0.30289651E-02    0.16933310E-01
    0.95382168E+01    0.30600315E-02    0.16849623E-01
    0.10306506E+02    0.30875723E-02    0.16769676E-01
    0.11094613E+02    0.31126115E-02    0.16693061E-01
    0.11904972E+02    0.31359419E-02    0.16619167E-01
    0.12740943E+02    0.31581391E-02    0.16547549E-01
    0.13607138E+02    0.31797002E-02    0.16477608E-01
    0.14509989E+02    0.32010243E-02    0.16408853E-01
    0.15458794E+02    0.32225258E-02    0.16340652E-01
    0.16467802E+02    0.32446558E-02    0.16272082E-01
    0.17560908E+02    0.32680222E-02    0.16201829E-01
    0.18784662E+02    0.32936637E-02    0.16127779E-01
    0.20261297E+02    0.33241328E-02    0.16043772E-01
    0.31597315E+01    0.20696468E-02    0.17840666E-01
    0.31798705E+01    0.20795047E-02    0.17836682E-01
    0.33367300E+01    0.21541428E-02    0.17805293E-01
    0.36307660E+01    0.22834395E-02    0.17745725E-01
    0.40331609E+01    0.24363680E-02    0.17664096E-01
    0.45165131E+01    0.25804306E-02    0.17568841E-01
    0.50594732E+01    0.26974878E-02    0.17468172E-01
    0.56469665E+01    0.27895009E-02    0.17367028E-01
    0.62688541E+01    0.28617821E-02    0.17267891E-01
    0.69185126E+01    0.29193187E-02    0.17172231E-01
    0.75917553E+01    0.29660801E-02    0.17080538E-01
    0.82861017E+01    0.30050069E-02    0.16992804E-01
    0.90003148E+01    0.30382632E-02    0.16908993E-01
    0.97341220E+01    0.30674094E-02    0.16828749E-01
    0.10488070E+02    0.30935893E-02    0.16751629E-01
    0.11263480E+02    0.31176506E-02    0.16677289E-01
    0.12062500E+02    0.31402491E-02    0.16605325E-01
    0.12888258E+02    0.31619020E-02    0.16535345E-01
    0.13745173E+02    0.31830235E-02    0.16466861E-01
    0.14639513E+02    0.32040126E-02    0.16399343E-01
    0.15580432E+02    0.32252331E-02    0.16332189E-01
    0.16582041E+02    0.32471251E-02    0.16264526E-01
    0.17668080E+02    0.32702840E-02    0.16195185E-01
    0.18884890E+02    0.32957507E-02    0.16121858E-01
    0.20354255E+02    0.33260379E-02    0.16038669E-01
    0.38313732E+01    0.23632810E-02    0.17704969E-01
    0.38479987E+01    0.23695801E-02    0.17701591E-01
    0.39786034E+01    0.24173374E-02    0.17675126E-01
    0.42282360E+01    0.24998564E-02    0.17625041E-01
    0.45784172E+01    0.25958337E-02    0.17557028E-01
    0.50094319E+01    0.26882055E-02    0.17477157E-01
    0.55039792E+01    0.27696375E-02    0.17390907E-01
    0.60484501E+01    0.28384781E-02    0.17302112E-01
    0.66328010E+01    0.28958188E-02    0.17213412E-01
    0.72499197E+01    0.29436682E-02    0.17126177E-01
    0.78949519E+01    0.29840390E-02    0.17041437E-01
    0.85647533E+01    0.30186702E-02    0.16959406E-01
    0.92574934E+01    0.30489701E-02    0.16880217E-01
    0.99723944E+01    0.30760350E-02    0.16803766E-01
    0.10709581E+02    0.31007199E-02    0.16729873E-01
    0.11470026E+02    0.31236788E-02    0.16658282E-01
    0.12255587E+02    0.31454480E-02    0.16588637E-01
    0.13069151E+02    0.31664587E-02    0.16520562E-01
    0.13914930E+02    0.31870802E-02    0.16453733E-01
    0.14799015E+02    0.32076601E-02    0.16387688E-01
    0.15730397E+02    0.32285485E-02    0.16321805E-01
    0.16723026E+02    0.32501584E-02    0.16255280E-01
    0.17800465E+02    0.32730765E-02    0.16186990E-01
    0.19008803E+02    0.32983198E-02    0.16114628E-01
    0.20469275E+02    0.33283895E-02    0.16032414E-01
    0.45073299E+01    0.25780926E-02    0.17570603E-01
    0.45214706E+01    0.25816870E-02    0.17567891E-01
    0.46331293E+01    0.26089486E-02    0.17546668E-01
    0.48491836E+01    0.26566235E-02    0.17506374E-01
    0.51573740E+01    0.27149006E-02    0.17450786E-01
    0.55435557E+01    0.27752797E-02    0.17384250E-01
    0.59941962E+01    0.28323818E-02    0.17310691E-01
    0.64977189E+01    0.28837757E-02    0.17233352E-01
    0.70449025E+01    0.29289421E-02    0.17154497E-01
    0.76287572E+01    0.29683588E-02    0.17075666E-01
    0.82442021E+01    0.30028658E-02    0.16997926E-01
    0.88877220E+01    0.30333872E-02    0.16921850E-01
    0.95570804E+01    0.30607539E-02    0.16847592E-01
    0.10251110E+02    0.30857021E-02    0.16775275E-01
    0.10969582E+02    0.31088167E-02    0.16704925E-01
    0.11713160E+02    0.31305970E-02    0.16636253E-01
    0.12483430E+02    0.31514713E-02    0.16569123E-01
    0.13283046E+02    0.31717809E-02    0.16503271E-01
    0.14116015E+02    0.31918395E-02    0.16438371E-01
    0.14988244E+02    0.32119653E-02    0.16373984E-01
    0.15908551E+02    0.32324689E-02    0.16309583E-01
    0.16890713E+02    0.32537617E-02    0.16244423E-01
    0.17958095E+02    0.32763986E-02    0.16177348E-01
    0.19156492E+02    0.33013739E-02    0.16106081E-01
    0.20606500E+02    0.33312028E-02    0.16024922E-01
    0.51884519E+01    0.27202334E-02    0.17445308E-01
    0.52007409E+01    0.27223175E-02    0.17443146E-01
    0.52981032E+01    0.27383501E-02    0.17426134E-01
    0.54880408E+01    0.27673328E-02    0.17393601E-01
    0.57621625E+01    0.28045177E-02    0.17348077E-01
    0.61102390E+01    0.28452374E-02    0.17292448E-01
    0.65218402E+01    0.28859740E-02    0.17229762E-01
    0.69874431E+01    0.29246208E-02    0.17162529E-01
    0.74989774E+01    0.29602397E-02    0.17092774E-01
    0.80499657E+01    0.29926235E-02    0.17021943E-01
    0.86354431E+01    0.30219915E-02    0.16951075E-01
    0.92517897E+01    0.30487391E-02    0.16880850E-01
    0.98965548E+01    0.30733275E-02    0.16811663E-01
    0.10568314E+02    0.30961935E-02    0.16743674E-01
    0.11266576E+02    0.31177420E-02    0.16677004E-01
    0.11991752E+02    0.31383218E-02    0.16611554E-01
    0.12745197E+02    0.31582482E-02    0.16547195E-01
    0.13529350E+02    0.31778085E-02    0.16483725E-01
    0.14348028E+02    0.31972694E-02    0.16420903E-01
    0.15206954E+02    0.32168947E-02    0.16358354E-01
    0.16114776E+02    0.32369861E-02    0.16295603E-01
    0.17085087E+02    0.32579138E-02    0.16231953E-01
    0.18141036E+02    0.32802338E-02    0.16166161E-01
    0.19328094E+02    0.33049261E-02    0.16096224E-01
    0.20766122E+02    0.33344679E-02    0.16016289E-01
    0.58756893E+01    0.28185294E-02    0.17329661E-01
    0.58865438E+01    0.28198296E-02    0.17327913E-01
    0.59727372E+01    0.28299283E-02    0.17314107E-01
    0.61418469E+01    0.28486240E-02    0.17287532E-01
    0.63879738E+01    0.28734875E-02    0.17249829E-01
    0.67036343E+01    0.29018873E-02    0.17203084E-01
    0.70808256E+01    0.29315996E-02    0.17149494E-01
    0.75118608E+01    0.29610618E-02    0.17091074E-01
    0.79898907E+01    0.29893413E-02    0.17029436E-01
    0.85091503E+01    0.30160191E-02    0.16966010E-01
    0.90650190E+01    0.30410142E-02    0.16901687E-01
    0.96539787E+01    0.30644250E-02    0.16837231E-01
    0.10273533E+02    0.30864612E-02    0.16773002E-01
    0.10922131E+02    0.31073587E-02    0.16709431E-01
    0.11599114E+02    0.31273729E-02    0.16646515E-01
    0.12304707E+02    0.31467537E-02    0.16584426E-01
    0.13040082E+02    0.31657293E-02    0.16522922E-01
    0.13807498E+02    0.31845165E-02    0.16462047E-01
    0.14610599E+02    0.32033472E-02    0.16401457E-01
    0.15454939E+02    0.32224399E-02    0.16340921E-01
    0.16348997E+02    0.32420840E-02    0.16279913E-01
    0.17306181E+02    0.32626202E-02    0.16217912E-01
    0.18349410E+02    0.32845924E-02    0.16153637E-01
    0.19523803E+02    0.33089628E-02    0.16084999E-01
    0.20948402E+02    0.33381902E-02    0.16006559E-01
    0.65701066E+01    0.28903086E-02    0.17222618E-01
    0.65798157E+01    0.28911706E-02    0.17221187E-01
    0.66570388E+01    0.28979138E-02    0.17209871E-01
    0.68091747E+01    0.29106283E-02    0.17187815E-01
    0.70319830E+01    0.29279781E-02    0.17156299E-01
    0.73199241E+01    0.29484662E-02    0.17116734E-01
    0.76668551E+01    0.29706789E-02    0.17070685E-01
    0.80666368E+01    0.29935244E-02    0.17019874E-01
    0.85135733E+01    0.30162312E-02    0.16965483E-01
    0.90026782E+01    0.30383643E-02    0.16908725E-01
    0.95298031E+01    0.30597085E-02    0.16850530E-01
    0.10091674E+02    0.30802231E-02    0.16791527E-01
    0.10685882E+02    0.30999682E-02    0.16732164E-01
    0.11310859E+02    0.31190446E-02    0.16672933E-01
    0.11965869E+02    0.31376140E-02    0.16613826E-01
    0.12651023E+02    0.31558283E-02    0.16555070E-01
    0.13367360E+02    0.31738565E-02    0.16496574E-01
    0.14116996E+02    0.31918626E-02    0.16438297E-01
    0.14903428E+02    0.32100373E-02    0.16380132E-01
    0.15732061E+02    0.32285852E-02    0.16321691E-01
    0.16611209E+02    0.32477537E-02    0.16262601E-01
    0.17554101E+02    0.32678782E-02    0.16202254E-01
    0.18583418E+02    0.32894781E-02    0.16139653E-01
    0.19743897E+02    0.33135055E-02    0.16072543E-01
    0.21153678E+02    0.33423756E-02    0.15995587E-01
    0.72729081E+01    0.29452563E-02    0.17123066E-01
    0.72816801E+01    0.29458591E-02    0.17121882E-01
    0.73515343E+01    0.29505951E-02    0.17112481E-01
    0.74895761E+01    0.29596376E-02    0.17094015E-01
    0.76927028E+01    0.29722395E-02    0.17067336E-01
    0.79567694E+01    0.29875075E-02    0.17033601E-01
    0.82770501E+01    0.30045463E-02    0.16993907E-01
    0.86486716E+01    0.30226063E-02    0.16949523E-01
    0.90669631E+01    0.30410963E-02    0.16901468E-01
    0.95277020E+01    0.30596278E-02    0.16850757E-01
    0.10027265E+02    0.30779707E-02    0.16798106E-01
    0.10562707E+02    0.30960123E-02    0.16744229E-01
    0.11131799E+02    0.31137295E-02    0.16689546E-01
    0.11733048E+02    0.31311562E-02    0.16634480E-01
    0.12365715E+02    0.31483752E-02    0.16579189E-01
    0.13029861E+02    0.31654725E-02    0.16523753E-01
    0.13726441E+02    0.31825741E-02    0.16468310E-01
    0.14457471E+02    0.31998089E-02    0.16412741E-01
    0.15226328E+02    0.32173302E-02    0.16356985E-01
    0.16038286E+02    0.32353169E-02    0.16300785E-01
    0.16901513E+02    0.32539923E-02    0.16243724E-01
    0.17829059E+02    0.32736799E-02    0.16185230E-01
    0.18843363E+02    0.32948863E-02    0.16124318E-01
    0.19988756E+02    0.33185386E-02    0.16058854E-01
    0.21382399E+02    0.33470368E-02    0.15983530E-01
    0.79854737E+01    0.29890977E-02    0.17029990E-01
    0.79934638E+01    0.29895381E-02    0.17028988E-01
    0.80571493E+01    0.29930122E-02    0.17021051E-01
    0.81832970E+01    0.29997120E-02    0.17005425E-01
    0.83696042E+01    0.30092062E-02    0.16982713E-01
    0.86129425E+01    0.30209407E-02    0.16953719E-01
    0.89096665E+01    0.30343468E-02    0.16919332E-01
    0.92559234E+01    0.30489065E-02    0.16880391E-01
    0.96479230E+01    0.30641975E-02    0.16837875E-01
    0.10082148E+02    0.30798913E-02    0.16792497E-01
    0.10555503E+02    0.30957794E-02    0.16744942E-01
    0.11065413E+02    0.31117307E-02    0.16695832E-01
    0.11609890E+02    0.31276788E-02    0.16645537E-01
    0.12187576E+02    0.31436315E-02    0.16594470E-01
    0.12797793E+02    0.31595974E-02    0.16542820E-01
    0.13440606E+02    0.31756463E-02    0.16490760E-01
    0.14116933E+02    0.31918611E-02    0.16438301E-01
    0.14828725E+02    0.32083368E-02    0.16385535E-01
    0.15579270E+02    0.32252073E-02    0.16332270E-01
    0.16373736E+02    0.32426196E-02    0.16278282E-01
    0.17220156E+02    0.32607933E-02    0.16223342E-01
    0.18131408E+02    0.32800320E-02    0.16166748E-01
    0.19129687E+02    0.33008182E-02    0.16107650E-01
    0.20258898E+02    0.33240836E-02    0.16043903E-01
    0.21635147E+02    0.33521866E-02    0.15970385E-01
    0.87094088E+01    0.30254023E-02    0.16942424E-01
    0.87167353E+01    0.30257368E-02    0.16941571E-01
    0.87751733E+01    0.30283853E-02    0.16934798E-01
    0.88911394E+01    0.30335369E-02    0.16921457E-01
    0.90629071E+01    0.30409250E-02    0.16901924E-01
    0.92880993E+01    0.30502053E-02    0.16876831E-01
    0.95638992E+01    0.30610144E-02    0.16846858E-01
    0.98872711E+01    0.30729934E-02    0.16812635E-01
    0.10255166E+02    0.30858396E-02    0.16774863E-01
    0.10664695E+02    0.30992930E-02    0.16734220E-01
    0.11113264E+02    0.31131728E-02    0.16691296E-01
    0.11598680E+02    0.31273606E-02    0.16646555E-01
    0.12119223E+02    0.31417878E-02    0.16600369E-01
    0.12673714E+02    0.31564127E-02    0.16553171E-01
    0.13261580E+02    0.31712501E-02    0.16504994E-01
    0.13882935E+02    0.31863184E-02    0.16456207E-01
    0.14538700E+02    0.32016882E-02    0.16406734E-01
    0.15230794E+02    0.32174306E-02    0.16356670E-01
    0.15962446E+02    0.32336544E-02    0.16305957E-01
    0.16738734E+02    0.32504965E-02    0.16254260E-01
    0.17567577E+02    0.32681633E-02    0.16201413E-01
    0.18461689E+02    0.32869357E-02    0.16146852E-01
    0.19443018E+02    0.33073000E-02    0.16089602E-01
    0.20555023E+02    0.33301461E-02    0.16027749E-01
    0.21912681E+02    0.33578330E-02    0.15956017E-01
    0.94466120E+01    0.30564881E-02    0.16859513E-01
    0.94533672E+01    0.30567515E-02    0.16858782E-01
    0.95072784E+01    0.30588414E-02    0.16852960E-01
    0.96144181E+01    0.30629343E-02    0.16841443E-01
    0.97734826E+01    0.30688577E-02    0.16824596E-01
    0.99826582E+01    0.30763984E-02    0.16802703E-01
    0.10239768E+02    0.30853171E-02    0.16776429E-01
    0.10542429E+02    0.30953562E-02    0.16746237E-01
    0.10888209E+02    0.31063098E-02    0.16712675E-01
    0.11274768E+02    0.31179835E-02    0.16676251E-01
    0.11699971E+02    0.31302256E-02    0.16637430E-01
    0.12161992E+02    0.31429433E-02    0.16596671E-01
    0.12659393E+02    0.31560440E-02    0.16554370E-01
    0.13191198E+02    0.31695040E-02    0.16510688E-01
    0.13756969E+02    0.31833064E-02    0.16465950E-01
    0.14356900E+02    0.31974759E-02    0.16420238E-01
    0.14991947E+02    0.32120493E-02    0.16373716E-01
    0.15664028E+02    0.32270833E-02    0.16326374E-01
    0.16376335E+02    0.32426759E-02    0.16278111E-01
    0.17133882E+02    0.32589580E-02    0.16228826E-01
    0.17944482E+02    0.32761123E-02    0.16178180E-01
    0.18820697E+02    0.32944142E-02    0.16125660E-01
    0.19784226E+02    0.33143333E-02    0.16070282E-01
    0.20878066E+02    0.33367514E-02    0.16010316E-01
    0.22215992E+02    0.33639948E-02    0.15940507E-01
    0.10199372E+02    0.30839400E-02    0.16780549E-01
    0.10205629E+02    0.30841539E-02    0.16779910E-01
    0.10255586E+02    0.30858539E-02    0.16774821E-01
    0.10354987E+02    0.30891958E-02    0.16764821E-01
    0.10502841E+02    0.30940708E-02    0.16750163E-01
    0.10697765E+02    0.31003456E-02    0.16731014E-01
    0.10938078E+02    0.31078499E-02    0.16707914E-01
    0.11221921E+02    0.31164208E-02    0.16681126E-01
    0.11547373E+02    0.31258991E-02    0.16651223E-01
    0.11912561E+02    0.31361508E-02    0.16618500E-01
    0.12315764E+02    0.31470476E-02    0.16583478E-01
    0.12755499E+02    0.31585127E-02    0.16546336E-01
    0.13230607E+02    0.31704827E-02    0.16507495E-01
    0.13740321E+02    0.31829071E-02    0.16467236E-01
    0.14284358E+02    0.31957843E-02    0.16425691E-01
    0.14863017E+02    0.32091176E-02    0.16383055E-01
    0.15477312E+02    0.32229385E-02    0.16339363E-01
    0.16129181E+02    0.32372999E-02    0.16294642E-01
    0.16821803E+02    0.32522855E-02    0.16248885E-01
    0.17560143E+02    0.32680060E-02    0.16201876E-01
    0.18351925E+02    0.32846449E-02    0.16153486E-01
    0.19209564E+02    0.33024746E-02    0.16102985E-01
    0.20154511E+02    0.33219411E-02    0.16049647E-01
    0.21229281E+02    0.33439163E-02    0.15991596E-01
    0.22546374E+02    0.33706985E-02    0.15923850E-01
    0.10970508E+02    0.31088450E-02    0.16704837E-01
    0.10976325E+02    0.31090230E-02    0.16704286E-01
    0.11022790E+02    0.31104394E-02    0.16699882E-01
    0.11115332E+02    0.31132349E-02    0.16691100E-01
    0.11253200E+02    0.31173471E-02    0.16678236E-01
    0.11435341E+02    0.31226760E-02    0.16661465E-01
    0.11660463E+02    0.31291108E-02    0.16640969E-01
    0.11927127E+02    0.31365515E-02    0.16617222E-01
    0.12233833E+02    0.31448686E-02    0.16590501E-01
    0.12579108E+02    0.31539643E-02    0.16561074E-01
    0.12961593E+02    0.31637535E-02    0.16529326E-01
    0.13380120E+02    0.31741692E-02    0.16495563E-01
    0.13833792E+02    0.31851453E-02    0.16460013E-01
    0.14322055E+02    0.31966642E-02    0.16422854E-01
    0.14844789E+02    0.32087026E-02    0.16384373E-01
    0.15402406E+02    0.32212703E-02    0.16344598E-01
    0.15996001E+02    0.32343910E-02    0.16303679E-01
    0.16627547E+02    0.32481055E-02    0.16261525E-01
    0.17300228E+02    0.32624934E-02    0.16218288E-01
    0.18018975E+02    0.32776773E-02    0.16173624E-01
    0.18791434E+02    0.32938047E-02    0.16127383E-01
    0.19629880E+02    0.33111553E-02    0.16079033E-01
    0.20555514E+02    0.33301562E-02    0.16027723E-01
    0.21610350E+02    0.33516833E-02    0.15971673E-01
    0.22905542E+02    0.33779803E-02    0.15905933E-01
    0.11763580E+02    0.31320128E-02    0.16631757E-01
    0.11769006E+02    0.31321647E-02    0.16631272E-01
    0.11812353E+02    0.31333754E-02    0.16627395E-01
    0.11898755E+02    0.31357705E-02    0.16619714E-01
    0.12027648E+02    0.31393009E-02    0.16608393E-01
    0.12198230E+02    0.31439172E-02    0.16593555E-01
    0.12409520E+02    0.31495345E-02    0.16575431E-01
    0.12660417E+02    0.31560704E-02    0.16554284E-01
    0.12949766E+02    0.31634553E-02    0.16530294E-01
    0.13276435E+02    0.31716176E-02    0.16503801E-01
    0.13639379E+02    0.31804798E-02    0.16475084E-01
    0.14037713E+02    0.31899890E-02    0.16444321E-01
    0.14470784E+02    0.32001171E-02    0.16411754E-01
    0.14938241E+02    0.32108294E-02    0.16377608E-01
    0.15440127E+02    0.32221099E-02    0.16341955E-01
    0.15976981E+02    0.32339737E-02    0.16304973E-01
    0.16549980E+02    0.32464331E-02    0.16266645E-01
    0.17161151E+02    0.32595400E-02    0.16227084E-01
    0.17813694E+02    0.32733557E-02    0.16186175E-01
    0.18512516E+02    0.32879981E-02    0.16143843E-01
    0.19265196E+02    0.33036260E-02    0.16099800E-01
    0.20083874E+02    0.33204917E-02    0.16053574E-01
    0.20989496E+02    0.33390292E-02    0.16004363E-01
    0.22023555E+02    0.33600846E-02    0.15950330E-01
    0.23295786E+02    0.33858866E-02    0.15886810E-01
    0.12583227E+02    0.31540715E-02    0.16560730E-01
    0.12588299E+02    0.31542034E-02    0.16560307E-01
    0.12628835E+02    0.31552551E-02    0.16556924E-01
    0.12709688E+02    0.31573370E-02    0.16550161E-01
    0.12830436E+02    0.31604323E-02    0.16540115E-01
    0.12990481E+02    0.31644814E-02    0.16526964E-01
    0.13189085E+02    0.31694515E-02    0.16510859E-01
    0.13425421E+02    0.31752761E-02    0.16491967E-01
    0.13698622E+02    0.31819061E-02    0.16470467E-01
    0.14007838E+02    0.31892824E-02    0.16446600E-01
    0.14352298E+02    0.31973688E-02    0.16420583E-01
    0.14731367E+02    0.32061172E-02    0.16392624E-01
    0.15144615E+02    0.32154930E-02    0.16362777E-01
    0.15591884E+02    0.32254870E-02    0.16331390E-01
    0.16073373E+02    0.32360834E-02    0.16298390E-01
    0.16589747E+02    0.32472912E-02    0.16264017E-01
    0.17142276E+02    0.32591374E-02    0.16228289E-01
    0.17733045E+02    0.32716536E-02    0.16191165E-01
    0.18365279E+02    0.32849234E-02    0.16152681E-01
    0.19043871E+02    0.32990441E-02    0.16112611E-01
    0.19776339E+02    0.33141715E-02    0.16070721E-01
    0.20574688E+02    0.33305497E-02    0.16026669E-01
    0.21459607E+02    0.33486116E-02    0.15979510E-01
    0.22472044E+02    0.33691872E-02    0.15927561E-01
    0.23720232E+02    0.33944794E-02    0.15866281E-01
    0.13435719E+02    0.31755272E-02    0.16491149E-01
    0.13440469E+02    0.31756430E-02    0.16490771E-01
    0.13478442E+02    0.31765680E-02    0.16487755E-01
    0.13554228E+02    0.31784147E-02    0.16481764E-01
    0.13667517E+02    0.31811580E-02    0.16472888E-01
    0.13817870E+02    0.31847646E-02    0.16461245E-01
    0.14004746E+02    0.31892093E-02    0.16446837E-01
    0.14227539E+02    0.31944566E-02    0.16429966E-01
    0.14485619E+02    0.32004604E-02    0.16410655E-01
    0.14778378E+02    0.32071898E-02    0.16389189E-01
    0.15105277E+02    0.32146079E-02    0.16365580E-01
    0.15465902E+02    0.32226842E-02    0.16340157E-01
    0.15860022E+02    0.32314010E-02    0.16312871E-01
    0.16287657E+02    0.32407527E-02    0.16284001E-01
    0.16749157E+02    0.32507210E-02    0.16253584E-01
    0.17245307E+02    0.32613264E-02    0.16221754E-01
    0.17777473E+02    0.32725912E-02    0.16188411E-01
    0.18347802E+02    0.32845589E-02    0.16153734E-01
    0.18959547E+02    0.32973005E-02    0.16117480E-01
    0.19617593E+02    0.33109011E-02    0.16079726E-01
    0.20329400E+02    0.33255290E-02    0.16040036E-01
    0.21106840E+02    0.33414210E-02    0.15998085E-01
    0.21970336E+02    0.33590033E-02    0.15953064E-01
    0.22960264E+02    0.33790921E-02    0.15903243E-01
    0.24183266E+02    0.34038452E-02    0.15844279E-01
    0.14329953E+02    0.31968484E-02    0.16422260E-01
    0.14334408E+02    0.31969522E-02    0.16421926E-01
    0.14370018E+02    0.31977810E-02    0.16419255E-01
    0.14441126E+02    0.31994304E-02    0.16413955E-01
    0.14547510E+02    0.32018918E-02    0.16406085E-01
    0.14688858E+02    0.32051450E-02    0.16395735E-01
    0.14864788E+02    0.32091579E-02    0.16382927E-01
    0.15074876E+02    0.32139233E-02    0.16367752E-01
    0.15318688E+02    0.32194035E-02    0.16350489E-01
    0.15595816E+02    0.32255741E-02    0.16331115E-01
    0.15905924E+02    0.32324111E-02    0.16309760E-01
    0.16248789E+02    0.32399061E-02    0.16286627E-01
    0.16624359E+02    0.32480369E-02    0.16261735E-01
    0.17032815E+02    0.32567950E-02    0.16235298E-01
    0.17474647E+02    0.32661971E-02    0.16207245E-01
    0.17950756E+02    0.32762442E-02    0.16177797E-01
    0.18462599E+02    0.32869547E-02    0.16146798E-01
    0.19012387E+02    0.32983938E-02    0.16114421E-01
    0.19603404E+02    0.33106075E-02    0.16080524E-01
    0.20240528E+02    0.33237066E-02    0.16044908E-01
    0.20931162E+02    0.33378378E-02    0.16007480E-01
    0.21687041E+02    0.33532402E-02    0.15967686E-01
    0.22528309E+02    0.33703309E-02    0.15924750E-01
    0.23494738E+02    0.33899133E-02    0.15877140E-01
    0.24691281E+02    0.34141158E-02    0.15820482E-01
    0.15279416E+02    0.32185231E-02    0.16353249E-01
    0.15283593E+02    0.32186169E-02    0.16352955E-01
    0.15316998E+02    0.32193656E-02    0.16350608E-01
    0.15383729E+02    0.32208546E-02    0.16345912E-01
    0.15483638E+02    0.32230795E-02    0.16338923E-01
    0.15616515E+02    0.32260325E-02    0.16329672E-01
    0.15782108E+02    0.32296875E-02    0.16318241E-01
    0.15980140E+02    0.32340431E-02    0.16304759E-01
    0.16210342E+02    0.32390679E-02    0.16289226E-01
    0.16472476E+02    0.32447570E-02    0.16271773E-01
    0.16766377E+02    0.32510920E-02    0.16252469E-01
    0.17091990E+02    0.32580616E-02    0.16231511E-01
    0.17449422E+02    0.32656637E-02    0.16208840E-01
    0.17838996E+02    0.32738896E-02    0.16184621E-01
    0.18261332E+02    0.32827546E-02    0.16158896E-01
    0.18717442E+02    0.32922650E-02    0.16131690E-01
    0.19208867E+02    0.33024601E-02    0.16103025E-01
    0.19737878E+02    0.33133819E-02    0.16072884E-01
    0.20307792E+02    0.33250863E-02    0.16041225E-01
    0.20923479E+02    0.33376806E-02    0.16007890E-01
    0.21592279E+02    0.33513161E-02    0.15972613E-01
    0.22325786E+02    0.33662255E-02    0.15934958E-01
    0.23143848E+02    0.33828096E-02    0.15894241E-01
    0.24085592E+02    0.34018685E-02    0.15848879E-01
    0.25254155E+02    0.34254869E-02    0.15794664E-01
    0.16306577E+02    0.32411640E-02    0.16282731E-01
    0.16310491E+02    0.32412490E-02    0.16282470E-01
    0.16341796E+02    0.32419280E-02    0.16280389E-01
    0.16404359E+02    0.32432823E-02    0.16276267E-01
    0.16498089E+02    0.32453113E-02    0.16270079E-01
    0.16622859E+02    0.32480046E-02    0.16261834E-01
    0.16778522E+02    0.32513537E-02    0.16251683E-01
    0.16964928E+02    0.32553451E-02    0.16239637E-01
    0.17181940E+02    0.32599824E-02    0.16225761E-01
    0.17429468E+02    0.32652415E-02    0.16210104E-01
    0.17707493E+02    0.32711146E-02    0.16192749E-01
    0.18016105E+02    0.32776171E-02    0.16173800E-01
    0.18355550E+02    0.32847205E-02    0.16153268E-01
    0.18726283E+02    0.32924488E-02    0.16131176E-01
    0.19129040E+02    0.33008048E-02    0.16107687E-01
    0.19564931E+02    0.33098116E-02    0.16082683E-01
    0.20035580E+02    0.33195006E-02    0.16056252E-01
    0.20543314E+02    0.33299058E-02    0.16028392E-01
    0.21091475E+02    0.33411079E-02    0.15998907E-01
    0.21684923E+02    0.33531971E-02    0.15967796E-01
    0.22330930E+02    0.33663298E-02    0.15934697E-01
    0.23040933E+02    0.33807279E-02    0.15899272E-01
    0.23834462E+02    0.33967918E-02    0.15860799E-01
    0.24749942E+02    0.34153020E-02    0.15817754E-01
    0.25888535E+02    0.34383001E-02    0.15766095E-01
    0.17455065E+02    0.32657830E-02    0.16208483E-01
    0.17458722E+02    0.32658603E-02    0.16208251E-01
    0.17487972E+02    0.32664789E-02    0.16206404E-01
    0.17546449E+02    0.32677163E-02    0.16202732E-01
    0.17634109E+02    0.32695681E-02    0.16197284E-01
    0.17750896E+02    0.32720302E-02    0.16190058E-01
    0.17896750E+02    0.32751073E-02    0.16181092E-01
    0.18071625E+02    0.32787804E-02    0.16170402E-01
    0.18275501E+02    0.32830506E-02    0.16158050E-01
    0.18508409E+02    0.32879123E-02    0.16144085E-01
    0.18770459E+02    0.32933680E-02    0.16128608E-01
    0.19061870E+02    0.32994157E-02    0.16111577E-01
    0.19383010E+02    0.33060616E-02    0.16093064E-01
    0.19734450E+02    0.33133114E-02    0.16073078E-01
    0.20117033E+02    0.33211721E-02    0.16051730E-01
    0.20531960E+02    0.33296729E-02    0.16029013E-01
    0.20980927E+02    0.33388544E-02    0.16004821E-01
    0.21466313E+02    0.33487484E-02    0.15979162E-01
    0.21991479E+02    0.33594328E-02    0.15951979E-01
    0.22561266E+02    0.33710014E-02    0.15923108E-01
    0.23182866E+02    0.33835993E-02    0.15892354E-01
    0.23867540E+02    0.33974605E-02    0.15859221E-01
    0.24634456E+02    0.34129642E-02    0.15823120E-01
    0.25521255E+02    0.34308794E-02    0.15782564E-01
    0.26626887E+02    0.34532130E-02    0.15733592E-01
    0.18839260E+02    0.32948008E-02    0.16124561E-01
    0.18842648E+02    0.32948714E-02    0.16124360E-01
    0.18869753E+02    0.32954358E-02    0.16122754E-01
    0.18923961E+02    0.32965625E-02    0.16119558E-01
    0.19005268E+02    0.32982467E-02    0.16114832E-01
    0.19113679E+02    0.33004866E-02    0.16108583E-01
    0.19249210E+02    0.33032954E-02    0.16100709E-01
    0.19411905E+02    0.33066584E-02    0.16091394E-01
    0.19601846E+02    0.33105752E-02    0.16080611E-01
    0.19819173E+02    0.33150500E-02    0.16068346E-01
    0.20064111E+02    0.33200862E-02    0.16054670E-01
    0.20336993E+02    0.33256845E-02    0.16039619E-01
    0.20638301E+02    0.33318554E-02    0.16023182E-01
    0.20968714E+02    0.33386051E-02    0.16005473E-01
    0.21329169E+02    0.33459518E-02    0.15986330E-01
    0.21720953E+02    0.33539307E-02    0.15965918E-01
    0.22145829E+02    0.33625700E-02    0.15944057E-01
    0.22606216E+02    0.33719154E-02    0.15920866E-01
    0.23105488E+02    0.33820336E-02    0.15896101E-01
    0.23648449E+02    0.33930266E-02    0.15869765E-01
    0.24242188E+02    0.34050331E-02    0.15841504E-01
    0.24897749E+02    0.34182809E-02    0.15810943E-01
    0.25633862E+02    0.34331562E-02    0.15777499E-01
    0.26487221E+02    0.34503902E-02    0.15739676E-01
    0.27554120E+02    0.34719398E-02    0.15693905E-01
