    0.24304820E-04    0.18038561E+00   -0.21026627E-06
    0.33635361E+00    0.18038561E+00   -0.29072568E-02
    0.10094141E+01    0.18038561E+00   -0.86620843E-02
    0.16835394E+01    0.18038561E+00   -0.14237233E-01
    0.23594557E+01    0.18038561E+00   -0.19510829E-01
    0.30379142E+01    0.18038561E+00   -0.24357781E-01
    0.37197034E+01    0.18038561E+00   -0.28648333E-01
    0.44056612E+01    0.18038561E+00   -0.32246423E-01
    0.50966913E+01    0.18038561E+00   -0.35007932E-01
    0.57937813E+01    0.18038561E+00   -0.36915097E-01
    0.64980259E+01    0.18038561E+00   -0.38252686E-01
    0.72106568E+01    0.18038561E+00   -0.39227031E-01
    0.79330805E+01    0.18038561E+00   -0.39958886E-01
    0.86669293E+01    0.18038561E+00   -0.40522746E-01
    0.94141312E+01    0.18038561E+00   -0.40966606E-01
    0.10177008E+02    0.18038561E+00   -0.41322525E-01
    0.10958417E+02    0.18038561E+00   -0.41612598E-01
    0.11761967E+02    0.18038561E+00   -0.41852476E-01
    0.12592355E+02    0.18038561E+00   -0.42053524E-01
    0.13455930E+02    0.18038561E+00   -0.42224202E-01
    0.14361701E+02    0.18038561E+00   -0.42370982E-01
    0.15323318E+02    0.18038561E+00   -0.42499011E-01
    0.16363528E+02    0.18038561E+00   -0.42612665E-01
    0.17526491E+02    0.18038561E+00   -0.42716295E-01
    0.18927983E+02    0.18038561E+00   -0.42816368E-01
    0.59046135E+00    0.18038561E+00   -0.50940829E-02
    0.67954275E+00    0.18038561E+00   -0.58573388E-02
    0.11694279E+01    0.18038561E+00   -0.10007232E-01
    0.17840823E+01    0.18038561E+00   -0.15044815E-01
    0.24322162E+01    0.18038561E+00   -0.20054313E-01
    0.30947645E+01    0.18038561E+00   -0.24739564E-01
    0.37662764E+01    0.18038561E+00   -0.28916923E-01
    0.44450529E+01    0.18038561E+00   -0.32428400E-01
    0.51307804E+01    0.18038561E+00   -0.35119624E-01
    0.58237914E+01    0.18038561E+00   -0.36982172E-01
    0.65247977E+01    0.18038561E+00   -0.38295158E-01
    0.72347921E+01    0.18038561E+00   -0.39255078E-01
    0.79550242E+01    0.18038561E+00   -0.39978044E-01
    0.86870195E+01    0.18038561E+00   -0.40536201E-01
    0.94326301E+01    0.18038561E+00   -0.40976273E-01
    0.10194123E+02    0.18038561E+00   -0.41329603E-01
    0.10974313E+02    0.18038561E+00   -0.41617862E-01
    0.11776779E+02    0.18038561E+00   -0.41856440E-01
    0.12606191E+02    0.18038561E+00   -0.42056539E-01
    0.13468879E+02    0.18038561E+00   -0.42226512E-01
    0.14373834E+02    0.18038561E+00   -0.42372761E-01
    0.15334690E+02    0.18038561E+00   -0.42500381E-01
    0.16374177E+02    0.18038561E+00   -0.42613717E-01
    0.17536435E+02    0.18038561E+00   -0.42717092E-01
    0.18937191E+02    0.18038561E+00   -0.42816952E-01
    0.13559370E+01    0.18038561E+00   -0.11559437E-01
    0.13970322E+01    0.18038561E+00   -0.11898930E-01
    0.16904089E+01    0.18038561E+00   -0.14292638E-01
    0.21616823E+01    0.18038561E+00   -0.18008034E-01
    0.27213225E+01    0.18038561E+00   -0.22159853E-01
    0.33267835E+01    0.18038561E+00   -0.26254200E-01
    0.39591361E+01    0.18038561E+00   -0.29992897E-01
    0.46096004E+01    0.18038561E+00   -0.33157561E-01
    0.52739765E+01    0.18038561E+00   -0.35565379E-01
    0.59503333E+01    0.18038561E+00   -0.37253922E-01
    0.66379896E+01    0.18038561E+00   -0.38469083E-01
    0.73370387E+01    0.18038561E+00   -0.39370837E-01
    0.80481259E+01    0.18038561E+00   -0.40057592E-01
    0.87723559E+01    0.18038561E+00   -0.40592325E-01
    0.95112792E+01    0.18038561E+00   -0.41016746E-01
    0.10266940E+02    0.18038561E+00   -0.41359324E-01
    0.11041987E+02    0.18038561E+00   -0.41640018E-01
    0.11839867E+02    0.18038561E+00   -0.41873160E-01
    0.12665148E+02    0.18038561E+00   -0.42069278E-01
    0.13524076E+02    0.18038561E+00   -0.42236288E-01
    0.14425568E+02    0.18038561E+00   -0.42380294E-01
    0.15383194E+02    0.18038561E+00   -0.42506191E-01
    0.16419610E+02    0.18038561E+00   -0.42618180E-01
    0.17578864E+02    0.18038561E+00   -0.42720477E-01
    0.18976489E+02    0.18038561E+00   -0.42819433E-01
    0.21273271E+01    0.18038561E+00   -0.17743346E-01
    0.21537535E+01    0.18038561E+00   -0.17947040E-01
    0.23546629E+01    0.18038561E+00   -0.19474847E-01
    0.27128998E+01    0.18038561E+00   -0.22099788E-01
    0.31768776E+01    0.18038561E+00   -0.25283711E-01
    0.37086984E+01    0.18038561E+00   -0.28584379E-01
    0.42850570E+01    0.18038561E+00   -0.31671877E-01
    0.48923789E+01    0.18038561E+00   -0.34289580E-01
    0.55228419E+01    0.18038561E+00   -0.36259150E-01
    0.61719869E+01    0.18038561E+00   -0.37690245E-01
    0.68373870E+01    0.18038561E+00   -0.38754704E-01
    0.75179181E+01    0.18038561E+00   -0.39564160E-01
    0.82133602E+01    0.18038561E+00   -0.40192159E-01
    0.89241909E+01    0.18038561E+00   -0.40688225E-01
    0.96514966E+01    0.18038561E+00   -0.41086456E-01
    0.10396971E+02    0.18038561E+00   -0.41410848E-01
    0.11162994E+02    0.18038561E+00   -0.41678631E-01
    0.11952799E+02    0.18038561E+00   -0.41902427E-01
    0.12770784E+02    0.18038561E+00   -0.42091662E-01
    0.13623053E+02    0.18038561E+00   -0.42253517E-01
    0.14518401E+02    0.18038561E+00   -0.42393608E-01
    0.15470281E+02    0.18038561E+00   -0.42516485E-01
    0.16501229E+02    0.18038561E+00   -0.42626104E-01
    0.17655124E+02    0.18038561E+00   -0.42726500E-01
    0.19047154E+02    0.18038561E+00   -0.42823857E-01
    0.29019565E+01    0.18038561E+00   -0.23428494E-01
    0.29213841E+01    0.18038561E+00   -0.23562661E-01
    0.30725019E+01    0.18038561E+00   -0.24590544E-01
    0.33549450E+01    0.18038561E+00   -0.26433125E-01
    0.37401046E+01    0.18038561E+00   -0.28766399E-01
    0.42012229E+01    0.18038561E+00   -0.31257338E-01
    0.47177902E+01    0.18038561E+00   -0.33609097E-01
    0.52755286E+01    0.18038561E+00   -0.35570013E-01
    0.58649479E+01    0.18038561E+00   -0.37072489E-01
    0.64799115E+01    0.18038561E+00   -0.38223649E-01
    0.71165787E+01    0.18038561E+00   -0.39114967E-01
    0.77727037E+01    0.18038561E+00   -0.39813893E-01
    0.84471958E+01    0.18038561E+00   -0.40369250E-01
    0.91398585E+01    0.18038561E+00   -0.40816298E-01
    0.98512546E+01    0.18038561E+00   -0.41180662E-01
    0.10582667E+02    0.18038561E+00   -0.41481151E-01
    0.11336148E+02    0.18038561E+00   -0.41731740E-01
    0.12114670E+02    0.18038561E+00   -0.41942952E-01
    0.12922413E+02    0.18038561E+00   -0.42122830E-01
    0.13765297E+02    0.18038561E+00   -0.42277627E-01
    0.14651956E+02    0.18038561E+00   -0.42412317E-01
    0.15595686E+02    0.18038561E+00   -0.42531002E-01
    0.16618857E+02    0.18038561E+00   -0.42637317E-01
    0.17765113E+02    0.18038561E+00   -0.42735048E-01
    0.19149149E+02    0.18038561E+00   -0.42830153E-01
    0.36800436E+01    0.18038561E+00   -0.28416990E-01
    0.36953829E+01    0.18038561E+00   -0.28506751E-01
    0.38159714E+01    0.18038561E+00   -0.29199809E-01
    0.40468538E+01    0.18038561E+00   -0.30462397E-01
    0.43714702E+01    0.18038561E+00   -0.32086188E-01
    0.47719644E+01    0.18038561E+00   -0.33826686E-01
    0.52324864E+01    0.18038561E+00   -0.35439985E-01
    0.57404331E+01    0.18038561E+00   -0.36793251E-01
    0.62864126E+01    0.18038561E+00   -0.37897635E-01
    0.68637178E+01    0.18038561E+00   -0.38790570E-01
    0.74677347E+01    0.18038561E+00   -0.39511931E-01
    0.80954489E+01    0.18038561E+00   -0.40096977E-01
    0.87450836E+01    0.18038561E+00   -0.40574568E-01
    0.94158581E+01    0.18038561E+00   -0.40967511E-01
    0.10107848E+02    0.18038561E+00   -0.41293552E-01
    0.10821932E+02    0.18038561E+00   -0.41566438E-01
    0.11559828E+02    0.18038561E+00   -0.41796832E-01
    0.12324228E+02    0.18038561E+00   -0.41993052E-01
    0.13119075E+02    0.18038561E+00   -0.42161648E-01
    0.13950082E+02    0.18038561E+00   -0.42307845E-01
    0.14825693E+02    0.18038561E+00   -0.42435896E-01
    0.15759023E+02    0.18038561E+00   -0.42549389E-01
    0.16772232E+02    0.18038561E+00   -0.42651581E-01
    0.17908674E+02    0.18038561E+00   -0.42745966E-01
    0.19282409E+02    0.18038561E+00   -0.42838227E-01
    0.44622844E+01    0.18038561E+00   -0.32507112E-01
    0.44749431E+01    0.18038561E+00   -0.32564589E-01
    0.45750300E+01    0.18038561E+00   -0.33008571E-01
    0.47693068E+01    0.18038561E+00   -0.33816146E-01
    0.50476741E+01    0.18038561E+00   -0.34843342E-01
    0.53982317E+01    0.18038561E+00   -0.35923767E-01
    0.58093180E+01    0.18038561E+00   -0.36949952E-01
    0.62707123E+01    0.18038561E+00   -0.37869850E-01
    0.67740863E+01    0.18038561E+00   -0.38666760E-01
    0.73129942E+01    0.18038561E+00   -0.39344051E-01
    0.78826596E+01    0.18038561E+00   -0.39914255E-01
    0.84797143E+01    0.18038561E+00   -0.40392721E-01
    0.91019640E+01    0.18038561E+00   -0.40794453E-01
    0.97482124E+01    0.18038561E+00   -0.41132792E-01
    0.10418150E+02    0.18038561E+00   -0.41419057E-01
    0.11112312E+02    0.18038561E+00   -0.41662612E-01
    0.11832113E+02    0.18038561E+00   -0.41871119E-01
    0.12579979E+02    0.18038561E+00   -0.42050818E-01
    0.13359618E+02    0.18038561E+00   -0.42206802E-01
    0.14176531E+02    0.18038561E+00   -0.42343265E-01
    0.15038964E+02    0.18038561E+00   -0.42463720E-01
    0.15959827E+02    0.18038561E+00   -0.42571216E-01
    0.16961044E+02    0.18038561E+00   -0.42668605E-01
    0.18085626E+02    0.18038561E+00   -0.42759061E-01
    0.19446865E+02    0.18038561E+00   -0.42847958E-01
    0.52495507E+01    0.18038561E+00   -0.35491918E-01
    0.52603152E+01    0.18038561E+00   -0.35524419E-01
    0.53457179E+01    0.18038561E+00   -0.35775351E-01
    0.55129019E+01    0.18038561E+00   -0.36233229E-01
    0.57554160E+01    0.18038561E+00   -0.36827814E-01
    0.60652045E+01    0.18038561E+00   -0.37486018E-01
    0.64338150E+01    0.18038561E+00   -0.38148648E-01
    0.68532936E+01    0.18038561E+00   -0.38776420E-01
    0.73166963E+01    0.18038561E+00   -0.39348193E-01
    0.78182916E+01    0.18038561E+00   -0.39856018E-01
    0.83535695E+01    0.18038561E+00   -0.40300130E-01
    0.89191566E+01    0.18038561E+00   -0.40685123E-01
    0.95127046E+01    0.18038561E+00   -0.41017470E-01
    0.10132791E+02    0.18038561E+00   -0.41304070E-01
    0.10778852E+02    0.18038561E+00   -0.41551502E-01
    0.11451169E+02    0.18038561E+00   -0.41765690E-01
    0.12150913E+02    0.18038561E+00   -0.41951803E-01
    0.12880282E+02    0.18038561E+00   -0.42114281E-01
    0.13642771E+02    0.18038561E+00   -0.42256905E-01
    0.14443678E+02    0.18038561E+00   -0.42382912E-01
    0.15291051E+02    0.18038561E+00   -0.42495106E-01
    0.16197588E+02    0.18038561E+00   -0.42596007E-01
    0.17184959E+02    0.18038561E+00   -0.42688061E-01
    0.18295783E+02    0.18038561E+00   -0.42774115E-01
    0.19642463E+02    0.18038561E+00   -0.42859210E-01
    0.60428329E+01    0.18038561E+00   -0.37441853E-01
    0.60521866E+01    0.18038561E+00   -0.37460379E-01
    0.61265607E+01    0.18038561E+00   -0.37604671E-01
    0.62729686E+01    0.18038561E+00   -0.37873856E-01
    0.64871304E+01    0.18038561E+00   -0.38235250E-01
    0.67634867E+01    0.18038561E+00   -0.38651792E-01
    0.70959159E+01    0.18038561E+00   -0.39089754E-01
    0.74783474E+01    0.18038561E+00   -0.39523064E-01
    0.79051940E+01    0.18038561E+00   -0.39934308E-01
    0.83716026E+01    0.18038561E+00   -0.40313624E-01
    0.88735658E+01    0.18038561E+00   -0.40656797E-01
    0.94079435E+01    0.18038561E+00   -0.40963359E-01
    0.99724418E+01    0.18038561E+00   -0.41235068E-01
    0.10565581E+02    0.18038561E+00   -0.41474837E-01
    0.11186675E+02    0.18038561E+00   -0.41686040E-01
    0.11835849E+02    0.18038561E+00   -0.41872103E-01
    0.12514102E+02    0.18038561E+00   -0.42036278E-01
    0.13223453E+02    0.18038561E+00   -0.42181546E-01
    0.13967220E+02    0.18038561E+00   -0.42310586E-01
    0.14750521E+02    0.18038561E+00   -0.42425797E-01
    0.15581216E+02    0.18038561E+00   -0.42529345E-01
    0.16471791E+02    0.18038561E+00   -0.42623260E-01
    0.17443648E+02    0.18038561E+00   -0.42709601E-01
    0.18538978E+02    0.18038561E+00   -0.42790890E-01
    0.19869182E+02    0.18038561E+00   -0.42871829E-01
    0.68432375E+01    0.18038561E+00   -0.38762709E-01
    0.68514986E+01    0.18038561E+00   -0.38773977E-01
    0.69172839E+01    0.18038561E+00   -0.38862273E-01
    0.70472835E+01    0.18038561E+00   -0.39029534E-01
    0.72385724E+01    0.18038561E+00   -0.39259445E-01
    0.74872440E+01    0.18038561E+00   -0.39532361E-01
    0.77888442E+01    0.18038561E+00   -0.39828893E-01
    0.81387807E+01    0.18038561E+00   -0.40132438E-01
    0.85326527E+01    0.18038561E+00   -0.40430359E-01
    0.89664821E+01    0.18038561E+00   -0.40714071E-01
    0.94368554E+01    0.18038561E+00   -0.40978473E-01
    0.99409995E+01    0.18038561E+00   -0.41221144E-01
    0.10476816E+02    0.18038561E+00   -0.41441536E-01
    0.11042896E+02    0.18038561E+00   -0.41640313E-01
    0.11638547E+02    0.18038561E+00   -0.41818847E-01
    0.12263824E+02    0.18038561E+00   -0.41978875E-01
    0.12919629E+02    0.18038561E+00   -0.42122268E-01
    0.13607857E+02    0.18038561E+00   -0.42250897E-01
    0.14331689E+02    0.18038561E+00   -0.42366563E-01
    0.15096091E+02    0.18038561E+00   -0.42470972E-01
    0.15908751E+02    0.18038561E+00   -0.42565743E-01
    0.16781954E+02    0.18038561E+00   -0.42652472E-01
    0.17736824E+02    0.18038561E+00   -0.42732865E-01
    0.18815095E+02    0.18038561E+00   -0.42809140E-01
    0.20127058E+02    0.18038561E+00   -0.42885656E-01
    0.76520044E+01    0.18038561E+00   -0.39698700E-01
    0.76593932E+01    0.18038561E+00   -0.39705908E-01
    0.77182956E+01    0.18038561E+00   -0.39762637E-01
    0.78350160E+01    0.18038561E+00   -0.39871288E-01
    0.80075091E+01    0.18038561E+00   -0.40023230E-01
    0.82329881E+01    0.18038561E+00   -0.40207607E-01
    0.85081939E+01    0.18038561E+00   -0.40413057E-01
    0.88296671E+01    0.18038561E+00   -0.40629106E-01
    0.91939890E+01    0.18038561E+00   -0.40847033E-01
    0.95979723E+01    0.18038561E+00   -0.41060207E-01
    0.10038800E+02    0.18038561E+00   -0.41264026E-01
    0.10514121E+02    0.18038561E+00   -0.41455635E-01
    0.11022111E+02    0.18038561E+00   -0.41633553E-01
    0.11561524E+02    0.18038561E+00   -0.41797311E-01
    0.12131737E+02    0.18038561E+00   -0.41947130E-01
    0.12732818E+02    0.18038561E+00   -0.42083681E-01
    0.13365631E+02    0.18038561E+00   -0.42207899E-01
    0.14032001E+02    0.18038561E+00   -0.42320858E-01
    0.14735012E+02    0.18038561E+00   -0.42423694E-01
    0.15479510E+02    0.18038561E+00   -0.42517565E-01
    0.16273034E+02    0.18038561E+00   -0.42603644E-01
    0.17127675E+02    0.18038561E+00   -0.42683157E-01
    0.18064280E+02    0.18038561E+00   -0.42757502E-01
    0.19124096E+02    0.18038561E+00   -0.42828616E-01
    0.20416212E+02    0.18038561E+00   -0.42900528E-01
    0.84705359E+01    0.18038561E+00   -0.40386124E-01
    0.84772114E+01    0.18038561E+00   -0.40390925E-01
    0.85304687E+01    0.18038561E+00   -0.40428820E-01
    0.86362193E+01    0.18038561E+00   -0.40501997E-01
    0.87930092E+01    0.18038561E+00   -0.40605663E-01
    0.89988278E+01    0.18038561E+00   -0.40733593E-01
    0.92512795E+01    0.18038561E+00   -0.40878976E-01
    0.95477657E+01    0.18038561E+00   -0.41035182E-01
    0.98856584E+01    0.18038561E+00   -0.41196311E-01
    0.10262450E+02    0.18038561E+00   -0.41357510E-01
    0.10675876E+02    0.18038561E+00   -0.41515060E-01
    0.11124008E+02    0.18038561E+00   -0.41666328E-01
    0.11605333E+02    0.18038561E+00   -0.41809613E-01
    0.12118814E+02    0.18038561E+00   -0.41943968E-01
    0.12663959E+02    0.18038561E+00   -0.42069023E-01
    0.13240901E+02    0.18038561E+00   -0.42184826E-01
    0.13850519E+02    0.18038561E+00   -0.42291715E-01
    0.14494615E+02    0.18038561E+00   -0.42390221E-01
    0.15176211E+02    0.18038561E+00   -0.42481004E-01
    0.15900064E+02    0.18038561E+00   -0.42564807E-01
    0.16673585E+02    0.18038561E+00   -0.42642453E-01
    0.17508685E+02    0.18038561E+00   -0.42714864E-01
    0.18425933E+02    0.18038561E+00   -0.42783177E-01
    0.19466070E+02    0.18038561E+00   -0.42849078E-01
    0.20736888E+02    0.18038561E+00   -0.42916282E-01
    0.93004396E+01    0.18038561E+00   -0.40905916E-01
    0.93065198E+01    0.18038561E+00   -0.40909218E-01
    0.93550571E+01    0.18038561E+00   -0.40935348E-01
    0.94515862E+01    0.18038561E+00   -0.40986121E-01
    0.95950616E+01    0.18038561E+00   -0.41058767E-01
    0.97840227E+01    0.18038561E+00   -0.41149601E-01
    0.10016705E+02    0.18038561E+00   -0.41254448E-01
    0.10291163E+02    0.18038561E+00   -0.41369071E-01
    0.10605397E+02    0.18038561E+00   -0.41489503E-01
    0.10957467E+02    0.18038561E+00   -0.41612283E-01
    0.11345595E+02    0.18038561E+00   -0.41734567E-01
    0.11768252E+02    0.18038561E+00   -0.41854160E-01
    0.12224236E+02    0.18038561E+00   -0.41969469E-01
    0.12712743E+02    0.18038561E+00   -0.42079433E-01
    0.13233444E+02    0.18038561E+00   -0.42183426E-01
    0.13786576E+02    0.18038561E+00   -0.42281169E-01
    0.14373068E+02    0.18038561E+00   -0.42372649E-01
    0.14994734E+02    0.18038561E+00   -0.42458048E-01
    0.15654571E+02    0.18038561E+00   -0.42537698E-01
    0.16357268E+02    0.18038561E+00   -0.42612046E-01
    0.17110132E+02    0.18038561E+00   -0.42681645E-01
    0.17924906E+02    0.18038561E+00   -0.42747184E-01
    0.18821881E+02    0.18038561E+00   -0.42809578E-01
    0.19841272E+02    0.18038561E+00   -0.42870299E-01
    0.21089493E+02    0.18038561E+00   -0.42932762E-01
    0.10143585E+02    0.18038561E+00   -0.41308597E-01
    0.10149160E+02    0.18038561E+00   -0.41310930E-01
    0.10193686E+02    0.18038561E+00   -0.41329423E-01
    0.10282345E+02    0.18038561E+00   -0.41365530E-01
    0.10414382E+02    0.18038561E+00   -0.41417600E-01
    0.10588732E+02    0.18038561E+00   -0.41483385E-01
    0.10804097E+02    0.18038561E+00   -0.41560276E-01
    0.11059031E+02    0.18038561E+00   -0.41645533E-01
    0.11352030E+02    0.18038561E+00   -0.41736489E-01
    0.11681619E+02    0.18038561E+00   -0.41830705E-01
    0.12046437E+02    0.18038561E+00   -0.41926070E-01
    0.12445316E+02    0.18038561E+00   -0.42020848E-01
    0.12877348E+02    0.18038561E+00   -0.42113682E-01
    0.13341963E+02    0.18038561E+00   -0.42203571E-01
    0.13839009E+02    0.18038561E+00   -0.42289827E-01
    0.14368848E+02    0.18038561E+00   -0.42372031E-01
    0.14932489E+02    0.18038561E+00   -0.42449979E-01
    0.15531780E+02    0.18038561E+00   -0.42523649E-01
    0.16169716E+02    0.18038561E+00   -0.42593158E-01
    0.16850946E+02    0.18038561E+00   -0.42658748E-01
    0.17582684E+02    0.18038561E+00   -0.42720781E-01
    0.18376517E+02    0.18038561E+00   -0.42779759E-01
    0.19252464E+02    0.18038561E+00   -0.42836428E-01
    0.20250190E+02    0.18038561E+00   -0.42892069E-01
    0.21474657E+02    0.18038561E+00   -0.42949821E-01
    0.11002183E+02    0.18038561E+00   -0.41627036E-01
    0.11007323E+02    0.18038561E+00   -0.41628720E-01
    0.11048391E+02    0.18038561E+00   -0.41642093E-01
    0.11130244E+02    0.18038561E+00   -0.41668305E-01
    0.11252336E+02    0.18038561E+00   -0.41706341E-01
    0.11413893E+02    0.18038561E+00   -0.41754800E-01
    0.11613967E+02    0.18038561E+00   -0.41812021E-01
    0.11851493E+02    0.18038561E+00   -0.41876212E-01
    0.12125358E+02    0.18038561E+00   -0.41945571E-01
    0.12434466E+02    0.18038561E+00   -0.42018390E-01
    0.12777808E+02    0.18038561E+00   -0.42093130E-01
    0.13154528E+02    0.18038561E+00   -0.42168460E-01
    0.13563989E+02    0.18038561E+00   -0.42243281E-01
    0.14005845E+02    0.18038561E+00   -0.42316728E-01
    0.14480121E+02    0.18038561E+00   -0.42388149E-01
    0.14987312E+02    0.18038561E+00   -0.42457091E-01
    0.15528520E+02    0.18038561E+00   -0.42523271E-01
    0.16105648E+02    0.18038561E+00   -0.42586552E-01
    0.16721706E+02    0.18038561E+00   -0.42646926E-01
    0.17381314E+02    0.18038561E+00   -0.42704499E-01
    0.18091614E+02    0.18038561E+00   -0.42759498E-01
    0.18864043E+02    0.18038561E+00   -0.42812290E-01
    0.19718344E+02    0.18038561E+00   -0.42863483E-01
    0.20693620E+02    0.18038561E+00   -0.42914200E-01
    0.21893300E+02    0.18038561E+00   -0.42967324E-01
    0.11878900E+02    0.18038561E+00   -0.41883370E-01
    0.11883661E+02    0.18038561E+00   -0.41884609E-01
    0.11921710E+02    0.18038561E+00   -0.41894453E-01
    0.11997607E+02    0.18038561E+00   -0.41913810E-01
    0.12110957E+02    0.18038561E+00   -0.41942041E-01
    0.12261206E+02    0.18038561E+00   -0.41978256E-01
    0.12447669E+02    0.18038561E+00   -0.42021380E-01
    0.12669574E+02    0.18038561E+00   -0.42070228E-01
    0.12926118E+02    0.18038561E+00   -0.42123578E-01
    0.13216511E+02    0.18038561E+00   -0.42180237E-01
    0.13540037E+02    0.18038561E+00   -0.42239092E-01
    0.13896109E+02    0.18038561E+00   -0.42299144E-01
    0.14284328E+02    0.18038561E+00   -0.42359533E-01
    0.14704554E+02    0.18038561E+00   -0.42419544E-01
    0.15156983E+02    0.18038561E+00   -0.42478611E-01
    0.15642243E+02    0.18038561E+00   -0.42536303E-01
    0.16161534E+02    0.18038561E+00   -0.42592319E-01
    0.16716822E+02    0.18038561E+00   -0.42646474E-01
    0.17311143E+02    0.18038561E+00   -0.42698690E-01
    0.17949103E+02    0.18038561E+00   -0.42748993E-01
    0.18637776E+02    0.18038561E+00   -0.42797515E-01
    0.19388459E+02    0.18038561E+00   -0.42844531E-01
    0.20220616E+02    0.18038561E+00   -0.42890539E-01
    0.21172769E+02    0.18038561E+00   -0.42936531E-01
    0.22346741E+02    0.18038561E+00   -0.42985152E-01
    0.12777018E+02    0.18038561E+00   -0.42092965E-01
    0.12781445E+02    0.18038561E+00   -0.42093889E-01
    0.12816829E+02    0.18038561E+00   -0.42101244E-01
    0.12887455E+02    0.18038561E+00   -0.42115742E-01
    0.12993045E+02    0.18038561E+00   -0.42136976E-01
    0.13133207E+02    0.18038561E+00   -0.42164370E-01
    0.13307456E+02    0.18038561E+00   -0.42197219E-01
    0.13515252E+02    0.18038561E+00   -0.42234733E-01
    0.13756033E+02    0.18038561E+00   -0.42276080E-01
    0.14029259E+02    0.18038561E+00   -0.42320426E-01
    0.14334453E+02    0.18038561E+00   -0.42366971E-01
    0.14671256E+02    0.18038561E+00   -0.42414978E-01
    0.15039480E+02    0.18038561E+00   -0.42463786E-01
    0.15439166E+02    0.18038561E+00   -0.42512827E-01
    0.15870667E+02    0.18038561E+00   -0.42561628E-01
    0.16334739E+02    0.18038561E+00   -0.42609812E-01
    0.16832680E+02    0.18038561E+00   -0.42657094E-01
    0.17366522E+02    0.18038561E+00   -0.42703281E-01
    0.17939331E+02    0.18038561E+00   -0.42748263E-01
    0.18555707E+02    0.18038561E+00   -0.42792020E-01
    0.19222660E+02    0.18038561E+00   -0.42834628E-01
    0.19951348E+02    0.18038561E+00   -0.42876294E-01
    0.20760955E+02    0.18038561E+00   -0.42917434E-01
    0.21689400E+02    0.18038561E+00   -0.42958929E-01
    0.22836829E+02    0.18038561E+00   -0.43003203E-01
    0.13700686E+02    0.18038561E+00   -0.42266770E-01
    0.13704814E+02    0.18038561E+00   -0.42267468E-01
    0.13737820E+02    0.18038561E+00   -0.42273029E-01
    0.13803735E+02    0.18038561E+00   -0.42284014E-01
    0.13902368E+02    0.18038561E+00   -0.42300158E-01
    0.14033450E+02    0.18038561E+00   -0.42321086E-01
    0.14196654E+02    0.18038561E+00   -0.42346330E-01
    0.14391617E+02    0.18038561E+00   -0.42375360E-01
    0.14617970E+02    0.18038561E+00   -0.42407605E-01
    0.14875372E+02    0.18038561E+00   -0.42442485E-01
    0.15163546E+02    0.18038561E+00   -0.42479429E-01
    0.15482324E+02    0.18038561E+00   -0.42517894E-01
    0.15831695E+02    0.18038561E+00   -0.42557385E-01
    0.16211862E+02    0.18038561E+00   -0.42597460E-01
    0.16623317E+02    0.18038561E+00   -0.42637738E-01
    0.17066935E+02    0.18038561E+00   -0.42677903E-01
    0.17544107E+02    0.18038561E+00   -0.42717706E-01
    0.18056929E+02    0.18038561E+00   -0.42756964E-01
    0.18608498E+02    0.18038561E+00   -0.42795563E-01
    0.19203407E+02    0.18038561E+00   -0.42833461E-01
    0.19848608E+02    0.18038561E+00   -0.42870702E-01
    0.20555118E+02    0.18038561E+00   -0.42907445E-01
    0.21341833E+02    0.18038561E+00   -0.42944045E-01
    0.22246049E+02    0.18038561E+00   -0.42981290E-01
    0.23366158E+02    0.18038561E+00   -0.43021397E-01
    0.14655304E+02    0.18038561E+00   -0.42412779E-01
    0.14659163E+02    0.18038561E+00   -0.42413312E-01
    0.14690026E+02    0.18038561E+00   -0.42417556E-01
    0.14751686E+02    0.18038561E+00   -0.42425955E-01
    0.14844021E+02    0.18038561E+00   -0.42438335E-01
    0.14966859E+02    0.18038561E+00   -0.42454447E-01
    0.15119991E+02    0.18038561E+00   -0.42473981E-01
    0.15303195E+02    0.18038561E+00   -0.42496578E-01
    0.15516256E+02    0.18038561E+00   -0.42521848E-01
    0.15758992E+02    0.18038561E+00   -0.42549386E-01
    0.16031291E+02    0.18038561E+00   -0.42578785E-01
    0.16333141E+02    0.18038561E+00   -0.42609653E-01
    0.16664684E+02    0.18038561E+00   -0.42641621E-01
    0.17026262E+02    0.18038561E+00   -0.42674352E-01
    0.17418490E+02    0.18038561E+00   -0.42707548E-01
    0.17842349E+02    0.18038561E+00   -0.42740955E-01
    0.18299313E+02    0.18038561E+00   -0.42774364E-01
    0.18791536E+02    0.18038561E+00   -0.42807615E-01
    0.19322147E+02    0.18038561E+00   -0.42840602E-01
    0.19895728E+02    0.18038561E+00   -0.42873278E-01
    0.20519171E+02    0.18038561E+00   -0.42905668E-01
    0.21203349E+02    0.18038561E+00   -0.42937904E-01
    0.21966861E+02    0.18038561E+00   -0.42970293E-01
    0.22846353E+02    0.18038561E+00   -0.43003542E-01
    0.23938390E+02    0.18038561E+00   -0.43039678E-01
    0.15648175E+02    0.18038561E+00   -0.42536975E-01
    0.15651790E+02    0.18038561E+00   -0.42537384E-01
    0.15680698E+02    0.18038561E+00   -0.42540645E-01
    0.15738478E+02    0.18038561E+00   -0.42547108E-01
    0.15825056E+02    0.18038561E+00   -0.42556660E-01
    0.15940336E+02    0.18038561E+00   -0.42569134E-01
    0.16084203E+02    0.18038561E+00   -0.42584323E-01
    0.16256544E+02    0.18038561E+00   -0.42601984E-01
    0.16457267E+02    0.18038561E+00   -0.42621851E-01
    0.16686320E+02    0.18038561E+00   -0.42643640E-01
    0.16943722E+02    0.18038561E+00   -0.42667067E-01
    0.17229595E+02    0.18038561E+00   -0.42691848E-01
    0.17544206E+02    0.18038561E+00   -0.42717714E-01
    0.17888014E+02    0.18038561E+00   -0.42744411E-01
    0.18261743E+02    0.18038561E+00   -0.42771713E-01
    0.18666464E+02    0.18038561E+00   -0.42799419E-01
    0.19103725E+02    0.18038561E+00   -0.42827362E-01
    0.19575731E+02    0.18038561E+00   -0.42855410E-01
    0.20085636E+02    0.18038561E+00   -0.42883472E-01
    0.20638009E+02    0.18038561E+00   -0.42911504E-01
    0.21239676E+02    0.18038561E+00   -0.42939527E-01
    0.21901358E+02    0.18038561E+00   -0.42967651E-01
    0.22641343E+02    0.18038561E+00   -0.42996148E-01
    0.23495601E+02    0.18038561E+00   -0.43025654E-01
    0.24558785E+02    0.18038561E+00   -0.43058019E-01
    0.16689663E+02    0.18038561E+00   -0.42643952E-01
    0.16693052E+02    0.18038561E+00   -0.42644267E-01
    0.16720161E+02    0.18038561E+00   -0.42646783E-01
    0.16774360E+02    0.18038561E+00   -0.42651776E-01
    0.16855619E+02    0.18038561E+00   -0.42659171E-01
    0.16963896E+02    0.18038561E+00   -0.42668857E-01
    0.17099153E+02    0.18038561E+00   -0.42680697E-01
    0.17261364E+02    0.18038561E+00   -0.42694525E-01
    0.17450533E+02    0.18038561E+00   -0.42710161E-01
    0.17666713E+02    0.18038561E+00   -0.42727408E-01
    0.17910031E+02    0.18038561E+00   -0.42746068E-01
    0.18180716E+02    0.18038561E+00   -0.42765939E-01
    0.18479140E+02    0.18038561E+00   -0.42786825E-01
    0.18805864E+02    0.18038561E+00   -0.42808543E-01
    0.19161699E+02    0.18038561E+00   -0.42830921E-01
    0.19547796E+02    0.18038561E+00   -0.42853807E-01
    0.19965765E+02    0.18038561E+00   -0.42877072E-01
    0.20417853E+02    0.18038561E+00   -0.42900610E-01
    0.20907230E+02    0.18038561E+00   -0.42924350E-01
    0.21438445E+02    0.18038561E+00   -0.42948257E-01
    0.22018249E+02    0.18038561E+00   -0.42972350E-01
    0.22657205E+02    0.18038561E+00   -0.42996727E-01
    0.23373273E+02    0.18038561E+00   -0.43021633E-01
    0.24201710E+02    0.18038561E+00   -0.43047642E-01
    0.25235162E+02    0.18038561E+00   -0.43076432E-01
    0.17795473E+02    0.18038561E+00   -0.42737379E-01
    0.17798652E+02    0.18038561E+00   -0.42737623E-01
    0.17824079E+02    0.18038561E+00   -0.42739565E-01
    0.17874932E+02    0.18038561E+00   -0.42743424E-01
    0.17951209E+02    0.18038561E+00   -0.42749150E-01
    0.18052917E+02    0.18038561E+00   -0.42756670E-01
    0.18180073E+02    0.18038561E+00   -0.42765892E-01
    0.18332723E+02    0.18038561E+00   -0.42776707E-01
    0.18510946E+02    0.18038561E+00   -0.42788991E-01
    0.18714881E+02    0.18038561E+00   -0.42802611E-01
    0.18944741E+02    0.18038561E+00   -0.42817430E-01
    0.19200845E+02    0.18038561E+00   -0.42833306E-01
    0.19483651E+02    0.18038561E+00   -0.42850101E-01
    0.19793800E+02    0.18038561E+00   -0.42867682E-01
    0.20132182E+02    0.18038561E+00   -0.42885925E-01
    0.20500009E+02    0.18038561E+00   -0.42904718E-01
    0.20898942E+02    0.18038561E+00   -0.42923962E-01
    0.21331262E+02    0.18038561E+00   -0.42943581E-01
    0.21800144E+02    0.18038561E+00   -0.42963519E-01
    0.22310108E+02    0.18038561E+00   -0.42983753E-01
    0.22867823E+02    0.18038561E+00   -0.43004304E-01
    0.23483674E+02    0.18038561E+00   -0.43025265E-01
    0.24175275E+02    0.18038561E+00   -0.43046854E-01
    0.24977125E+02    0.18038561E+00   -0.43069591E-01
    0.25979750E+02    0.18038561E+00   -0.43094991E-01
    0.18991777E+02    0.18038561E+00   -0.42820395E-01
    0.18994755E+02    0.18038561E+00   -0.42820582E-01
    0.19018583E+02    0.18038561E+00   -0.42822074E-01
    0.19066250E+02    0.18038561E+00   -0.42825043E-01
    0.19137780E+02    0.18038561E+00   -0.42829456E-01
    0.19233213E+02    0.18038561E+00   -0.42835266E-01
    0.19352617E+02    0.18038561E+00   -0.42842412E-01
    0.19496087E+02    0.18038561E+00   -0.42850822E-01
    0.19663770E+02    0.18038561E+00   -0.42860414E-01
    0.19855868E+02    0.18038561E+00   -0.42871100E-01
    0.20072666E+02    0.18038561E+00   -0.42882785E-01
    0.20314555E+02    0.18038561E+00   -0.42895373E-01
    0.20582064E+02    0.18038561E+00   -0.42908770E-01
    0.20875901E+02    0.18038561E+00   -0.42922881E-01
    0.21197015E+02    0.18038561E+00   -0.42937620E-01
    0.21546672E+02    0.18038561E+00   -0.42952907E-01
    0.21926570E+02    0.18038561E+00   -0.42968671E-01
    0.22339012E+02    0.18038561E+00   -0.42984857E-01
    0.22787167E+02    0.18038561E+00   -0.43001428E-01
    0.23275516E+02    0.18038561E+00   -0.43018373E-01
    0.23810628E+02    0.18038561E+00   -0.43035715E-01
    0.24402698E+02    0.18038561E+00   -0.43053541E-01
    0.25068957E+02    0.18038561E+00   -0.43072051E-01
    0.25843093E+02    0.18038561E+00   -0.43091710E-01
    0.26813357E+02    0.18038561E+00   -0.43113875E-01
    0.20329386E+02    0.18038561E+00   -0.42896130E-01
    0.20332169E+02    0.18038561E+00   -0.42896272E-01
    0.20354431E+02    0.18038561E+00   -0.42897405E-01
    0.20398977E+02    0.18038561E+00   -0.42899659E-01
    0.20465849E+02    0.18038561E+00   -0.42903016E-01
    0.20555118E+02    0.18038561E+00   -0.42907445E-01
    0.20666885E+02    0.18038561E+00   -0.42912907E-01
    0.20801293E+02    0.18038561E+00   -0.42919356E-01
    0.20958535E+02    0.18038561E+00   -0.42926741E-01
    0.21138871E+02    0.18038561E+00   -0.42935003E-01
    0.21342640E+02    0.18038561E+00   -0.42944081E-01
    0.21570292E+02    0.18038561E+00   -0.42953912E-01
    0.21822413E+02    0.18038561E+00   -0.42964433E-01
    0.22099765E+02    0.18038561E+00   -0.42975582E-01
    0.22403344E+02    0.18038561E+00   -0.42987299E-01
    0.22734455E+02    0.18038561E+00   -0.42999532E-01
    0.23094823E+02    0.18038561E+00   -0.43012233E-01
    0.23486758E+02    0.18038561E+00   -0.43025366E-01
    0.23913414E+02    0.18038561E+00   -0.43038908E-01
    0.24379212E+02    0.18038561E+00   -0.43052859E-01
    0.24890609E+02    0.18038561E+00   -0.43067248E-01
    0.25457573E+02    0.18038561E+00   -0.43082154E-01
    0.26096915E+02    0.18038561E+00   -0.43097760E-01
    0.26841420E+02    0.18038561E+00   -0.43114479E-01
    0.27776834E+02    0.18038561E+00   -0.43133510E-01
    0.21941516E+02    0.18038561E+00   -0.42969274E-01
    0.21944094E+02    0.18038561E+00   -0.42969378E-01
    0.21964723E+02    0.18038561E+00   -0.42970208E-01
    0.22006009E+02    0.18038561E+00   -0.42971861E-01
    0.22068012E+02    0.18038561E+00   -0.42974327E-01
    0.22150825E+02    0.18038561E+00   -0.42977587E-01
    0.22254580E+02    0.18038561E+00   -0.42981619E-01
    0.22379454E+02    0.18038561E+00   -0.42986395E-01
    0.22525683E+02    0.18038561E+00   -0.42991884E-01
    0.22693568E+02    0.18038561E+00   -0.42998051E-01
    0.22883498E+02    0.18038561E+00   -0.43004860E-01
    0.23095967E+02    0.18038561E+00   -0.43012272E-01
    0.23331607E+02    0.18038561E+00   -0.43020249E-01
    0.23591223E+02    0.18038561E+00   -0.43028752E-01
    0.23875845E+02    0.18038561E+00   -0.43037746E-01
    0.24186807E+02    0.18038561E+00   -0.43047198E-01
    0.24525844E+02    0.18038561E+00   -0.43057081E-01
    0.24895261E+02    0.18038561E+00   -0.43067374E-01
    0.25298173E+02    0.18038561E+00   -0.43078069E-01
    0.25738924E+02    0.18038561E+00   -0.43089172E-01
    0.26223817E+02    0.18038561E+00   -0.43100716E-01
    0.26762552E+02    0.18038561E+00   -0.43112777E-01
    0.27371430E+02    0.18038561E+00   -0.43125515E-01
    0.28082166E+02    0.18038561E+00   -0.43139290E-01
    0.28977555E+02    0.18038561E+00   -0.43155135E-01
