    0.21160454E-04    0.11131654E+00   -0.89664107E-07
    0.36231417E+00    0.11131654E+00   -0.15331764E-02
    0.10873231E+01    0.11131654E+00   -0.45513282E-02
    0.18134789E+01    0.11131654E+00   -0.74243736E-02
    0.25415640E+01    0.11131654E+00   -0.10053878E-01
    0.32723876E+01    0.11131654E+00   -0.12338798E-01
    0.40067988E+01    0.11131654E+00   -0.14174298E-01
    0.47457005E+01    0.11131654E+00   -0.15458112E-01
    0.54900659E+01    0.11131654E+00   -0.16273420E-01
    0.62409589E+01    0.11131654E+00   -0.16818302E-01
    0.69995588E+01    0.11131654E+00   -0.17200384E-01
    0.77671922E+01    0.11131654E+00   -0.17478640E-01
    0.85453742E+01    0.11131654E+00   -0.17687584E-01
    0.93358632E+01    0.11131654E+00   -0.17848507E-01
    0.10140736E+02    0.11131654E+00   -0.17975127E-01
    0.10962493E+02    0.11131654E+00   -0.18076607E-01
    0.11804214E+02    0.11131654E+00   -0.18159260E-01
    0.12669784E+02    0.11131654E+00   -0.18227559E-01
    0.13564263E+02    0.11131654E+00   -0.18284751E-01
    0.14494490E+02    0.11131654E+00   -0.18333252E-01
    0.15470171E+02    0.11131654E+00   -0.18374908E-01
    0.16506008E+02    0.11131654E+00   -0.18411186E-01
    0.17626503E+02    0.11131654E+00   -0.18443330E-01
    0.18879227E+02    0.11131654E+00   -0.18472569E-01
    0.20388890E+02    0.11131654E+00   -0.18500713E-01
    0.51407211E+00    0.11131654E+00   -0.21723784E-02
    0.62892106E+00    0.11131654E+00   -0.26541112E-02
    0.12027226E+01    0.11131654E+00   -0.50205145E-02
    0.18849340E+01    0.11131654E+00   -0.76951975E-02
    0.25930325E+01    0.11131654E+00   -0.10227608E-01
    0.33125203E+01    0.11131654E+00   -0.12451965E-01
    0.40396419E+01    0.11131654E+00   -0.14243949E-01
    0.47734624E+01    0.11131654E+00   -0.15495523E-01
    0.55140814E+01    0.11131654E+00   -0.16294364E-01
    0.62620953E+01    0.11131654E+00   -0.16830864E-01
    0.70184110E+01    0.11131654E+00   -0.17208331E-01
    0.77841856E+01    0.11131654E+00   -0.17483884E-01
    0.85608230E+01    0.11131654E+00   -0.17691163E-01
    0.93500060E+01    0.11131654E+00   -0.17851019E-01
    0.10153758E+02    0.11131654E+00   -0.17976931E-01
    0.10974540E+02    0.11131654E+00   -0.18077926E-01
    0.11815402E+02    0.11131654E+00   -0.18160241E-01
    0.12680209E+02    0.11131654E+00   -0.18228297E-01
    0.13574001E+02    0.11131654E+00   -0.18285312E-01
    0.14503604E+02    0.11131654E+00   -0.18333681E-01
    0.15478709E+02    0.11131654E+00   -0.18375238E-01
    0.16514011E+02    0.11131654E+00   -0.18411440E-01
    0.17633998E+02    0.11131654E+00   -0.18443525E-01
    0.18886224E+02    0.11131654E+00   -0.18472716E-01
    0.20395369E+02    0.11131654E+00   -0.18500820E-01
    0.11805166E+01    0.11131654E+00   -0.49305433E-02
    0.12348648E+01    0.11131654E+00   -0.51504680E-02
    0.16049582E+01    0.11131654E+00   -0.66205573E-02
    0.21638681E+01    0.11131654E+00   -0.87274207E-02
    0.28023502E+01    0.11131654E+00   -0.10915263E-01
    0.34788130E+01    0.11131654E+00   -0.12905821E-01
    0.41770871E+01    0.11131654E+00   -0.14522965E-01
    0.48903264E+01    0.11131654E+00   -0.15646077E-01
    0.56155537E+01    0.11131654E+00   -0.16379909E-01
    0.63516287E+01    0.11131654E+00   -0.16882693E-01
    0.70984113E+01    0.11131654E+00   -0.17241352E-01
    0.78563920E+01    0.11131654E+00   -0.17505786E-01
    0.86265312E+01    0.11131654E+00   -0.17706172E-01
    0.94102051E+01    0.11131654E+00   -0.17861585E-01
    0.10209219E+02    0.11131654E+00   -0.17984535E-01
    0.11025873E+02    0.11131654E+00   -0.18083500E-01
    0.11863097E+02    0.11131654E+00   -0.18164389E-01
    0.12724663E+02    0.11131654E+00   -0.18231422E-01
    0.13615537E+02    0.11131654E+00   -0.18287689E-01
    0.14542485E+02    0.11131654E+00   -0.18335502E-01
    0.15515147E+02    0.11131654E+00   -0.18376638E-01
    0.16548170E+02    0.11131654E+00   -0.18412518E-01
    0.17665991E+02    0.11131654E+00   -0.18444351E-01
    0.18916100E+02    0.11131654E+00   -0.18473340E-01
    0.20423037E+02    0.11131654E+00   -0.18501276E-01
    0.18521103E+01    0.11131654E+00   -0.75710982E-02
    0.18872159E+01    0.11131654E+00   -0.77038056E-02
    0.21476927E+01    0.11131654E+00   -0.86687099E-02
    0.25921069E+01    0.11131654E+00   -0.10224499E-01
    0.31448148E+01    0.11131654E+00   -0.11969994E-01
    0.37601640E+01    0.11131654E+00   -0.13615776E-01
    0.44141533E+01    0.11131654E+00   -0.14955332E-01
    0.50943092E+01    0.11131654E+00   -0.15884455E-01
    0.57940604E+01    0.11131654E+00   -0.16519625E-01
    0.65099831E+01    0.11131654E+00   -0.16969174E-01
    0.72404513E+01    0.11131654E+00   -0.17297303E-01
    0.79849601E+01    0.11131654E+00   -0.17543320E-01
    0.87437825E+01    0.11131654E+00   -0.17732118E-01
    0.95178072E+01    0.11131654E+00   -0.17879971E-01
    0.10308484E+02    0.11131654E+00   -0.17997838E-01
    0.11117849E+02    0.11131654E+00   -0.18093294E-01
    0.11948631E+02    0.11131654E+00   -0.18171703E-01
    0.12804442E+02    0.11131654E+00   -0.18236949E-01
    0.13690126E+02    0.11131654E+00   -0.18291903E-01
    0.14612343E+02    0.11131654E+00   -0.18338736E-01
    0.15580645E+02    0.11131654E+00   -0.18379131E-01
    0.16609594E+02    0.11131654E+00   -0.18414439E-01
    0.17723542E+02    0.11131654E+00   -0.18445825E-01
    0.18969858E+02    0.11131654E+00   -0.18474457E-01
    0.20472839E+02    0.11131654E+00   -0.18502092E-01
    0.25265242E+01    0.11131654E+00   -0.10002779E-01
    0.25523707E+01    0.11131654E+00   -0.10090503E-01
    0.27505629E+01    0.11131654E+00   -0.10748027E-01
    0.31099888E+01    0.11131654E+00   -0.11866966E-01
    0.35836953E+01    0.11131654E+00   -0.13179210E-01
    0.41342285E+01    0.11131654E+00   -0.14438144E-01
    0.47368514E+01    0.11131654E+00   -0.15446049E-01
    0.53763368E+01    0.11131654E+00   -0.16170394E-01
    0.60435212E+01    0.11131654E+00   -0.16694510E-01
    0.67329705E+01    0.11131654E+00   -0.17080750E-01
    0.74415823E+01    0.11131654E+00   -0.17371108E-01
    0.81677781E+01    0.11131654E+00   -0.17593665E-01
    0.89110463E+01    0.11131654E+00   -0.17767367E-01
    0.96716940E+01    0.11131654E+00   -0.17905204E-01
    0.10450734E+02    0.11131654E+00   -0.18016243E-01
    0.11249870E+02    0.11131654E+00   -0.18106932E-01
    0.12071569E+02    0.11131654E+00   -0.18181943E-01
    0.12919239E+02    0.11131654E+00   -0.18244721E-01
    0.13797556E+02    0.11131654E+00   -0.18297852E-01
    0.14713041E+02    0.11131654E+00   -0.18343318E-01
    0.15675124E+02    0.11131654E+00   -0.18382671E-01
    0.16698252E+02    0.11131654E+00   -0.18417174E-01
    0.17806654E+02    0.11131654E+00   -0.18447928E-01
    0.19047533E+02    0.11131654E+00   -0.18476053E-01
    0.20544833E+02    0.11131654E+00   -0.18503261E-01
    0.32039486E+01    0.11131654E+00   -0.12142643E-01
    0.32243694E+01    0.11131654E+00   -0.12201586E-01
    0.33834240E+01    0.11131654E+00   -0.12648479E-01
    0.36815747E+01    0.11131654E+00   -0.13425050E-01
    0.40896007E+01    0.11131654E+00   -0.14347711E-01
    0.45797169E+01    0.11131654E+00   -0.15220053E-01
    0.51302752E+01    0.11131654E+00   -0.15923562E-01
    0.57259899E+01    0.11131654E+00   -0.16467887E-01
    0.63565801E+01    0.11131654E+00   -0.16885495E-01
    0.70153299E+01    0.11131654E+00   -0.17207037E-01
    0.76979939E+01    0.11131654E+00   -0.17456927E-01
    0.84020570E+01    0.11131654E+00   -0.17653428E-01
    0.91262647E+01    0.11131654E+00   -0.17809894E-01
    0.98703408E+01    0.11131654E+00   -0.17936041E-01
    0.10634839E+02    0.11131654E+00   -0.18038970E-01
    0.11421101E+02    0.11131654E+00   -0.18123917E-01
    0.12231302E+02    0.11131654E+00   -0.18194786E-01
    0.13068615E+02    0.11131654E+00   -0.18254526E-01
    0.13937522E+02    0.11131654E+00   -0.18305395E-01
    0.14844377E+02    0.11131654E+00   -0.18349151E-01
    0.15798464E+02    0.11131654E+00   -0.18387195E-01
    0.16814089E+02    0.11131654E+00   -0.18420682E-01
    0.17915326E+02    0.11131654E+00   -0.18450633E-01
    0.19149164E+02    0.11131654E+00   -0.18478110E-01
    0.20639092E+02    0.11131654E+00   -0.18504771E-01
    0.38849892E+01    0.11131654E+00   -0.13906174E-01
    0.39018474E+01    0.11131654E+00   -0.13944191E-01
    0.40342797E+01    0.11131654E+00   -0.14232655E-01
    0.42874057E+01    0.11131654E+00   -0.14732016E-01
    0.46424874E+01    0.11131654E+00   -0.15313088E-01
    0.50795336E+01    0.11131654E+00   -0.15868148E-01
    0.55810016E+01    0.11131654E+00   -0.16351304E-01
    0.61330918E+01    0.11131654E+00   -0.16752154E-01
    0.67256201E+01    0.11131654E+00   -0.17077248E-01
    0.73513746E+01    0.11131654E+00   -0.17338757E-01
    0.80054334E+01    0.11131654E+00   -0.17549131E-01
    0.86846080E+01    0.11131654E+00   -0.17719155E-01
    0.93870423E+01    0.11131654E+00   -0.17857543E-01
    0.10111948E+02    0.11131654E+00   -0.17971115E-01
    0.10859451E+02    0.11131654E+00   -0.18065139E-01
    0.11630537E+02    0.11131654E+00   -0.18143673E-01
    0.12427091E+02    0.11131654E+00   -0.18209852E-01
    0.13252040E+02    0.11131654E+00   -0.18266111E-01
    0.14109655E+02    0.11131654E+00   -0.18314362E-01
    0.15006112E+02    0.11131654E+00   -0.18356122E-01
    0.15950527E+02    0.11131654E+00   -0.18392626E-01
    0.16957047E+02    0.11131654E+00   -0.18424910E-01
    0.18049564E+02    0.11131654E+00   -0.18453906E-01
    0.19274811E+02    0.11131654E+00   -0.18480608E-01
    0.20755721E+02    0.11131654E+00   -0.18506611E-01
    0.45704052E+01    0.11131654E+00   -0.15205924E-01
    0.45847438E+01    0.11131654E+00   -0.15227644E-01
    0.46979650E+01    0.11131654E+00   -0.15392227E-01
    0.49170428E+01    0.11131654E+00   -0.15678996E-01
    0.52295460E+01    0.11131654E+00   -0.16027344E-01
    0.56211319E+01    0.11131654E+00   -0.16384478E-01
    0.60780787E+01    0.11131654E+00   -0.16717052E-01
    0.65886476E+01    0.11131654E+00   -0.17009832E-01
    0.71434885E+01    0.11131654E+00   -0.17259471E-01
    0.77355137E+01    0.11131654E+00   -0.17468772E-01
    0.83595710E+01    0.11131654E+00   -0.17642963E-01
    0.90120963E+01    0.11131654E+00   -0.17787715E-01
    0.96908217E+01    0.11131654E+00   -0.17908256E-01
    0.10394563E+02    0.11131654E+00   -0.18009066E-01
    0.11123090E+02    0.11131654E+00   -0.18093845E-01
    0.11877073E+02    0.11131654E+00   -0.18165595E-01
    0.12658122E+02    0.11131654E+00   -0.18226732E-01
    0.13468928E+02    0.11131654E+00   -0.18279198E-01
    0.14313554E+02    0.11131654E+00   -0.18324562E-01
    0.15197988E+02    0.11131654E+00   -0.18364102E-01
    0.16131174E+02    0.11131654E+00   -0.18398877E-01
    0.17127081E+02    0.11131654E+00   -0.18429798E-01
    0.18209399E+02    0.11131654E+00   -0.18457706E-01
    0.19424567E+02    0.11131654E+00   -0.18483520E-01
    0.20894866E+02    0.11131654E+00   -0.18508765E-01
    0.52610588E+01    0.11131654E+00   -0.16059067E-01
    0.52735198E+01    0.11131654E+00   -0.16071454E-01
    0.53722445E+01    0.11131654E+00   -0.16166564E-01
    0.55648401E+01    0.11131654E+00   -0.16337741E-01
    0.58427979E+01    0.11131654E+00   -0.16555562E-01
    0.61957453E+01    0.11131654E+00   -0.16790996E-01
    0.66131064E+01    0.11131654E+00   -0.17022179E-01
    0.70852250E+01    0.11131654E+00   -0.17235987E-01
    0.76039176E+01    0.11131654E+00   -0.17426449E-01
    0.81626165E+01    0.11131654E+00   -0.17592290E-01
    0.87562871E+01    0.11131654E+00   -0.17734823E-01
    0.93812587E+01    0.11131654E+00   -0.17856530E-01
    0.10035047E+02    0.11131654E+00   -0.17960227E-01
    0.10716206E+02    0.11131654E+00   -0.18048641E-01
    0.11424240E+02    0.11131654E+00   -0.18124221E-01
    0.12159564E+02    0.11131654E+00   -0.18189081E-01
    0.12923552E+02    0.11131654E+00   -0.18245009E-01
    0.13718679E+02    0.11131654E+00   -0.18293498E-01
    0.14548813E+02    0.11131654E+00   -0.18335797E-01
    0.15419760E+02    0.11131654E+00   -0.18372950E-01
    0.16340285E+02    0.11131654E+00   -0.18405850E-01
    0.17324175E+02    0.11131654E+00   -0.18435282E-01
    0.18394900E+02    0.11131654E+00   -0.18461990E-01
    0.19598570E+02    0.11131654E+00   -0.18486818E-01
    0.21056722E+02    0.11131654E+00   -0.18511214E-01
    0.59579134E+01    0.11131654E+00   -0.16636967E-01
    0.59689198E+01    0.11131654E+00   -0.16644504E-01
    0.60563193E+01    0.11131654E+00   -0.16702903E-01
    0.62277956E+01    0.11131654E+00   -0.16810414E-01
    0.64773667E+01    0.11131654E+00   -0.16951879E-01
    0.67974446E+01    0.11131654E+00   -0.17110980E-01
    0.71799143E+01    0.11131654E+00   -0.17273864E-01
    0.76169814E+01    0.11131654E+00   -0.17430749E-01
    0.81017008E+01    0.11131654E+00   -0.17575862E-01
    0.86282269E+01    0.11131654E+00   -0.17706555E-01
    0.91918744E+01    0.11131654E+00   -0.17822266E-01
    0.97890759E+01    0.11131654E+00   -0.17923653E-01
    0.10417301E+02    0.11131654E+00   -0.18011985E-01
    0.11074975E+02    0.11131654E+00   -0.18088759E-01
    0.11761431E+02    0.11131654E+00   -0.18155485E-01
    0.12476898E+02    0.11131654E+00   -0.18213571E-01
    0.13222564E+02    0.11131654E+00   -0.18264282E-01
    0.14000720E+02    0.11131654E+00   -0.18308726E-01
    0.14815058E+02    0.11131654E+00   -0.18347862E-01
    0.15671215E+02    0.11131654E+00   -0.18382526E-01
    0.16577784E+02    0.11131654E+00   -0.18413447E-01
    0.17548363E+02    0.11131654E+00   -0.18441291E-01
    0.18606191E+02    0.11131654E+00   -0.18466710E-01
    0.19797018E+02    0.11131654E+00   -0.18490469E-01
    0.21241552E+02    0.11131654E+00   -0.18513939E-01
    0.66620484E+01    0.11131654E+00   -0.17046477E-01
    0.66718933E+01    0.11131654E+00   -0.17051300E-01
    0.67501970E+01    0.11131654E+00   -0.17088912E-01
    0.69044619E+01    0.11131654E+00   -0.17159297E-01
    0.71303882E+01    0.11131654E+00   -0.17254241E-01
    0.74223587E+01    0.11131654E+00   -0.17364313E-01
    0.77741447E+01    0.11131654E+00   -0.17480789E-01
    0.81795209E+01    0.11131654E+00   -0.17596783E-01
    0.86327117E+01    0.11131654E+00   -0.17707567E-01
    0.91286612E+01    0.11131654E+00   -0.17810351E-01
    0.96631626E+01    0.11131654E+00   -0.17903837E-01
    0.10232896E+02    0.11131654E+00   -0.17987743E-01
    0.10835419E+02    0.11131654E+00   -0.18062417E-01
    0.11469142E+02    0.11131654E+00   -0.18128545E-01
    0.12133318E+02    0.11131654E+00   -0.18186969E-01
    0.12828061E+02    0.11131654E+00   -0.18238565E-01
    0.13554422E+02    0.11131654E+00   -0.18284183E-01
    0.14314549E+02    0.11131654E+00   -0.18324611E-01
    0.15111986E+02    0.11131654E+00   -0.18360563E-01
    0.15952214E+02    0.11131654E+00   -0.18392686E-01
    0.16843665E+02    0.11131654E+00   -0.18421566E-01
    0.17799752E+02    0.11131654E+00   -0.18447755E-01
    0.18843474E+02    0.11131654E+00   -0.18471817E-01
    0.20020192E+02    0.11131654E+00   -0.18494442E-01
    0.21449702E+02    0.11131654E+00   -0.18516922E-01
    0.73746848E+01    0.11131654E+00   -0.17347231E-01
    0.73835796E+01    0.11131654E+00   -0.17350443E-01
    0.74544112E+01    0.11131654E+00   -0.17375614E-01
    0.75943849E+01    0.11131654E+00   -0.17423297E-01
    0.78003540E+01    0.11131654E+00   -0.17488841E-01
    0.80681160E+01    0.11131654E+00   -0.17566645E-01
    0.83928787E+01    0.11131654E+00   -0.17651181E-01
    0.87697006E+01    0.11131654E+00   -0.17737712E-01
    0.91938457E+01    0.11131654E+00   -0.17822634E-01
    0.96610322E+01    0.11131654E+00   -0.17903495E-01
    0.10167586E+02    0.11131654E+00   -0.17978838E-01
    0.10710521E+02    0.11131654E+00   -0.18047972E-01
    0.11287577E+02    0.11131654E+00   -0.18110739E-01
    0.11897240E+02    0.11131654E+00   -0.18167328E-01
    0.12538760E+02    0.11131654E+00   -0.18218129E-01
    0.13212200E+02    0.11131654E+00   -0.18263636E-01
    0.13918528E+02    0.11131654E+00   -0.18304385E-01
    0.14659788E+02    0.11131654E+00   -0.18340907E-01
    0.15439404E+02    0.11131654E+00   -0.18373716E-01
    0.16262725E+02    0.11131654E+00   -0.18403296E-01
    0.17138032E+02    0.11131654E+00   -0.18430108E-01
    0.18078558E+02    0.11131654E+00   -0.18454603E-01
    0.19107056E+02    0.11131654E+00   -0.18477262E-01
    0.20268478E+02    0.11131654E+00   -0.18498704E-01
    0.21681623E+02    0.11131654E+00   -0.18520139E-01
    0.80972220E+01    0.11131654E+00   -0.17574640E-01
    0.81053239E+01    0.11131654E+00   -0.17576850E-01
    0.81699006E+01    0.11131654E+00   -0.17594230E-01
    0.82978136E+01    0.11131654E+00   -0.17627463E-01
    0.84867280E+01    0.11131654E+00   -0.17673817E-01
    0.87334715E+01    0.11131654E+00   -0.17729878E-01
    0.90343479E+01    0.11131654E+00   -0.17792104E-01
    0.93854503E+01    0.11131654E+00   -0.17857265E-01
    0.97829356E+01    0.11131654E+00   -0.17922705E-01
    0.10223237E+02    0.11131654E+00   -0.17986437E-01
    0.10703216E+02    0.11131654E+00   -0.18047112E-01
    0.11220262E+02    0.11131654E+00   -0.18103916E-01
    0.11772359E+02    0.11131654E+00   -0.18156453E-01
    0.12358129E+02    0.11131654E+00   -0.18204628E-01
    0.12976884E+02    0.11131654E+00   -0.18248545E-01
    0.13628693E+02    0.11131654E+00   -0.18288437E-01
    0.14314484E+02    0.11131654E+00   -0.18324608E-01
    0.15036237E+02    0.11131654E+00   -0.18357396E-01
    0.15797286E+02    0.11131654E+00   -0.18387152E-01
    0.16602869E+02    0.11131654E+00   -0.18414230E-01
    0.17461133E+02    0.11131654E+00   -0.18438981E-01
    0.18385138E+02    0.11131654E+00   -0.18461768E-01
    0.19397387E+02    0.11131654E+00   -0.18482997E-01
    0.20542400E+02    0.11131654E+00   -0.18503221E-01
    0.21937908E+02    0.11131654E+00   -0.18523572E-01
    0.88312878E+01    0.11131654E+00   -0.17750809E-01
    0.88387169E+01    0.11131654E+00   -0.17752370E-01
    0.88979726E+01    0.11131654E+00   -0.17764683E-01
    0.90155615E+01    0.11131654E+00   -0.17788401E-01
    0.91897329E+01    0.11131654E+00   -0.17821867E-01
    0.94180765E+01    0.11131654E+00   -0.17862951E-01
    0.96977359E+01    0.11131654E+00   -0.17909355E-01
    0.10025633E+02    0.11131654E+00   -0.17958877E-01
    0.10398676E+02    0.11131654E+00   -0.18009595E-01
    0.10813936E+02    0.11131654E+00   -0.18059968E-01
    0.11268783E+02    0.11131654E+00   -0.18108846E-01
    0.11760991E+02    0.11131654E+00   -0.18155446E-01
    0.12288819E+02    0.11131654E+00   -0.18199287E-01
    0.12851069E+02    0.11131654E+00   -0.18240131E-01
    0.13447162E+02    0.11131654E+00   -0.18277914E-01
    0.14077212E+02    0.11131654E+00   -0.18312697E-01
    0.14742154E+02    0.11131654E+00   -0.18344624E-01
    0.15443933E+02    0.11131654E+00   -0.18373892E-01
    0.16185823E+02    0.11131654E+00   -0.18400726E-01
    0.16972975E+02    0.11131654E+00   -0.18425374E-01
    0.17813417E+02    0.11131654E+00   -0.18448098E-01
    0.18720041E+02    0.11131654E+00   -0.18469185E-01
    0.19715102E+02    0.11131654E+00   -0.18488976E-01
    0.20842669E+02    0.11131654E+00   -0.18507962E-01
    0.22219326E+02    0.11131654E+00   -0.18527199E-01
    0.95788073E+01    0.11131654E+00   -0.17890119E-01
    0.95856571E+01    0.11131654E+00   -0.17891247E-01
    0.96403227E+01    0.11131654E+00   -0.17900158E-01
    0.97489618E+01    0.11131654E+00   -0.17917424E-01
    0.99102521E+01    0.11131654E+00   -0.17942013E-01
    0.10122355E+02    0.11131654E+00   -0.17972569E-01
    0.10383063E+02    0.11131654E+00   -0.18007582E-01
    0.10689959E+02    0.11131654E+00   -0.18045545E-01
    0.11040579E+02    0.11131654E+00   -0.18085083E-01
    0.11432546E+02    0.11131654E+00   -0.18125025E-01
    0.11863700E+02    0.11131654E+00   -0.18164441E-01
    0.12332187E+02    0.11131654E+00   -0.18202640E-01
    0.12836548E+02    0.11131654E+00   -0.18239144E-01
    0.13375795E+02    0.11131654E+00   -0.18273657E-01
    0.13949483E+02    0.11131654E+00   -0.18306029E-01
    0.14557809E+02    0.11131654E+00   -0.18336215E-01
    0.15201744E+02    0.11131654E+00   -0.18364255E-01
    0.15883229E+02    0.11131654E+00   -0.18390242E-01
    0.16605504E+02    0.11131654E+00   -0.18414312E-01
    0.17373652E+02    0.11131654E+00   -0.18436628E-01
    0.18195596E+02    0.11131654E+00   -0.18457382E-01
    0.19084073E+02    0.11131654E+00   -0.18476796E-01
    0.20061086E+02    0.11131654E+00   -0.18495156E-01
    0.21170233E+02    0.11131654E+00   -0.18512896E-01
    0.22526881E+02    0.11131654E+00   -0.18531001E-01
    0.10342101E+02    0.11131654E+00   -0.18002257E-01
    0.10348446E+02    0.11131654E+00   -0.18003086E-01
    0.10399102E+02    0.11131654E+00   -0.18009650E-01
    0.10499894E+02    0.11131654E+00   -0.18022429E-01
    0.10649817E+02    0.11131654E+00   -0.18040767E-01
    0.10847469E+02    0.11131654E+00   -0.18063784E-01
    0.11091145E+02    0.11131654E+00   -0.18090476E-01
    0.11378960E+02    0.11131654E+00   -0.18119808E-01
    0.11708966E+02    0.11131654E+00   -0.18150798E-01
    0.12079264E+02    0.11131654E+00   -0.18182574E-01
    0.12488110E+02    0.11131654E+00   -0.18214402E-01
    0.12933999E+02    0.11131654E+00   -0.18245705E-01
    0.13415755E+02    0.11131654E+00   -0.18276049E-01
    0.13932602E+02    0.11131654E+00   -0.18305134E-01
    0.14484253E+02    0.11131654E+00   -0.18332769E-01
    0.15071009E+02    0.11131654E+00   -0.18358856E-01
    0.15693901E+02    0.11131654E+00   -0.18383366E-01
    0.16354892E+02    0.11131654E+00   -0.18406327E-01
    0.17057206E+02    0.11131654E+00   -0.18427807E-01
    0.17805878E+02    0.11131654E+00   -0.18447909E-01
    0.18608741E+02    0.11131654E+00   -0.18466766E-01
    0.19478382E+02    0.11131654E+00   -0.18484550E-01
    0.20436552E+02    0.11131654E+00   -0.18501498E-01
    0.21526362E+02    0.11131654E+00   -0.18517997E-01
    0.22861887E+02    0.11131654E+00   -0.18534960E-01
    0.11124028E+02    0.11131654E+00   -0.18093943E-01
    0.11129927E+02    0.11131654E+00   -0.18094562E-01
    0.11177042E+02    0.11131654E+00   -0.18099469E-01
    0.11270879E+02    0.11131654E+00   -0.18109058E-01
    0.11410677E+02    0.11131654E+00   -0.18122905E-01
    0.11595367E+02    0.11131654E+00   -0.18140431E-01
    0.11823639E+02    0.11131654E+00   -0.18160961E-01
    0.12094035E+02    0.11131654E+00   -0.18183781E-01
    0.12405032E+02    0.11131654E+00   -0.18208191E-01
    0.12755139E+02    0.11131654E+00   -0.18233546E-01
    0.13142976E+02    0.11131654E+00   -0.18259282E-01
    0.13567361E+02    0.11131654E+00   -0.18284930E-01
    0.14027381E+02    0.11131654E+00   -0.18310117E-01
    0.14522477E+02    0.11131654E+00   -0.18334566E-01
    0.15052526E+02    0.11131654E+00   -0.18358081E-01
    0.15617947E+02    0.11131654E+00   -0.18380536E-01
    0.16219848E+02    0.11131654E+00   -0.18401868E-01
    0.16860232E+02    0.11131654E+00   -0.18422058E-01
    0.17542327E+02    0.11131654E+00   -0.18441132E-01
    0.18271132E+02    0.11131654E+00   -0.18459147E-01
    0.19054401E+02    0.11131654E+00   -0.18476193E-01
    0.19904580E+02    0.11131654E+00   -0.18492401E-01
    0.20843167E+02    0.11131654E+00   -0.18507970E-01
    0.21912764E+02    0.11131654E+00   -0.18523241E-01
    0.23226081E+02    0.11131654E+00   -0.18539061E-01
    0.11928199E+02    0.11131654E+00   -0.18169970E-01
    0.11933700E+02    0.11131654E+00   -0.18170438E-01
    0.11977654E+02    0.11131654E+00   -0.18174149E-01
    0.12065266E+02    0.11131654E+00   -0.18181426E-01
    0.12195962E+02    0.11131654E+00   -0.18191988E-01
    0.12368931E+02    0.11131654E+00   -0.18205452E-01
    0.12583178E+02    0.11131654E+00   -0.18221359E-01
    0.12837586E+02    0.11131654E+00   -0.18239214E-01
    0.13130985E+02    0.11131654E+00   -0.18258520E-01
    0.13462225E+02    0.11131654E+00   -0.18278803E-01
    0.13830248E+02    0.11131654E+00   -0.18299635E-01
    0.14234156E+02    0.11131654E+00   -0.18320643E-01
    0.14673287E+02    0.11131654E+00   -0.18341520E-01
    0.15147286E+02    0.11131654E+00   -0.18362023E-01
    0.15656196E+02    0.11131654E+00   -0.18381967E-01
    0.16200562E+02    0.11131654E+00   -0.18401221E-01
    0.16781579E+02    0.11131654E+00   -0.18419705E-01
    0.17401303E+02    0.11131654E+00   -0.18437376E-01
    0.18062978E+02    0.11131654E+00   -0.18454229E-01
    0.18771579E+02    0.11131654E+00   -0.18470290E-01
    0.19534792E+02    0.11131654E+00   -0.18485620E-01
    0.20364926E+02    0.11131654E+00   -0.18500316E-01
    0.21283222E+02    0.11131654E+00   -0.18514544E-01
    0.22331752E+02    0.11131654E+00   -0.18528608E-01
    0.23621786E+02    0.11131654E+00   -0.18543292E-01
    0.12759316E+02    0.11131654E+00   -0.18233836E-01
    0.12764459E+02    0.11131654E+00   -0.18234192E-01
    0.12805562E+02    0.11131654E+00   -0.18237026E-01
    0.12887547E+02    0.11131654E+00   -0.18242596E-01
    0.13009985E+02    0.11131654E+00   -0.18250718E-01
    0.13172269E+02    0.11131654E+00   -0.18261133E-01
    0.13373653E+02    0.11131654E+00   -0.18273529E-01
    0.13613296E+02    0.11131654E+00   -0.18287561E-01
    0.13890319E+02    0.11131654E+00   -0.18302877E-01
    0.14203863E+02    0.11131654E+00   -0.18319130E-01
    0.14553143E+02    0.11131654E+00   -0.18335998E-01
    0.14937517E+02    0.11131654E+00   -0.18353194E-01
    0.15356548E+02    0.11131654E+00   -0.18370468E-01
    0.15810076E+02    0.11131654E+00   -0.18387615E-01
    0.16298303E+02    0.11131654E+00   -0.18404472E-01
    0.16821903E+02    0.11131654E+00   -0.18420916E-01
    0.17382164E+02    0.11131654E+00   -0.18436859E-01
    0.17981200E+02    0.11131654E+00   -0.18452249E-01
    0.18622282E+02    0.11131654E+00   -0.18467062E-01
    0.19310370E+02    0.11131654E+00   -0.18481306E-01
    0.20053088E+02    0.11131654E+00   -0.18495017E-01
    0.20862609E+02    0.11131654E+00   -0.18508269E-01
    0.21759912E+02    0.11131654E+00   -0.18521201E-01
    0.22786517E+02    0.11131654E+00   -0.18534085E-01
    0.24052172E+02    0.11131654E+00   -0.18547645E-01
    0.13623737E+02    0.11131654E+00   -0.18288156E-01
    0.13628554E+02    0.11131654E+00   -0.18288429E-01
    0.13667059E+02    0.11131654E+00   -0.18290607E-01
    0.13743905E+02    0.11131654E+00   -0.18294899E-01
    0.13858780E+02    0.11131654E+00   -0.18301180E-01
    0.14011236E+02    0.11131654E+00   -0.18309276E-01
    0.14200727E+02    0.11131654E+00   -0.18318973E-01
    0.14426638E+02    0.11131654E+00   -0.18330032E-01
    0.14688330E+02    0.11131654E+00   -0.18342202E-01
    0.14985186E+02    0.11131654E+00   -0.18355233E-01
    0.15316659E+02    0.11131654E+00   -0.18368885E-01
    0.15682331E+02    0.11131654E+00   -0.18382938E-01
    0.16081966E+02    0.11131654E+00   -0.18397196E-01
    0.16515586E+02    0.11131654E+00   -0.18411490E-01
    0.16983543E+02    0.11131654E+00   -0.18425681E-01
    0.17486637E+02    0.11131654E+00   -0.18439660E-01
    0.18026250E+02    0.11131654E+00   -0.18453343E-01
    0.18604560E+02    0.11131654E+00   -0.18466674E-01
    0.19224865E+02    0.11131654E+00   -0.18479621E-01
    0.19892121E+02    0.11131654E+00   -0.18492179E-01
    0.20613889E+02    0.11131654E+00   -0.18504369E-01
    0.21402208E+02    0.11131654E+00   -0.18516249E-01
    0.22277788E+02    0.11131654E+00   -0.18527934E-01
    0.23281568E+02    0.11131654E+00   -0.18539668E-01
    0.24521685E+02    0.11131654E+00   -0.18552119E-01
    0.14530486E+02    0.11131654E+00   -0.18334941E-01
    0.14535002E+02    0.11131654E+00   -0.18335152E-01
    0.14571112E+02    0.11131654E+00   -0.18336833E-01
    0.14643214E+02    0.11131654E+00   -0.18340151E-01
    0.14751087E+02    0.11131654E+00   -0.18345024E-01
    0.14894413E+02    0.11131654E+00   -0.18351332E-01
    0.15072805E+02    0.11131654E+00   -0.18358931E-01
    0.15285833E+02    0.11131654E+00   -0.18367654E-01
    0.15533057E+02    0.11131654E+00   -0.18377323E-01
    0.15814063E+02    0.11131654E+00   -0.18387759E-01
    0.16128510E+02    0.11131654E+00   -0.18398786E-01
    0.16476174E+02    0.11131654E+00   -0.18410238E-01
    0.16857000E+02    0.11131654E+00   -0.18421962E-01
    0.17271172E+02    0.11131654E+00   -0.18433826E-01
    0.17719186E+02    0.11131654E+00   -0.18445714E-01
    0.18201958E+02    0.11131654E+00   -0.18457532E-01
    0.18720964E+02    0.11131654E+00   -0.18469205E-01
    0.19278445E+02    0.11131654E+00   -0.18480680E-01
    0.19877733E+02    0.11131654E+00   -0.18491922E-01
    0.20523773E+02    0.11131654E+00   -0.18502920E-01
    0.21224071E+02    0.11131654E+00   -0.18513685E-01
    0.21990528E+02    0.11131654E+00   -0.18524261E-01
    0.22843569E+02    0.11131654E+00   -0.18534748E-01
    0.23823523E+02    0.11131654E+00   -0.18545364E-01
    0.25036810E+02    0.11131654E+00   -0.18556723E-01
    0.15493235E+02    0.11131654E+00   -0.18375797E-01
    0.15497471E+02    0.11131654E+00   -0.18375960E-01
    0.15531343E+02    0.11131654E+00   -0.18377258E-01
    0.15599008E+02    0.11131654E+00   -0.18379824E-01
    0.15700315E+02    0.11131654E+00   -0.18383604E-01
    0.15835052E+02    0.11131654E+00   -0.18388516E-01
    0.16002961E+02    0.11131654E+00   -0.18394463E-01
    0.16203765E+02    0.11131654E+00   -0.18401329E-01
    0.16437188E+02    0.11131654E+00   -0.18408991E-01
    0.16702991E+02    0.11131654E+00   -0.18417319E-01
    0.17001005E+02    0.11131654E+00   -0.18426188E-01
    0.17331175E+02    0.11131654E+00   -0.18435473E-01
    0.17693608E+02    0.11131654E+00   -0.18445060E-01
    0.18088634E+02    0.11131654E+00   -0.18454844E-01
    0.18516881E+02    0.11131654E+00   -0.18464735E-01
    0.18979373E+02    0.11131654E+00   -0.18474653E-01
    0.19477674E+02    0.11131654E+00   -0.18484536E-01
    0.20014089E+02    0.11131654E+00   -0.18494336E-01
    0.20591978E+02    0.11131654E+00   -0.18504019E-01
    0.21216281E+02    0.11131654E+00   -0.18513571E-01
    0.21894440E+02    0.11131654E+00   -0.18522999E-01
    0.22638212E+02    0.11131654E+00   -0.18532337E-01
    0.23467722E+02    0.11131654E+00   -0.18541672E-01
    0.24422644E+02    0.11131654E+00   -0.18551198E-01
    0.25607561E+02    0.11131654E+00   -0.18561480E-01
    0.16534770E+02    0.11131654E+00   -0.18412096E-01
    0.16538739E+02    0.11131654E+00   -0.18412221E-01
    0.16570483E+02    0.11131654E+00   -0.18413218E-01
    0.16633921E+02    0.11131654E+00   -0.18415194E-01
    0.16728962E+02    0.11131654E+00   -0.18418112E-01
    0.16855478E+02    0.11131654E+00   -0.18421917E-01
    0.17013320E+02    0.11131654E+00   -0.18426544E-01
    0.17202334E+02    0.11131654E+00   -0.18431915E-01
    0.17422384E+02    0.11131654E+00   -0.18437943E-01
    0.17673375E+02    0.11131654E+00   -0.18444541E-01
    0.17955290E+02    0.11131654E+00   -0.18451615E-01
    0.18268221E+02    0.11131654E+00   -0.18459079E-01
    0.18612416E+02    0.11131654E+00   -0.18466846E-01
    0.18988338E+02    0.11131654E+00   -0.18474838E-01
    0.19396730E+02    0.11131654E+00   -0.18482984E-01
    0.19838722E+02    0.11131654E+00   -0.18491222E-01
    0.20315956E+02    0.11131654E+00   -0.18499501E-01
    0.20830796E+02    0.11131654E+00   -0.18507779E-01
    0.21386628E+02    0.11131654E+00   -0.18516028E-01
    0.21988380E+02    0.11131654E+00   -0.18524233E-01
    0.22643427E+02    0.11131654E+00   -0.18532399E-01
    0.23363367E+02    0.11131654E+00   -0.18540555E-01
    0.24168000E+02    0.11131654E+00   -0.18548775E-01
    0.25096291E+02    0.11131654E+00   -0.18557235E-01
    0.26250818E+02    0.11131654E+00   -0.18566447E-01
    0.17699331E+02    0.11131654E+00   -0.18445206E-01
    0.17703039E+02    0.11131654E+00   -0.18445301E-01
    0.17732698E+02    0.11131654E+00   -0.18446058E-01
    0.17791993E+02    0.11131654E+00   -0.18447559E-01
    0.17880879E+02    0.11131654E+00   -0.18449781E-01
    0.17999301E+02    0.11131654E+00   -0.18452689E-01
    0.18147196E+02    0.11131654E+00   -0.18456239E-01
    0.18324518E+02    0.11131654E+00   -0.18460380E-01
    0.18531247E+02    0.11131654E+00   -0.18465054E-01
    0.18767415E+02    0.11131654E+00   -0.18470201E-01
    0.19033132E+02    0.11131654E+00   -0.18475758E-01
    0.19328621E+02    0.11131654E+00   -0.18481663E-01
    0.19654255E+02    0.11131654E+00   -0.18487854E-01
    0.20010613E+02    0.11131654E+00   -0.18494275E-01
    0.20398550E+02    0.11131654E+00   -0.18500873E-01
    0.20819283E+02    0.11131654E+00   -0.18507600E-01
    0.21274533E+02    0.11131654E+00   -0.18514418E-01
    0.21766711E+02    0.11131654E+00   -0.18521293E-01
    0.22299227E+02    0.11131654E+00   -0.18528202E-01
    0.22876987E+02    0.11131654E+00   -0.18535134E-01
    0.23507286E+02    0.11131654E+00   -0.18542091E-01
    0.24201541E+02    0.11131654E+00   -0.18549099E-01
    0.24979190E+02    0.11131654E+00   -0.18556223E-01
    0.25878398E+02    0.11131654E+00   -0.18563620E-01
    0.26999502E+02    0.11131654E+00   -0.18571751E-01
    0.19102896E+02    0.11131654E+00   -0.18477178E-01
    0.19106331E+02    0.11131654E+00   -0.18477247E-01
    0.19133816E+02    0.11131654E+00   -0.18477802E-01
    0.19188781E+02    0.11131654E+00   -0.18478903E-01
    0.19271227E+02    0.11131654E+00   -0.18480538E-01
    0.19381154E+02    0.11131654E+00   -0.18482683E-01
    0.19518583E+02    0.11131654E+00   -0.18485313E-01
    0.19683554E+02    0.11131654E+00   -0.18488395E-01
    0.19876153E+02    0.11131654E+00   -0.18491894E-01
    0.20096522E+02    0.11131654E+00   -0.18495770E-01
    0.20344888E+02    0.11131654E+00   -0.18499983E-01
    0.20621588E+02    0.11131654E+00   -0.18504492E-01
    0.20927113E+02    0.11131654E+00   -0.18509257E-01
    0.21262149E+02    0.11131654E+00   -0.18514239E-01
    0.21627648E+02    0.11131654E+00   -0.18519400E-01
    0.22024915E+02    0.11131654E+00   -0.18524709E-01
    0.22455736E+02    0.11131654E+00   -0.18530136E-01
    0.22922566E+02    0.11131654E+00   -0.18535657E-01
    0.23428825E+02    0.11131654E+00   -0.18541257E-01
    0.23979384E+02    0.11131654E+00   -0.18546926E-01
    0.24581432E+02    0.11131654E+00   -0.18552669E-01
    0.25246166E+02    0.11131654E+00   -0.18558508E-01
    0.25992581E+02    0.11131654E+00   -0.18564501E-01
    0.26857882E+02    0.11131654E+00   -0.18570785E-01
    0.27939711E+02    0.11131654E+00   -0.18577766E-01
