    0.21089324E-04    0.80831964E-07    0.18211680E-01
    0.36109627E+00    0.26646029E-03    0.18205051E-01
    0.10836681E+01    0.78992194E-03    0.18160927E-01
    0.18073830E+01    0.12851966E-02    0.18076627E-01
    0.25330206E+01    0.17340076E-02    0.17959587E-01
    0.32613876E+01    0.21187718E-02    0.17820455E-01
    0.39933302E+01    0.24225283E-02    0.17672148E-01
    0.47297480E+01    0.26310431E-02    0.17528501E-01
    0.54716113E+01    0.27649373E-02    0.17396386E-01
    0.62199802E+01    0.28568036E-02    0.17275411E-01
    0.69760301E+01    0.29237520E-02    0.17164130E-01
    0.77410832E+01    0.29751300E-02    0.17061118E-01
    0.85166493E+01    0.30163785E-02    0.16965117E-01
    0.93044811E+01    0.30508636E-02    0.16875023E-01
    0.10106648E+02    0.30807438E-02    0.16790003E-01
    0.10925643E+02    0.31074670E-02    0.16709097E-01
    0.11764534E+02    0.31320395E-02    0.16631672E-01
    0.12627195E+02    0.31552127E-02    0.16557061E-01
    0.13518667E+02    0.31775482E-02    0.16484569E-01
    0.14445768E+02    0.31995379E-02    0.16413610E-01
    0.15418168E+02    0.32216211E-02    0.16343492E-01
    0.16450524E+02    0.32442817E-02    0.16273223E-01
    0.17567252E+02    0.32681564E-02    0.16201433E-01
    0.18815765E+02    0.32943114E-02    0.16125951E-01
    0.20320353E+02    0.33253437E-02    0.16040534E-01
    0.51234408E+00    0.37748546E-03    0.18199349E-01
    0.62680697E+00    0.46111475E-03    0.18193761E-01
    0.11986797E+01    0.87106473E-03    0.18150033E-01
    0.18785978E+01    0.13316534E-02    0.18066422E-01
    0.25843161E+01    0.17634607E-02    0.17950344E-01
    0.33013854E+01    0.21376604E-02    0.17812416E-01
    0.40260629E+01    0.24339232E-02    0.17665530E-01
    0.47574166E+01    0.26371339E-02    0.17523340E-01
    0.54955461E+01    0.27684204E-02    0.17392332E-01
    0.62410456E+01    0.28589625E-02    0.17272161E-01
    0.69948190E+01    0.29251805E-02    0.17161495E-01
    0.77580194E+01    0.29761318E-02    0.17058949E-01
    0.85320462E+01    0.30171146E-02    0.16963285E-01
    0.93185763E+01    0.30514285E-02    0.16873472E-01
    0.10119626E+02    0.30811941E-02    0.16788683E-01
    0.10937650E+02    0.31078367E-02    0.16707955E-01
    0.11775685E+02    0.31323516E-02    0.16630675E-01
    0.12637585E+02    0.31554814E-02    0.16556193E-01
    0.13528372E+02    0.31777847E-02    0.16483802E-01
    0.14454850E+02    0.31997482E-02    0.16412936E-01
    0.15426678E+02    0.32218105E-02    0.16342896E-01
    0.16458500E+02    0.32444544E-02    0.16272696E-01
    0.17574722E+02    0.32683144E-02    0.16200967E-01
    0.18822739E+02    0.32944567E-02    0.16125539E-01
    0.20326811E+02    0.33254760E-02    0.16040179E-01
    0.11765483E+01    0.85551147E-03    0.18152201E-01
    0.12307138E+01    0.89352329E-03    0.18146834E-01
    0.15995632E+01    0.11470489E-02    0.18104507E-01
    0.21565944E+01    0.15082606E-02    0.18023683E-01
    0.27929303E+01    0.18797401E-02    0.17911783E-01
    0.34671191E+01    0.22132312E-02    0.17778979E-01
    0.41630460E+01    0.24794438E-02    0.17638007E-01
    0.48738878E+01    0.26616882E-02    0.17501835E-01
    0.55966772E+01    0.27826771E-02    0.17375377E-01
    0.63302780E+01    0.28678904E-02    0.17258547E-01
    0.70745503E+01    0.29311378E-02    0.17150367E-01
    0.78299830E+01    0.29803284E-02    0.17049734E-01
    0.85975335E+01    0.30202176E-02    0.16955534E-01
    0.93785731E+01    0.30538156E-02    0.16866901E-01
    0.10174901E+02    0.30831012E-02    0.16783049E-01
    0.10988810E+02    0.31094046E-02    0.16703104E-01
    0.11823220E+02    0.31336781E-02    0.16626423E-01
    0.12681889E+02    0.31566230E-02    0.16552487E-01
    0.13569769E+02    0.31787929E-02    0.16480541E-01
    0.14493601E+02    0.32006451E-02    0.16410064E-01
    0.15462994E+02    0.32226194E-02    0.16340359E-01
    0.16492544E+02    0.32451913E-02    0.16270446E-01
    0.17606607E+02    0.32689880E-02    0.16198986E-01
    0.18852514E+02    0.32950769E-02    0.16123776E-01
    0.20354386E+02    0.33260405E-02    0.16038662E-01
    0.18458845E+01    0.13103714E-02    0.18071151E-01
    0.18808722E+01    0.13331292E-02    0.18066090E-01
    0.21404733E+01    0.14982359E-02    0.18026278E-01
    0.25833937E+01    0.17629339E-02    0.17950511E-01
    0.31342436E+01    0.20570836E-02    0.17845702E-01
    0.37475243E+01    0.23307636E-02    0.17722011E-01
    0.43993153E+01    0.25495153E-02    0.17591469E-01
    0.50771849E+01    0.27007101E-02    0.17465009E-01
    0.57745839E+01    0.28060883E-02    0.17346050E-01
    0.64881001E+01    0.28828928E-02    0.17234787E-01
    0.72161129E+01    0.29413106E-02    0.17130784E-01
    0.79581190E+01    0.29875826E-02    0.17033431E-01
    0.87143907E+01    0.30256298E-02    0.16941844E-01
    0.94858135E+01    0.30580118E-02    0.16855277E-01
    0.10273832E+02    0.30864713E-02    0.16772972E-01
    0.11080477E+02    0.31121854E-02    0.16694402E-01
    0.11908466E+02    0.31360381E-02    0.16618860E-01
    0.12761400E+02    0.31586641E-02    0.16545844E-01
    0.13644107E+02    0.31805939E-02    0.16474715E-01
    0.14563224E+02    0.32022547E-02    0.16404930E-01
    0.15528271E+02    0.32240740E-02    0.16335822E-01
    0.16553761E+02    0.32465148E-02    0.16266395E-01
    0.17663965E+02    0.32701973E-02    0.16195439E-01
    0.18906092E+02    0.32961915E-02    0.16120608E-01
    0.20404020E+02    0.33270558E-02    0.16035944E-01
    0.25180314E+01    0.17253392E-02    0.17962267E-01
    0.25437910E+01    0.17402190E-02    0.17957656E-01
    0.27413170E+01    0.18515077E-02    0.17921458E-01
    0.30995347E+01    0.20398202E-02    0.17852559E-01
    0.35716489E+01    0.22585932E-02    0.17757736E-01
    0.41203315E+01    0.24656282E-02    0.17646546E-01
    0.47209287E+01    0.26290802E-02    0.17530150E-01
    0.53582645E+01    0.27478444E-02    0.17415753E-01
    0.60232062E+01    0.28356606E-02    0.17306093E-01
    0.67103380E+01    0.29024532E-02    0.17202110E-01
    0.74165678E+01    0.29549034E-02    0.17103734E-01
    0.81403225E+01    0.29974558E-02    0.17010741E-01
    0.88810922E+01    0.30330963E-02    0.16922611E-01
    0.96391831E+01    0.30638688E-02    0.16838804E-01
    0.10415605E+02    0.30912090E-02    0.16758803E-01
    0.11212054E+02    0.31161277E-02    0.16682041E-01
    0.12030991E+02    0.31393920E-02    0.16608098E-01
    0.12875812E+02    0.31615867E-02    0.16536370E-01
    0.13751176E+02    0.31831675E-02    0.16466397E-01
    0.14663584E+02    0.32045655E-02    0.16397584E-01
    0.15622432E+02    0.32261635E-02    0.16329260E-01
    0.16642122E+02    0.32484190E-02    0.16260567E-01
    0.17746798E+02    0.32719437E-02    0.16190312E-01
    0.18983506E+02    0.32977966E-02    0.16116089E-01
    0.20475772E+02    0.33285224E-02    0.16032063E-01
    0.31931786E+01    0.20859851E-02    0.17834047E-01
    0.32135308E+01    0.20958434E-02    0.17830008E-01
    0.33720508E+01    0.21704179E-02    0.17798175E-01
    0.36691993E+01    0.22992753E-02    0.17737920E-01
    0.40758537E+01    0.24508761E-02    0.17655482E-01
    0.45643224E+01    0.25923805E-02    0.17559708E-01
    0.51130300E+01    0.27071324E-02    0.17458633E-01
    0.57067422E+01    0.27973962E-02    0.17357162E-01
    0.63352127E+01    0.28683743E-02    0.17257800E-01
    0.69917482E+01    0.29249476E-02    0.17161925E-01
    0.76721174E+01    0.29709975E-02    0.17070001E-01
    0.83738138E+01    0.30094155E-02    0.16982208E-01
    0.90955872E+01    0.30423007E-02    0.16898257E-01
    0.98371621E+01    0.30711809E-02    0.16817892E-01
    0.10599091E+02    0.30971869E-02    0.16740639E-01
    0.11382709E+02    0.31211462E-02    0.16666315E-01
    0.12190187E+02    0.31437015E-02    0.16594246E-01
    0.13024686E+02    0.31653424E-02    0.16524174E-01
    0.13890671E+02    0.31865027E-02    0.16455608E-01
    0.14794478E+02    0.32075568E-02    0.16388018E-01
    0.15745358E+02    0.32288783E-02    0.16320776E-01
    0.16757569E+02    0.32509022E-02    0.16253039E-01
    0.17855104E+02    0.32742293E-02    0.16183635E-01
    0.19084795E+02    0.32998893E-02    0.16110256E-01
    0.20569714E+02    0.33304476E-02    0.16026943E-01
    0.38719300E+01    0.23785606E-02    0.17696732E-01
    0.38887315E+01    0.23848043E-02    0.17693323E-01
    0.40207187E+01    0.24320762E-02    0.17666610E-01
    0.42729937E+01    0.25133956E-02    0.17616183E-01
    0.46268818E+01    0.26074739E-02    0.17547848E-01
    0.50624590E+01    0.26980334E-02    0.17467638E-01
    0.55622413E+01    0.27779044E-02    0.17381121E-01
    0.61124757E+01    0.28454785E-02    0.17292100E-01
    0.67030122E+01    0.29018347E-02    0.17203175E-01
    0.73266633E+01    0.29489221E-02    0.17115828E-01
    0.79785235E+01    0.29887139E-02    0.17030862E-01
    0.86554151E+01    0.30229189E-02    0.16948732E-01
    0.93554881E+01    0.30529004E-02    0.16869423E-01
    0.10077957E+02    0.30797452E-02    0.16792924E-01
    0.10822947E+02    0.31042785E-02    0.16718962E-01
    0.11591442E+02    0.31271549E-02    0.16647212E-01
    0.12385318E+02    0.31488949E-02    0.16577506E-01
    0.13207494E+02    0.31699090E-02    0.16509367E-01
    0.14062226E+02    0.31905688E-02    0.16442454E-01
    0.14955669E+02    0.32112257E-02    0.16376344E-01
    0.15896910E+02    0.32322127E-02    0.16310367E-01
    0.16900046E+02    0.32539610E-02    0.16243819E-01
    0.17988891E+02    0.32770458E-02    0.16175465E-01
    0.19210020E+02    0.33024840E-02    0.16102958E-01
    0.20685952E+02    0.33328315E-02    0.16020595E-01
    0.45550420E+01    0.25900896E-02    0.17561475E-01
    0.45693324E+01    0.25936115E-02    0.17558755E-01
    0.46821730E+01    0.26203282E-02    0.17537423E-01
    0.49005144E+01    0.26670636E-02    0.17496954E-01
    0.52119671E+01    0.27242094E-02    0.17441174E-01
    0.56022368E+01    0.27834399E-02    0.17374452E-01
    0.60576475E+01    0.28394963E-02    0.17300667E-01
    0.65665002E+01    0.28899876E-02    0.17223150E-01
    0.71194760E+01    0.29344211E-02    0.17144126E-01
    0.77095111E+01    0.29732484E-02    0.17065170E-01
    0.83314707E+01    0.30072996E-02    0.16987303E-01
    0.89818025E+01    0.30374693E-02    0.16911095E-01
    0.96582464E+01    0.30645851E-02    0.16836778E-01
    0.10359622E+02    0.30893504E-02    0.16764359E-01
    0.11085700E+02    0.31123429E-02    0.16693906E-01
    0.11837149E+02    0.31340654E-02    0.16625178E-01
    0.12615573E+02    0.31549116E-02    0.16558031E-01
    0.13423653E+02    0.31752330E-02    0.16492108E-01
    0.14265440E+02    0.31953424E-02    0.16427115E-01
    0.15146901E+02    0.32155444E-02    0.16362614E-01
    0.16076950E+02    0.32361614E-02    0.16298147E-01
    0.17069509E+02    0.32575802E-02    0.16232952E-01
    0.18148189E+02    0.32803837E-02    0.16165726E-01
    0.19359272E+02    0.33055708E-02    0.16094434E-01
    0.20824629E+02    0.33356598E-02    0.16013168E-01
    0.52433740E+01    0.27294417E-02    0.17435668E-01
    0.52557931E+01    0.27314864E-02    0.17433497E-01
    0.53541860E+01    0.27472103E-02    0.17416454E-01
    0.55461342E+01    0.27756434E-02    0.17383817E-01
    0.58231576E+01    0.28121411E-02    0.17338150E-01
    0.61749186E+01    0.28521192E-02    0.17282394E-01
    0.65908768E+01    0.28921488E-02    0.17219560E-01
    0.70614083E+01    0.29301674E-02    0.17152197E-01
    0.75783574E+01    0.29652483E-02    0.17082306E-01
    0.81351782E+01    0.29971840E-02    0.17011378E-01
    0.87268532E+01    0.30261978E-02    0.16940395E-01
    0.93497240E+01    0.30526713E-02    0.16870054E-01
    0.10001314E+02    0.30770574E-02    0.16800776E-01
    0.10680184E+02    0.30997869E-02    0.16732716E-01
    0.11385838E+02    0.31212374E-02    0.16666026E-01
    0.12118690E+02    0.31417734E-02    0.16600415E-01
    0.12880110E+02    0.31616957E-02    0.16536016E-01
    0.13672564E+02    0.31812795E-02    0.16472494E-01
    0.14499908E+02    0.32007911E-02    0.16409598E-01
    0.15367927E+02    0.32205027E-02    0.16347024E-01
    0.16285358E+02    0.32407026E-02    0.16284156E-01
    0.17265940E+02    0.32617642E-02    0.16220452E-01
    0.18333067E+02    0.32842517E-02    0.16154618E-01
    0.19532690E+02    0.33091459E-02    0.16084497E-01
    0.20985941E+02    0.33389567E-02    0.16004553E-01
    0.59378861E+01    0.28258923E-02    0.17319674E-01
    0.59488556E+01    0.28271695E-02    0.17317919E-01
    0.60359613E+01    0.28370883E-02    0.17304079E-01
    0.62068611E+01    0.28554491E-02    0.17277440E-01
    0.64555933E+01    0.28798824E-02    0.17239652E-01
    0.67745953E+01    0.29078036E-02    0.17192797E-01
    0.71557793E+01    0.29370364E-02    0.17139094E-01
    0.75913772E+01    0.29660567E-02    0.17080588E-01
    0.80744673E+01    0.29939461E-02    0.17018903E-01
    0.85992235E+01    0.30202971E-02    0.16955335E-01
    0.91609763E+01    0.30450235E-02    0.16890954E-01
    0.97561704E+01    0.30682220E-02    0.16826422E-01
    0.10382283E+02    0.30901047E-02    0.16762106E-01
    0.11037747E+02    0.31108933E-02    0.16698461E-01
    0.11721895E+02    0.31308427E-02    0.16635474E-01
    0.12434958E+02    0.31502036E-02    0.16573254E-01
    0.13178117E+02    0.31691787E-02    0.16511748E-01
    0.13953657E+02    0.31879996E-02    0.16450750E-01
    0.14765258E+02    0.32068907E-02    0.16390146E-01
    0.15618537E+02    0.32260773E-02    0.16329531E-01
    0.16522058E+02    0.32458298E-02    0.16268493E-01
    0.17489374E+02    0.32665085E-02    0.16206315E-01
    0.18543647E+02    0.32886486E-02    0.16142011E-01
    0.19730472E+02    0.33132296E-02    0.16073304E-01
    0.21170150E+02    0.33427113E-02    0.15994714E-01
    0.66396542E+01    0.28964131E-02    0.17212410E-01
    0.66494660E+01    0.28972613E-02    0.17210977E-01
    0.67275065E+01    0.29038957E-02    0.17199616E-01
    0.68812529E+01    0.29163970E-02    0.17177514E-01
    0.71064197E+01    0.29334723E-02    0.17145938E-01
    0.73974088E+01    0.29536436E-02    0.17106307E-01
    0.77480122E+01    0.29755405E-02    0.17060230E-01
    0.81520258E+01    0.29980729E-02    0.17009292E-01
    0.86036933E+01    0.30205070E-02    0.16954808E-01
    0.90979756E+01    0.30424008E-02    0.16897990E-01
    0.96306803E+01    0.30635484E-02    0.16839709E-01
    0.10198499E+02    0.30839101E-02    0.16780638E-01
    0.10798996E+02    0.31035299E-02    0.16721272E-01
    0.11430589E+02    0.31225383E-02    0.16661902E-01
    0.12092533E+02    0.31410645E-02    0.16602693E-01
    0.12784940E+02    0.31592680E-02    0.16543887E-01
    0.13508859E+02    0.31773091E-02    0.16485344E-01
    0.14266431E+02    0.31953655E-02    0.16427040E-01
    0.15061187E+02    0.32136147E-02    0.16368732E-01
    0.15898591E+02    0.32322497E-02    0.16310254E-01
    0.16787046E+02    0.32515374E-02    0.16251131E-01
    0.17739919E+02    0.32717986E-02    0.16190739E-01
    0.18780132E+02    0.32935693E-02    0.16128044E-01
    0.19952895E+02    0.33178005E-02    0.16060865E-01
    0.21377600E+02    0.33469390E-02    0.15983782E-01
    0.73498951E+01    0.29504853E-02    0.17112702E-01
    0.73587600E+01    0.29510784E-02    0.17111508E-01
    0.74293536E+01    0.29557399E-02    0.17102021E-01
    0.75688567E+01    0.29646562E-02    0.17083560E-01
    0.77741335E+01    0.29770800E-02    0.17056886E-01
    0.80409954E+01    0.29921369E-02    0.17023058E-01
    0.83646664E+01    0.30089604E-02    0.16983306E-01
    0.87402216E+01    0.30268053E-02    0.16938843E-01
    0.91629410E+01    0.30451047E-02    0.16890735E-01
    0.96285571E+01    0.30634683E-02    0.16839935E-01
    0.10133408E+02    0.30816712E-02    0.16787281E-01
    0.10674518E+02    0.30996064E-02    0.16733266E-01
    0.11249634E+02    0.31172417E-02    0.16678565E-01
    0.11857248E+02    0.31346231E-02    0.16623387E-01
    0.12496611E+02    0.31518150E-02    0.16568005E-01
    0.13167788E+02    0.31689217E-02    0.16512584E-01
    0.13871742E+02    0.31860515E-02    0.16457074E-01
    0.14610510E+02    0.32033452E-02    0.16401463E-01
    0.15387505E+02    0.32209387E-02    0.16345646E-01
    0.16208059E+02    0.32390181E-02    0.16289380E-01
    0.17080424E+02    0.32578139E-02    0.16232252E-01
    0.18017788E+02    0.32776524E-02    0.16173697E-01
    0.19042829E+02    0.32990225E-02    0.16112671E-01
    0.20200346E+02    0.33228818E-02    0.16047112E-01
    0.21608742E+02    0.33516506E-02    0.15971757E-01
    0.80700036E+01    0.29937058E-02    0.17019456E-01
    0.80780782E+01    0.29941402E-02    0.17018455E-01
    0.81424379E+01    0.29975675E-02    0.17010479E-01
    0.82699209E+01    0.30041827E-02    0.16994778E-01
    0.84582002E+01    0.30135606E-02    0.16972099E-01
    0.87041144E+01    0.30251602E-02    0.16943041E-01
    0.90039793E+01    0.30384200E-02    0.16908577E-01
    0.93539016E+01    0.30528374E-02    0.16869596E-01
    0.97500507E+01    0.30679968E-02    0.16827068E-01
    0.10188872E+02    0.30835805E-02    0.16781622E-01
    0.10667237E+02    0.30993742E-02    0.16733973E-01
    0.11182546E+02    0.31152486E-02    0.16684788E-01
    0.11732786E+02    0.31311489E-02    0.16634503E-01
    0.12316587E+02    0.31470695E-02    0.16583407E-01
    0.12933263E+02    0.31630391E-02    0.16531647E-01
    0.13582880E+02    0.31791116E-02    0.16479511E-01
    0.14266367E+02    0.31953640E-02    0.16427045E-01
    0.14985693E+02    0.32119074E-02    0.16374168E-01
    0.15744184E+02    0.32288524E-02    0.16320857E-01
    0.16547059E+02    0.32463701E-02    0.16266839E-01
    0.17402439E+02    0.32646689E-02    0.16211818E-01
    0.18323337E+02    0.32840488E-02    0.16155199E-01
    0.19332183E+02    0.33050107E-02    0.16095990E-01
    0.20473348E+02    0.33284728E-02    0.16032194E-01
    0.21864165E+02    0.33568486E-02    0.15958500E-01
    0.88016018E+01    0.30295719E-02    0.16931750E-01
    0.88090059E+01    0.30299030E-02    0.16930898E-01
    0.88680624E+01    0.30325233E-02    0.16924107E-01
    0.89852561E+01    0.30376176E-02    0.16910702E-01
    0.91588421E+01    0.30449352E-02    0.16891192E-01
    0.93864180E+01    0.30541256E-02    0.16866046E-01
    0.96651374E+01    0.30648434E-02    0.16836047E-01
    0.99919323E+01    0.30767262E-02    0.16801744E-01
    0.10363722E+02    0.30894871E-02    0.16763951E-01
    0.10777585E+02    0.31028597E-02    0.16723332E-01
    0.11230903E+02    0.31166872E-02    0.16680295E-01
    0.11721457E+02    0.31308304E-02    0.16635513E-01
    0.12247510E+02    0.31452330E-02    0.16589329E-01
    0.12807871E+02    0.31598555E-02    0.16541984E-01
    0.13401960E+02    0.31747034E-02    0.16493831E-01
    0.14029892E+02    0.31898040E-02    0.16444917E-01
    0.14692599E+02    0.32052306E-02    0.16395462E-01
    0.15392019E+02    0.32210391E-02    0.16345329E-01
    0.16131415E+02    0.32373486E-02    0.16294493E-01
    0.16915921E+02    0.32542998E-02    0.16242792E-01
    0.17753538E+02    0.32720860E-02    0.16189895E-01
    0.18657115E+02    0.32910110E-02    0.16135241E-01
    0.19648831E+02    0.33115472E-02    0.16077961E-01
    0.20772607E+02    0.33346000E-02    0.16015943E-01
    0.22144637E+02    0.33625458E-02    0.15944118E-01
    0.95466086E+01    0.30603532E-02    0.16848719E-01
    0.95534353E+01    0.30606145E-02    0.16847984E-01
    0.96079172E+01    0.30626882E-02    0.16842138E-01
    0.97161911E+01    0.30667459E-02    0.16830644E-01
    0.98769393E+01    0.30726209E-02    0.16813717E-01
    0.10088329E+02    0.30801067E-02    0.16791868E-01
    0.10348160E+02    0.30889679E-02    0.16765503E-01
    0.10654025E+02    0.30989519E-02    0.16735259E-01
    0.11003466E+02    0.31098515E-02    0.16701715E-01
    0.11394116E+02    0.31214785E-02    0.16665262E-01
    0.11823821E+02    0.31336948E-02    0.16626369E-01
    0.12290732E+02    0.31463823E-02    0.16585625E-01
    0.12793399E+02    0.31594848E-02    0.16543184E-01
    0.13330833E+02    0.31729593E-02    0.16499467E-01
    0.13902592E+02    0.31867866E-02    0.16454686E-01
    0.14508874E+02    0.32009985E-02    0.16408935E-01
    0.15150644E+02    0.32156286E-02    0.16362348E-01
    0.15829838E+02    0.32307373E-02    0.16314943E-01
    0.16549686E+02    0.32464268E-02    0.16266665E-01
    0.17315252E+02    0.32628135E-02    0.16217338E-01
    0.18134433E+02    0.32800954E-02    0.16166564E-01
    0.19019923E+02    0.32985495E-02    0.16113988E-01
    0.19993651E+02    0.33186392E-02    0.16058581E-01
    0.21099070E+02    0.33412627E-02    0.15998500E-01
    0.22451158E+02    0.33687636E-02    0.15928610E-01
    0.10307337E+02    0.30876003E-02    0.16769592E-01
    0.10313660E+02    0.30878127E-02    0.16768957E-01
    0.10364146E+02    0.30895012E-02    0.16763909E-01
    0.10464599E+02    0.30928217E-02    0.16753955E-01
    0.10614018E+02    0.30976677E-02    0.16739172E-01
    0.10811006E+02    0.31039055E-02    0.16720114E-01
    0.11053863E+02    0.31113814E-02    0.16696930E-01
    0.11340710E+02    0.31199194E-02    0.16670187E-01
    0.11669607E+02    0.31293691E-02    0.16640148E-01
    0.12038660E+02    0.31396008E-02    0.16607423E-01
    0.12446131E+02    0.31504966E-02    0.16572299E-01
    0.12890522E+02    0.31619593E-02    0.16535158E-01
    0.13370658E+02    0.31739374E-02    0.16496312E-01
    0.13885768E+02    0.31863859E-02    0.16455988E-01
    0.14435565E+02    0.31993016E-02    0.16414368E-01
    0.15020349E+02    0.32126924E-02    0.16371666E-01
    0.15641146E+02    0.32265774E-02    0.16327959E-01
    0.16299915E+02    0.32410192E-02    0.16283178E-01
    0.16999869E+02    0.32560910E-02    0.16237401E-01
    0.17746025E+02    0.32719274E-02    0.16190360E-01
    0.18546188E+02    0.32887016E-02    0.16141861E-01
    0.19412906E+02    0.33066791E-02    0.16091337E-01
    0.20367856E+02    0.33263162E-02    0.16037922E-01
    0.21454002E+02    0.33484973E-02    0.15979801E-01
    0.22785038E+02    0.33755384E-02    0.15911943E-01
    0.11086635E+02    0.31123711E-02    0.16693818E-01
    0.11092514E+02    0.31125483E-02    0.16693260E-01
    0.11139471E+02    0.31139597E-02    0.16688824E-01
    0.11232992E+02    0.31167491E-02    0.16680102E-01
    0.11372321E+02    0.31208432E-02    0.16667273E-01
    0.11556389E+02    0.31261565E-02    0.16650402E-01
    0.11783894E+02    0.31325812E-02    0.16629941E-01
    0.12053381E+02    0.31400012E-02    0.16606127E-01
    0.12363333E+02    0.31483120E-02    0.16579393E-01
    0.12712263E+02    0.31574031E-02    0.16549945E-01
    0.13098797E+02    0.31672008E-02    0.16518162E-01
    0.13521755E+02    0.31776234E-02    0.16484325E-01
    0.13980229E+02    0.31886291E-02    0.16448712E-01
    0.14473661E+02    0.32001836E-02    0.16411541E-01
    0.15001927E+02    0.32122755E-02    0.16372994E-01
    0.15565448E+02    0.32249006E-02    0.16333234E-01
    0.16165326E+02    0.32380870E-02    0.16292238E-01
    0.16803557E+02    0.32518929E-02    0.16250064E-01
    0.17483359E+02    0.32663813E-02    0.16206695E-01
    0.18209714E+02    0.32816739E-02    0.16161994E-01
    0.18990350E+02    0.32979382E-02    0.16115693E-01
    0.19837672E+02    0.33154295E-02    0.16067323E-01
    0.20773104E+02    0.33346101E-02    0.16015916E-01
    0.21839105E+02    0.33563397E-02    0.15959785E-01
    0.23148007E+02    0.33828937E-02    0.15894040E-01
    0.11888103E+02    0.31354766E-02    0.16620653E-01
    0.11893586E+02    0.31356280E-02    0.16620169E-01
    0.11937392E+02    0.31368334E-02    0.16616322E-01
    0.12024709E+02    0.31392209E-02    0.16608652E-01
    0.12154966E+02    0.31427538E-02    0.16597277E-01
    0.12327353E+02    0.31473558E-02    0.16582483E-01
    0.12540880E+02    0.31529687E-02    0.16564273E-01
    0.12794433E+02    0.31595113E-02    0.16543098E-01
    0.13086845E+02    0.31669019E-02    0.16519129E-01
    0.13416972E+02    0.31750700E-02    0.16492639E-01
    0.13783758E+02    0.31839482E-02    0.16463881E-01
    0.14186309E+02    0.31934917E-02    0.16433066E-01
    0.14623964E+02    0.32036549E-02    0.16400479E-01
    0.15096369E+02    0.32144074E-02    0.16366216E-01
    0.15603568E+02    0.32257458E-02    0.16330575E-01
    0.16146104E+02    0.32376684E-02    0.16293516E-01
    0.16725169E+02    0.32502045E-02    0.16255141E-01
    0.17342810E+02    0.32634009E-02    0.16215595E-01
    0.18002260E+02    0.32773265E-02    0.16174647E-01
    0.18708479E+02    0.32920786E-02    0.16132213E-01
    0.19469127E+02    0.33078375E-02    0.16088106E-01
    0.20296471E+02    0.33248543E-02    0.16041846E-01
    0.21211680E+02    0.33435576E-02    0.15992522E-01
    0.22256685E+02    0.33648215E-02    0.15938453E-01
    0.23542382E+02    0.33908779E-02    0.15874838E-01
    0.12716426E+02    0.31575099E-02    0.16549597E-01
    0.12721552E+02    0.31576415E-02    0.16549169E-01
    0.12762517E+02    0.31586928E-02    0.16545751E-01
    0.12844226E+02    0.31607840E-02    0.16538976E-01
    0.12966252E+02    0.31638709E-02    0.16528944E-01
    0.13127991E+02    0.31679299E-02    0.16515802E-01
    0.13328698E+02    0.31729068E-02    0.16499636E-01
    0.13567535E+02    0.31787386E-02    0.16480717E-01
    0.13843628E+02    0.31853803E-02    0.16459252E-01
    0.14156117E+02    0.31927834E-02    0.16435340E-01
    0.14504223E+02    0.32008909E-02    0.16409279E-01
    0.14887306E+02    0.32096704E-02    0.16381299E-01
    0.15304928E+02    0.32190953E-02    0.16351456E-01
    0.15756931E+02    0.32291333E-02    0.16319979E-01
    0.16243517E+02    0.32397912E-02    0.16286984E-01
    0.16765357E+02    0.32510700E-02    0.16252535E-01
    0.17323734E+02    0.32629943E-02    0.16216802E-01
    0.17920757E+02    0.32756129E-02    0.16179628E-01
    0.18559684E+02    0.32889833E-02    0.16141064E-01
    0.19245459E+02    0.33032178E-02    0.16100923E-01
    0.19985680E+02    0.33184753E-02    0.16059026E-01
    0.20792480E+02    0.33350047E-02    0.16014882E-01
    0.21686767E+02    0.33532346E-02    0.15967700E-01
    0.22709921E+02    0.33740186E-02    0.15915693E-01
    0.23971322E+02    0.33995555E-02    0.15854257E-01
    0.13577942E+02    0.31789916E-02    0.16479899E-01
    0.13582743E+02    0.31791083E-02    0.16479522E-01
    0.13621118E+02    0.31800386E-02    0.16476513E-01
    0.13697706E+02    0.31818841E-02    0.16470539E-01
    0.13812194E+02    0.31846288E-02    0.16461684E-01
    0.13964138E+02    0.31882480E-02    0.16449945E-01
    0.14152992E+02    0.31927100E-02    0.16435576E-01
    0.14378144E+02    0.31979698E-02    0.16418648E-01
    0.14638956E+02    0.32039998E-02    0.16399383E-01
    0.14934814E+02    0.32107515E-02    0.16377857E-01
    0.15265173E+02    0.32182033E-02    0.16354250E-01
    0.15629615E+02    0.32263224E-02    0.16328760E-01
    0.16027908E+02    0.32350899E-02    0.16301496E-01
    0.16460069E+02    0.32444884E-02    0.16272593E-01
    0.16926454E+02    0.32545244E-02    0.16242112E-01
    0.17427857E+02    0.32652074E-02    0.16210206E-01
    0.17965655E+02    0.32765576E-02    0.16176886E-01
    0.18542021E+02    0.32886146E-02    0.16142107E-01
    0.19160242E+02    0.33014517E-02    0.16105861E-01
    0.19825254E+02    0.33151747E-02    0.16068010E-01
    0.20544596E+02    0.33299321E-02    0.16028321E-01
    0.21330266E+02    0.33459742E-02    0.15986272E-01
    0.22202902E+02    0.33637290E-02    0.15941168E-01
    0.23203308E+02    0.33840132E-02    0.15891361E-01
    0.24439257E+02    0.34090185E-02    0.15832216E-01
    0.14481642E+02    0.32003684E-02    0.16410950E-01
    0.14486144E+02    0.32004726E-02    0.16410616E-01
    0.14522132E+02    0.32013051E-02    0.16407956E-01
    0.14593992E+02    0.32029646E-02    0.16402672E-01
    0.14701502E+02    0.32054345E-02    0.16394810E-01
    0.14844346E+02    0.32086925E-02    0.16384405E-01
    0.15022139E+02    0.32127329E-02    0.16371537E-01
    0.15234451E+02    0.32175128E-02    0.16356412E-01
    0.15480843E+02    0.32230172E-02    0.16339118E-01
    0.15760905E+02    0.32292208E-02    0.16319705E-01
    0.16074295E+02    0.32361035E-02    0.16298328E-01
    0.16420790E+02    0.32436380E-02    0.16275185E-01
    0.16800336E+02    0.32518236E-02    0.16250272E-01
    0.17213115E+02    0.32606440E-02    0.16223787E-01
    0.17659624E+02    0.32701059E-02    0.16195707E-01
    0.18140773E+02    0.32802283E-02    0.16166177E-01
    0.18658034E+02    0.32910301E-02    0.16135186E-01
    0.19213641E+02    0.33025591E-02    0.16102749E-01
    0.19810914E+02    0.33148806E-02    0.16068803E-01
    0.20454784E+02    0.33280933E-02    0.16033196E-01
    0.21152727E+02    0.33423562E-02    0.15995638E-01
    0.21916608E+02    0.33579127E-02    0.15955816E-01
    0.22766781E+02    0.33751690E-02    0.15912856E-01
    0.23743441E+02    0.33949491E-02    0.15865156E-01
    0.24952650E+02    0.34193903E-02    0.15808440E-01
    0.15441155E+02    0.32221328E-02    0.16341883E-01
    0.15445377E+02    0.32222268E-02    0.16341588E-01
    0.15479135E+02    0.32229792E-02    0.16339236E-01
    0.15546572E+02    0.32244812E-02    0.16334549E-01
    0.15647539E+02    0.32267188E-02    0.16327516E-01
    0.15781823E+02    0.32296812E-02    0.16318261E-01
    0.15949168E+02    0.32333626E-02    0.16306852E-01
    0.16149297E+02    0.32377380E-02    0.16293304E-01
    0.16381936E+02    0.32427971E-02    0.16277742E-01
    0.16646845E+02    0.32485206E-02    0.16260257E-01
    0.16943857E+02    0.32548956E-02    0.16240990E-01
    0.17272917E+02    0.32619124E-02    0.16220012E-01
    0.17634132E+02    0.32695686E-02    0.16197283E-01
    0.18027830E+02    0.32778630E-02    0.16173082E-01
    0.18454637E+02    0.32867884E-02    0.16147275E-01
    0.18915575E+02    0.32963884E-02    0.16120050E-01
    0.19412201E+02    0.33066645E-02    0.16091377E-01
    0.19946813E+02    0.33176752E-02    0.16061208E-01
    0.20522759E+02    0.33294843E-02    0.16029515E-01
    0.21144964E+02    0.33421980E-02    0.15996050E-01
    0.21820843E+02    0.33559683E-02    0.15960726E-01
    0.22562114E+02    0.33710187E-02    0.15923066E-01
    0.23388836E+02    0.33877705E-02    0.15882277E-01
    0.24340548E+02    0.34070215E-02    0.15836873E-01
    0.25521482E+02    0.34308840E-02    0.15782553E-01
    0.16479189E+02    0.32449023E-02    0.16271329E-01
    0.16483145E+02    0.32449879E-02    0.16271068E-01
    0.16514782E+02    0.32456724E-02    0.16268975E-01
    0.16578007E+02    0.32470381E-02    0.16264792E-01
    0.16672728E+02    0.32490770E-02    0.16258561E-01
    0.16798819E+02    0.32517909E-02    0.16250370E-01
    0.16956131E+02    0.32551574E-02    0.16240201E-01
    0.17144509E+02    0.32591851E-02    0.16228146E-01
    0.17363819E+02    0.32638484E-02    0.16214265E-01
    0.17613967E+02    0.32691433E-02    0.16198530E-01
    0.17894934E+02    0.32750690E-02    0.16181203E-01
    0.18206813E+02    0.32816131E-02    0.16162169E-01
    0.18549852E+02    0.32887781E-02    0.16141645E-01
    0.18924509E+02    0.32965739E-02    0.16119526E-01
    0.19331529E+02    0.33049971E-02    0.16096027E-01
    0.19772035E+02    0.33140832E-02    0.16070961E-01
    0.20247665E+02    0.33238531E-02    0.16044518E-01
    0.20760774E+02    0.33343589E-02    0.16016575E-01
    0.21314738E+02    0.33456577E-02    0.15987092E-01
    0.21914467E+02    0.33578692E-02    0.15955926E-01
    0.22567312E+02    0.33711244E-02    0.15922807E-01
    0.23284832E+02    0.33856647E-02    0.15887350E-01
    0.24086761E+02    0.34018922E-02    0.15848824E-01
    0.25011931E+02    0.34205919E-02    0.15805730E-01
    0.26162577E+02    0.34438329E-02    0.15753955E-01
    0.17639835E+02    0.32696888E-02    0.16196930E-01
    0.17643531E+02    0.32697667E-02    0.16196702E-01
    0.17673090E+02    0.32703896E-02    0.16194876E-01
    0.17732186E+02    0.32716354E-02    0.16191219E-01
    0.17820774E+02    0.32735051E-02    0.16185739E-01
    0.17938797E+02    0.32759926E-02    0.16178527E-01
    0.18086195E+02    0.32790854E-02    0.16169510E-01
    0.18262921E+02    0.32827878E-02    0.16158801E-01
    0.18468955E+02    0.32870876E-02    0.16146419E-01
    0.18704329E+02    0.32919923E-02    0.16132455E-01
    0.18969153E+02    0.32974995E-02    0.16116921E-01
    0.19263648E+02    0.33035940E-02    0.16099887E-01
    0.19588188E+02    0.33102926E-02    0.16081378E-01
    0.19943348E+02    0.33176039E-02    0.16061403E-01
    0.20329981E+02    0.33255409E-02    0.16040005E-01
    0.20749300E+02    0.33341252E-02    0.16017189E-01
    0.21203020E+02    0.33433812E-02    0.15992978E-01
    0.21693543E+02    0.33533724E-02    0.15967347E-01
    0.22224269E+02    0.33641629E-02    0.15940089E-01
    0.22800087E+02    0.33758429E-02    0.15911190E-01
    0.23428267E+02    0.33885683E-02    0.15880369E-01
    0.24120189E+02    0.34025694E-02    0.15847251E-01
    0.24895223E+02    0.34182300E-02    0.15811058E-01
    0.25791409E+02    0.34363342E-02    0.15770404E-01
    0.26908745E+02    0.34589075E-02    0.15721399E-01
    0.19038682E+02    0.32989369E-02    0.16112909E-01
    0.19042106E+02    0.32990076E-02    0.16112713E-01
    0.19069498E+02    0.32995732E-02    0.16111138E-01
    0.19124279E+02    0.33007061E-02    0.16107965E-01
    0.19206447E+02    0.33024100E-02    0.16103165E-01
    0.19316006E+02    0.33046762E-02    0.16096914E-01
    0.19452972E+02    0.33075050E-02    0.16089031E-01
    0.19617389E+02    0.33108969E-02    0.16079737E-01
    0.19809340E+02    0.33148483E-02    0.16068890E-01
    0.20028968E+02    0.33193649E-02    0.16056618E-01
    0.20276499E+02    0.33244447E-02    0.16042940E-01
    0.20552270E+02    0.33300896E-02    0.16027901E-01
    0.20856767E+02    0.33363159E-02    0.16011454E-01
    0.21190677E+02    0.33431296E-02    0.15993629E-01
    0.21554947E+02    0.33505563E-02    0.15974554E-01
    0.21950879E+02    0.33586082E-02    0.15954061E-01
    0.22380252E+02    0.33673289E-02    0.15932196E-01
    0.22845513E+02    0.33767627E-02    0.15908916E-01
    0.23350070E+02    0.33869859E-02    0.15884154E-01
    0.23898779E+02    0.33980912E-02    0.15857724E-01
    0.24498803E+02    0.34102187E-02    0.15829414E-01
    0.25161303E+02    0.34236075E-02    0.15798905E-01
    0.25905208E+02    0.34386373E-02    0.15765359E-01
    0.26767601E+02    0.34560497E-02    0.15727540E-01
    0.27845793E+02    0.34778319E-02    0.15681599E-01
