    0.21089324E-04    0.15424242E-07    0.18211680E-01
    0.36109627E+00    0.26375185E-03    0.18211680E-01
    0.10836681E+01    0.78322922E-03    0.18211680E-01
    0.18073830E+01    0.12785438E-02    0.18211680E-01
    0.25330206E+01    0.17333046E-02    0.18211680E-01
    0.32613876E+01    0.21306863E-02    0.18211680E-01
    0.39933302E+01    0.24532323E-02    0.18211680E-01
    0.47297480E+01    0.26842465E-02    0.18211680E-01
    0.54716113E+01    0.28393014E-02    0.18211680E-01
    0.62199802E+01    0.29508675E-02    0.18211680E-01
    0.69760301E+01    0.30363711E-02    0.18211680E-01
    0.77410832E+01    0.31053823E-02    0.18211680E-01
    0.85166493E+01    0.31635251E-02    0.18211680E-01
    0.93044811E+01    0.32142948E-02    0.18211680E-01
    0.10106648E+02    0.32599727E-02    0.18211680E-01
    0.10925643E+02    0.33021177E-02    0.18211680E-01
    0.11764534E+02    0.33418464E-02    0.18211680E-01
    0.12627195E+02    0.33800031E-02    0.18211680E-01
    0.13518667E+02    0.34172711E-02    0.18211680E-01
    0.14445768E+02    0.34542549E-02    0.18211680E-01
    0.15418168E+02    0.34915571E-02    0.18211680E-01
    0.16450524E+02    0.35298752E-02    0.18211680E-01
    0.17567252E+02    0.35701781E-02    0.18211680E-01
    0.18815765E+02    0.36141547E-02    0.18211680E-01
    0.20320353E+02    0.36660053E-02    0.18211680E-01
    0.51234408E+00    0.37372946E-03    0.18211680E-01
    0.62680697E+00    0.45662455E-03    0.18211680E-01
    0.11986797E+01    0.86404527E-03    0.18211680E-01
    0.18785978E+01    0.13253018E-02    0.18211680E-01
    0.25843161E+01    0.17634262E-02    0.18211680E-01
    0.33013854E+01    0.21504565E-02    0.18211680E-01
    0.40260629E+01    0.24655842E-02    0.18211680E-01
    0.47574166E+01    0.26911610E-02    0.18211680E-01
    0.54955461E+01    0.28434379E-02    0.18211680E-01
    0.62410456E+01    0.29535595E-02    0.18211680E-01
    0.69948190E+01    0.30382458E-02    0.18211680E-01
    0.77580194E+01    0.31067620E-02    0.18211680E-01
    0.85320462E+01    0.31645875E-02    0.18211680E-01
    0.93185763E+01    0.32151438E-02    0.18211680E-01
    0.10119626E+02    0.32606722E-02    0.18211680E-01
    0.10937650E+02    0.33027084E-02    0.18211680E-01
    0.11775685E+02    0.33423554E-02    0.18211680E-01
    0.12637585E+02    0.33804490E-02    0.18211680E-01
    0.13528372E+02    0.34176668E-02    0.18211680E-01
    0.14454850E+02    0.34546098E-02    0.18211680E-01
    0.15426678E+02    0.34918779E-02    0.18211680E-01
    0.16458500E+02    0.35301670E-02    0.18211680E-01
    0.17574722E+02    0.35704443E-02    0.18211680E-01
    0.18822739E+02    0.36143976E-02    0.18211680E-01
    0.20326811E+02    0.36662256E-02    0.18211680E-01
    0.11765483E+01    0.84854625E-03    0.18211680E-01
    0.12307138E+01    0.88643346E-03    0.18211680E-01
    0.15995632E+01    0.11398445E-02    0.18211680E-01
    0.21565944E+01    0.15036648E-02    0.18211680E-01
    0.27929303E+01    0.18827800E-02    0.18211680E-01
    0.34671191E+01    0.22298657E-02    0.18211680E-01
    0.41630460E+01    0.25151971E-02    0.18211680E-01
    0.48738878E+01    0.27191482E-02    0.18211680E-01
    0.55966772E+01    0.28604391E-02    0.18211680E-01
    0.63302780E+01    0.29647390E-02    0.18211680E-01
    0.70745503E+01    0.30460878E-02    0.18211680E-01
    0.78299830E+01    0.31125633E-02    0.18211680E-01
    0.85975335E+01    0.31690715E-02    0.18211680E-01
    0.93785731E+01    0.32187372E-02    0.18211680E-01
    0.10174901E+02    0.32636386E-02    0.18211680E-01
    0.10988810E+02    0.33052174E-02    0.18211680E-01
    0.11823220E+02    0.33445201E-02    0.18211680E-01
    0.12681889E+02    0.33823469E-02    0.18211680E-01
    0.13569769E+02    0.34193524E-02    0.18211680E-01
    0.14493601E+02    0.34561223E-02    0.18211680E-01
    0.15462994E+02    0.34932459E-02    0.18211680E-01
    0.16492544E+02    0.35314114E-02    0.18211680E-01
    0.17606607E+02    0.35715802E-02    0.18211680E-01
    0.18852514E+02    0.36154347E-02    0.18211680E-01
    0.20354386E+02    0.36671662E-02    0.18211680E-01
    0.18458845E+01    0.13038741E-02    0.18211680E-01
    0.18808722E+01    0.13267882E-02    0.18211680E-01
    0.21404733E+01    0.14935129E-02    0.18211680E-01
    0.25833937E+01    0.17628872E-02    0.18211680E-01
    0.31342436E+01    0.20663287E-02    0.18211680E-01
    0.37475243E+01    0.23545624E-02    0.18211680E-01
    0.43993153E+01    0.25926227E-02    0.18211680E-01
    0.50771849E+01    0.27640549E-02    0.18211680E-01
    0.57745839E+01    0.28886066E-02    0.18211680E-01
    0.64881001E+01    0.29836737E-02    0.18211680E-01
    0.72161129E+01    0.30595786E-02    0.18211680E-01
    0.79581190E+01    0.31226563E-02    0.18211680E-01
    0.87143907E+01    0.31769374E-02    0.18211680E-01
    0.94858135E+01    0.32250795E-02    0.18211680E-01
    0.10273832E+02    0.32688984E-02    0.18211680E-01
    0.11080477E+02    0.33096818E-02    0.18211680E-01
    0.11908466E+02    0.33483820E-02    0.18211680E-01
    0.12761400E+02    0.33857396E-02    0.18211680E-01
    0.13644107E+02    0.34223704E-02    0.18211680E-01
    0.14563224E+02    0.34588338E-02    0.18211680E-01
    0.15528271E+02    0.34957009E-02    0.18211680E-01
    0.16553761E+02    0.35336465E-02    0.18211680E-01
    0.17663965E+02    0.35736217E-02    0.18211680E-01
    0.18906092E+02    0.36172995E-02    0.18211680E-01
    0.20404020E+02    0.36688585E-02    0.18211680E-01
    0.25180314E+01    0.17244470E-02    0.18211680E-01
    0.25437910E+01    0.17396537E-02    0.18211680E-01
    0.27413170E+01    0.18537335E-02    0.18211680E-01
    0.30995347E+01    0.20483683E-02    0.18211680E-01
    0.35716489E+01    0.22778057E-02    0.18211680E-01
    0.41203315E+01    0.25000904E-02    0.18211680E-01
    0.47209287E+01    0.26820202E-02    0.18211680E-01
    0.53582645E+01    0.28190917E-02    0.18211680E-01
    0.60232062E+01    0.29246797E-02    0.18211680E-01
    0.67103380E+01    0.30086884E-02    0.18211680E-01
    0.74165678E+01    0.30778056E-02    0.18211680E-01
    0.81403225E+01    0.31365190E-02    0.18211680E-01
    0.88810922E+01    0.31878737E-02    0.18211680E-01
    0.96391831E+01    0.32339783E-02    0.18211680E-01
    0.10415605E+02    0.32763293E-02    0.18211680E-01
    0.11212054E+02    0.33160220E-02    0.18211680E-01
    0.12030991E+02    0.33538886E-02    0.18211680E-01
    0.12875812E+02    0.33905924E-02    0.18211680E-01
    0.13751176E+02    0.34266978E-02    0.18211680E-01
    0.14663584E+02    0.34627293E-02    0.18211680E-01
    0.15622432E+02    0.34992332E-02    0.18211680E-01
    0.16642122E+02    0.35368665E-02    0.18211680E-01
    0.17746798E+02    0.35765658E-02    0.18211680E-01
    0.18983506E+02    0.36199912E-02    0.18211680E-01
    0.20475772E+02    0.36713031E-02    0.18211680E-01
    0.31931786E+01    0.20964433E-02    0.18211680E-01
    0.32135308E+01    0.21067298E-02    0.18211680E-01
    0.33720508E+01    0.21848149E-02    0.18211680E-01
    0.36691993E+01    0.23209955E-02    0.18211680E-01
    0.40758537E+01    0.24840084E-02    0.18211680E-01
    0.45643224E+01    0.26405819E-02    0.18211680E-01
    0.51130300E+01    0.27715005E-02    0.18211680E-01
    0.57067422E+01    0.28781143E-02    0.18211680E-01
    0.63352127E+01    0.29653469E-02    0.18211680E-01
    0.69917482E+01    0.30379401E-02    0.18211680E-01
    0.76721174E+01    0.30997058E-02    0.18211680E-01
    0.83738138E+01    0.31535159E-02    0.18211680E-01
    0.90955872E+01    0.32014885E-02    0.18211680E-01
    0.98371621E+01    0.32451850E-02    0.18211680E-01
    0.10599091E+02    0.32857700E-02    0.18211680E-01
    0.11382709E+02    0.33241315E-02    0.18211680E-01
    0.12190187E+02    0.33609687E-02    0.18211680E-01
    0.13024686E+02    0.33968571E-02    0.18211680E-01
    0.13890671E+02    0.34323021E-02    0.18211680E-01
    0.14794478E+02    0.34677870E-02    0.18211680E-01
    0.15745358E+02    0.35038289E-02    0.18211680E-01
    0.16757569E+02    0.35410627E-02    0.18211680E-01
    0.17855104E+02    0.35804079E-02    0.18211680E-01
    0.19084795E+02    0.36235081E-02    0.18211680E-01
    0.20569714E+02    0.36745007E-02    0.18211680E-01
    0.38719300E+01    0.24057879E-02    0.18211680E-01
    0.38887315E+01    0.24125057E-02    0.18211680E-01
    0.40207187E+01    0.24635805E-02    0.18211680E-01
    0.42729937E+01    0.25525349E-02    0.18211680E-01
    0.46268818E+01    0.26575806E-02    0.18211680E-01
    0.50624590E+01    0.27609571E-02    0.18211680E-01
    0.55622413E+01    0.28547346E-02    0.18211680E-01
    0.61124757E+01    0.29367999E-02    0.18211680E-01
    0.67030122E+01    0.30078922E-02    0.18211680E-01
    0.73266633E+01    0.30697519E-02    0.18211680E-01
    0.79785235E+01    0.31242366E-02    0.18211680E-01
    0.86554151E+01    0.31729889E-02    0.18211680E-01
    0.93554881E+01    0.32173585E-02    0.18211680E-01
    0.10077957E+02    0.32584224E-02    0.18211680E-01
    0.10822947E+02    0.32970361E-02    0.18211680E-01
    0.11591442E+02    0.33338861E-02    0.18211680E-01
    0.12385318E+02    0.33695378E-02    0.18211680E-01
    0.13207494E+02    0.34044763E-02    0.18211680E-01
    0.14062226E+02    0.34391445E-02    0.18211680E-01
    0.14955669E+02    0.34739811E-02    0.18211680E-01
    0.15896910E+02    0.35094712E-02    0.18211680E-01
    0.16900046E+02    0.35462253E-02    0.18211680E-01
    0.17988891E+02    0.35851428E-02    0.18211680E-01
    0.19210020E+02    0.36278487E-02    0.18211680E-01
    0.20685952E+02    0.36784524E-02    0.18211680E-01
    0.45550420E+01    0.26380073E-02    0.18211680E-01
    0.45693324E+01    0.26419660E-02    0.18211680E-01
    0.46821730E+01    0.26721057E-02    0.18211680E-01
    0.49005144E+01    0.27253040E-02    0.18211680E-01
    0.52119671E+01    0.27913794E-02    0.18211680E-01
    0.56022368E+01    0.28613520E-02    0.18211680E-01
    0.60576475E+01    0.29294047E-02    0.18211680E-01
    0.65665002E+01    0.29927078E-02    0.18211680E-01
    0.71194760E+01    0.30504278E-02    0.18211680E-01
    0.77095111E+01    0.31027953E-02    0.18211680E-01
    0.83314707E+01    0.31504938E-02    0.18211680E-01
    0.89818025E+01    0.31943277E-02    0.18211680E-01
    0.96582464E+01    0.32350708E-02    0.18211680E-01
    0.10359622E+02    0.32734097E-02    0.18211680E-01
    0.11085700E+02    0.33099350E-02    0.18211680E-01
    0.11837149E+02    0.33451529E-02    0.18211680E-01
    0.12615573E+02    0.33795041E-02    0.18211680E-01
    0.13423653E+02    0.34133867E-02    0.18211680E-01
    0.14265440E+02    0.34471815E-02    0.18211680E-01
    0.15146901E+02    0.34812826E-02    0.18211680E-01
    0.16076950E+02    0.35161415E-02    0.18211680E-01
    0.17069509E+02    0.35523429E-02    0.18211680E-01
    0.18148189E+02    0.35907651E-02    0.18211680E-01
    0.19359272E+02    0.36330116E-02    0.18211680E-01
    0.20824629E+02    0.36831603E-02    0.18211680E-01
    0.52433740E+01    0.27974922E-02    0.18211680E-01
    0.52557931E+01    0.27998841E-02    0.18211680E-01
    0.53541860E+01    0.28183447E-02    0.18211680E-01
    0.55461342E+01    0.28520368E-02    0.18211680E-01
    0.58231576E+01    0.28959402E-02    0.18211680E-01
    0.61749186E+01    0.29450389E-02    0.18211680E-01
    0.65908768E+01    0.29954691E-02    0.18211680E-01
    0.70614083E+01    0.30448077E-02    0.18211680E-01
    0.75783574E+01    0.30918337E-02    0.18211680E-01
    0.81351782E+01    0.31361351E-02    0.18211680E-01
    0.87268532E+01    0.31777664E-02    0.18211680E-01
    0.93497240E+01    0.32170135E-02    0.18211680E-01
    0.10001314E+02    0.32542536E-02    0.18211680E-01
    0.10680184E+02    0.32898821E-02    0.18211680E-01
    0.11385838E+02    0.33242791E-02    0.18211680E-01
    0.12118690E+02    0.33577991E-02    0.18211680E-01
    0.12880110E+02    0.33907740E-02    0.18211680E-01
    0.13672564E+02    0.34235228E-02    0.18211680E-01
    0.14499908E+02    0.34563682E-02    0.18211680E-01
    0.15367927E+02    0.34896612E-02    0.18211680E-01
    0.16285358E+02    0.35238204E-02    0.18211680E-01
    0.17265940E+02    0.35594046E-02    0.18211680E-01
    0.18333067E+02    0.35972696E-02    0.18211680E-01
    0.19532690E+02    0.36389965E-02    0.18211680E-01
    0.20985941E+02    0.36886275E-02    0.18211680E-01
    0.59378861E+01    0.29126999E-02    0.18211680E-01
    0.59488556E+01    0.29142626E-02    0.18211680E-01
    0.60359613E+01    0.29264368E-02    0.18211680E-01
    0.62068611E+01    0.29491805E-02    0.18211680E-01
    0.64555933E+01    0.29798574E-02    0.18211680E-01
    0.67745953E+01    0.30155928E-02    0.18211680E-01
    0.71557793E+01    0.30538945E-02    0.18211680E-01
    0.75913772E+01    0.30929378E-02    0.18211680E-01
    0.80744673E+01    0.31315721E-02    0.18211680E-01
    0.85992235E+01    0.31691865E-02    0.18211680E-01
    0.91609763E+01    0.32055433E-02    0.18211680E-01
    0.97561704E+01    0.32406372E-02    0.18211680E-01
    0.10382283E+02    0.32745937E-02    0.18211680E-01
    0.11037747E+02    0.33076057E-02    0.18211680E-01
    0.11721895E+02    0.33398959E-02    0.18211680E-01
    0.12434958E+02    0.33716993E-02    0.18211680E-01
    0.13178117E+02    0.34032572E-02    0.18211680E-01
    0.13953657E+02    0.34348205E-02    0.18211680E-01
    0.14765258E+02    0.34666602E-02    0.18211680E-01
    0.15618537E+02    0.34990873E-02    0.18211680E-01
    0.16522058E+02    0.35324895E-02    0.18211680E-01
    0.17489374E+02    0.35674001E-02    0.18211680E-01
    0.18543647E+02    0.36046527E-02    0.18211680E-01
    0.19730472E+02    0.36458046E-02    0.18211680E-01
    0.21170150E+02    0.36948593E-02    0.18211680E-01
    0.66396542E+01    0.30009285E-02    0.18211680E-01
    0.66494660E+01    0.30020162E-02    0.18211680E-01
    0.67275065E+01    0.30105469E-02    0.18211680E-01
    0.68812529E+01    0.30267529E-02    0.18211680E-01
    0.71064197E+01    0.30491722E-02    0.18211680E-01
    0.73974088E+01    0.30761053E-02    0.18211680E-01
    0.77480122E+01    0.31059475E-02    0.18211680E-01
    0.81520258E+01    0.31373908E-02    0.18211680E-01
    0.86036933E+01    0.31694904E-02    0.18211680E-01
    0.90979756E+01    0.32016374E-02    0.18211680E-01
    0.96306803E+01    0.32334900E-02    0.18211680E-01
    0.10198499E+02    0.32648989E-02    0.18211680E-01
    0.10798996E+02    0.32958433E-02    0.18211680E-01
    0.11430589E+02    0.33263847E-02    0.18211680E-01
    0.12092533E+02    0.33566354E-02    0.18211680E-01
    0.12784940E+02    0.33867408E-02    0.18211680E-01
    0.13508859E+02    0.34168710E-02    0.18211680E-01
    0.14266431E+02    0.34472206E-02    0.18211680E-01
    0.15061187E+02    0.34780161E-02    0.18211680E-01
    0.15898591E+02    0.35095337E-02    0.18211680E-01
    0.16787046E+02    0.35421323E-02    0.18211680E-01
    0.17739919E+02    0.35763215E-02    0.18211680E-01
    0.18780132E+02    0.36129128E-02    0.18211680E-01
    0.19952895E+02    0.36534395E-02    0.18211680E-01
    0.21377600E+02    0.37018633E-02    0.18211680E-01
    0.73498951E+01    0.30718515E-02    0.18211680E-01
    0.73587600E+01    0.30726492E-02    0.18211680E-01
    0.74293536E+01    0.30789356E-02    0.18211680E-01
    0.75688567E+01    0.30910257E-02    0.18211680E-01
    0.77741335E+01    0.31080696E-02    0.18211680E-01
    0.80409954E+01    0.31290306E-02    0.18211680E-01
    0.83646664E+01    0.31528652E-02    0.18211680E-01
    0.87402216E+01    0.31786535E-02    0.18211680E-01
    0.91629410E+01    0.32056645E-02    0.18211680E-01
    0.96285571E+01    0.32333680E-02    0.18211680E-01
    0.10133408E+02    0.32614137E-02    0.18211680E-01
    0.10674518E+02    0.32895959E-02    0.18211680E-01
    0.11249634E+02    0.33178186E-02    0.18211680E-01
    0.11857248E+02    0.33460647E-02    0.18211680E-01
    0.12496611E+02    0.33743739E-02    0.18211680E-01
    0.13167788E+02    0.34028281E-02    0.18211680E-01
    0.13871742E+02    0.34315438E-02    0.18211680E-01
    0.14610510E+02    0.34606712E-02    0.18211680E-01
    0.15387505E+02    0.34904004E-02    0.18211680E-01
    0.16208059E+02    0.35209774E-02    0.18211680E-01
    0.17080424E+02    0.35527361E-02    0.18211680E-01
    0.18017788E+02    0.35861640E-02    0.18211680E-01
    0.19042829E+02    0.36220516E-02    0.18211680E-01
    0.20200346E+02    0.36619077E-02    0.18211680E-01
    0.21608742E+02    0.37096501E-02    0.18211680E-01
    0.80700036E+01    0.31312342E-02    0.18211680E-01
    0.80780782E+01    0.31318452E-02    0.18211680E-01
    0.81424379E+01    0.31366767E-02    0.18211680E-01
    0.82699209E+01    0.31460542E-02    0.18211680E-01
    0.84582002E+01    0.31594631E-02    0.18211680E-01
    0.87041144E+01    0.31762525E-02    0.18211680E-01
    0.90039793E+01    0.31957341E-02    0.18211680E-01
    0.93539016E+01    0.32172635E-02    0.18211680E-01
    0.97500507E+01    0.32402915E-02    0.18211680E-01
    0.10188872E+02    0.32643852E-02    0.18211680E-01
    0.10667237E+02    0.32892280E-02    0.18211680E-01
    0.11182546E+02    0.33146069E-02    0.18211680E-01
    0.11732786E+02    0.33403947E-02    0.18211680E-01
    0.12316587E+02    0.33665328E-02    0.18211680E-01
    0.12933263E+02    0.33930165E-02    0.18211680E-01
    0.13582880E+02    0.34198855E-02    0.18211680E-01
    0.14266367E+02    0.34472180E-02    0.18211680E-01
    0.14985693E+02    0.34751308E-02    0.18211680E-01
    0.15744184E+02    0.35037851E-02    0.18211680E-01
    0.16547059E+02    0.35334020E-02    0.18211680E-01
    0.17402439E+02    0.35642937E-02    0.18211680E-01
    0.18323337E+02    0.35969278E-02    0.18211680E-01
    0.19332183E+02    0.36320754E-02    0.18211680E-01
    0.20473348E+02    0.36712206E-02    0.18211680E-01
    0.21864165E+02    0.37182351E-02    0.18211680E-01
    0.88016018E+01    0.31826993E-02    0.18211680E-01
    0.88090059E+01    0.31831844E-02    0.18211680E-01
    0.88680624E+01    0.31870305E-02    0.18211680E-01
    0.89852561E+01    0.31945471E-02    0.18211680E-01
    0.91588421E+01    0.32054117E-02    0.18211680E-01
    0.93864180E+01    0.32192046E-02    0.18211680E-01
    0.96651374E+01    0.32354650E-02    0.18211680E-01
    0.99919323E+01    0.32537405E-02    0.18211680E-01
    0.10363722E+02    0.32736241E-02    0.18211680E-01
    0.10777585E+02    0.32947745E-02    0.18211680E-01
    0.11230903E+02    0.33169239E-02    0.18211680E-01
    0.11721457E+02    0.33398758E-02    0.18211680E-01
    0.12247510E+02    0.33634982E-02    0.18211680E-01
    0.12807871E+02    0.33877147E-02    0.18211680E-01
    0.13401960E+02    0.34124972E-02    0.18211680E-01
    0.14029892E+02    0.34378590E-02    0.18211680E-01
    0.14692599E+02    0.34638526E-02    0.18211680E-01
    0.15392019E+02    0.34905707E-02    0.18211680E-01
    0.16131415E+02    0.35181526E-02    0.18211680E-01
    0.16915921E+02    0.35467994E-02    0.18211680E-01
    0.17753538E+02    0.35768051E-02    0.18211680E-01
    0.18657115E+02    0.36086200E-02    0.18211680E-01
    0.19648831E+02    0.36429966E-02    0.18211680E-01
    0.20772607E+02    0.36813951E-02    0.18211680E-01
    0.22144637E+02    0.37276389E-02    0.18211680E-01
    0.95466086E+01    0.32286305E-02    0.18211680E-01
    0.95534353E+01    0.32290273E-02    0.18211680E-01
    0.96079172E+01    0.32321800E-02    0.18211680E-01
    0.97161911E+01    0.32383737E-02    0.18211680E-01
    0.98769393E+01    0.32474005E-02    0.18211680E-01
    0.10088329E+02    0.32589835E-02    0.18211680E-01
    0.10348160E+02    0.32728095E-02    0.18211680E-01
    0.10654025E+02    0.32885595E-02    0.18211680E-01
    0.11003466E+02    0.33059339E-02    0.18211680E-01
    0.11394116E+02    0.33246692E-02    0.18211680E-01
    0.11823821E+02    0.33445474E-02    0.18211680E-01
    0.12290732E+02    0.33653987E-02    0.18211680E-01
    0.12793399E+02    0.33871002E-02    0.18211680E-01
    0.13330833E+02    0.34095733E-02    0.18211680E-01
    0.13902592E+02    0.34327793E-02    0.18211680E-01
    0.14508874E+02    0.34567177E-02    0.18211680E-01
    0.15150644E+02    0.34814250E-02    0.18211680E-01
    0.15829838E+02    0.35069773E-02    0.18211680E-01
    0.16549686E+02    0.35334978E-02    0.18211680E-01
    0.17315252E+02    0.35611725E-02    0.18211680E-01
    0.18134433E+02    0.35902802E-02    0.18211680E-01
    0.19019923E+02    0.36212563E-02    0.18211680E-01
    0.19993651E+02    0.36548360E-02    0.18211680E-01
    0.21099070E+02    0.36924561E-02    0.18211680E-01
    0.22451158E+02    0.37378900E-02    0.18211680E-01
    0.10307337E+02    0.32706656E-02    0.18211680E-01
    0.10313660E+02    0.32709984E-02    0.18211680E-01
    0.10364146E+02    0.32736463E-02    0.18211680E-01
    0.10464599E+02    0.32788691E-02    0.18211680E-01
    0.10614018E+02    0.32865296E-02    0.18211680E-01
    0.10811006E+02    0.32964418E-02    0.18211680E-01
    0.11053863E+02    0.33083897E-02    0.18211680E-01
    0.11340710E+02    0.33221473E-02    0.18211680E-01
    0.11669607E+02    0.33374948E-02    0.18211680E-01
    0.12038660E+02    0.33542316E-02    0.18211680E-01
    0.12446131E+02    0.33721848E-02    0.18211680E-01
    0.12890522E+02    0.33912138E-02    0.18211680E-01
    0.13370658E+02    0.34112118E-02    0.18211680E-01
    0.13885768E+02    0.34321058E-02    0.18211680E-01
    0.14435565E+02    0.34538561E-02    0.18211680E-01
    0.15020349E+02    0.34764563E-02    0.18211680E-01
    0.15641146E+02    0.34999340E-02    0.18211680E-01
    0.16299915E+02    0.35243551E-02    0.18211680E-01
    0.16999869E+02    0.35498318E-02    0.18211680E-01
    0.17746025E+02    0.35765383E-02    0.18211680E-01
    0.18546188E+02    0.36047417E-02    0.18211680E-01
    0.19412906E+02    0.36348642E-02    0.18211680E-01
    0.20367856E+02    0.36676255E-02    0.18211680E-01
    0.21454002E+02    0.37044391E-02    0.18211680E-01
    0.22785038E+02    0.37490267E-02    0.18211680E-01
    0.11086635E+02    0.33099803E-02    0.18211680E-01
    0.11092514E+02    0.33102651E-02    0.18211680E-01
    0.11139471E+02    0.33125342E-02    0.18211680E-01
    0.11232992E+02    0.33170238E-02    0.18211680E-01
    0.11372321E+02    0.33236414E-02    0.18211680E-01
    0.11556389E+02    0.33322601E-02    0.18211680E-01
    0.11783894E+02    0.33427298E-02    0.18211680E-01
    0.12053381E+02    0.33548894E-02    0.18211680E-01
    0.12363333E+02    0.33685781E-02    0.18211680E-01
    0.12712263E+02    0.33836449E-02    0.18211680E-01
    0.13098797E+02    0.33999555E-02    0.18211680E-01
    0.13521755E+02    0.34173970E-02    0.18211680E-01
    0.13980229E+02    0.34358808E-02    0.18211680E-01
    0.14473661E+02    0.34553443E-02    0.18211680E-01
    0.15001927E+02    0.34757519E-02    0.18211680E-01
    0.15565448E+02    0.34970968E-02    0.18211680E-01
    0.16165326E+02    0.35194031E-02    0.18211680E-01
    0.16803557E+02    0.35427310E-02    0.18211680E-01
    0.17483359E+02    0.35671853E-02    0.18211680E-01
    0.18209714E+02    0.35929321E-02    0.18211680E-01
    0.18990350E+02    0.36202290E-02    0.18211680E-01
    0.19837672E+02    0.36494871E-02    0.18211680E-01
    0.20773104E+02    0.36814119E-02    0.18211680E-01
    0.21839105E+02    0.37173937E-02    0.18211680E-01
    0.23148007E+02    0.37611009E-02    0.18211680E-01
    0.11888103E+02    0.33474618E-02    0.18211680E-01
    0.11893586E+02    0.33477097E-02    0.18211680E-01
    0.11937392E+02    0.33496866E-02    0.18211680E-01
    0.12024709E+02    0.33536075E-02    0.18211680E-01
    0.12154966E+02    0.33594093E-02    0.18211680E-01
    0.12327353E+02    0.33670044E-02    0.18211680E-01
    0.12540880E+02    0.33762877E-02    0.18211680E-01
    0.12794433E+02    0.33871442E-02    0.18211680E-01
    0.13086845E+02    0.33994567E-02    0.18211680E-01
    0.13416972E+02    0.34131129E-02    0.18211680E-01
    0.13783758E+02    0.34280101E-02    0.18211680E-01
    0.14186309E+02    0.34440604E-02    0.18211680E-01
    0.14623964E+02    0.34611933E-02    0.18211680E-01
    0.15096369E+02    0.34793581E-02    0.18211680E-01
    0.15603568E+02    0.34985264E-02    0.18211680E-01
    0.16146104E+02    0.35186944E-02    0.18211680E-01
    0.16725169E+02    0.35398863E-02    0.18211680E-01
    0.17342810E+02    0.35621596E-02    0.18211680E-01
    0.18002260E+02    0.35856153E-02    0.18211680E-01
    0.18708479E+02    0.36104135E-02    0.18211680E-01
    0.19469127E+02    0.36368046E-02    0.18211680E-01
    0.20296471E+02    0.36651903E-02    0.18211680E-01
    0.21211680E+02    0.36962627E-02    0.18211680E-01
    0.22256685E+02    0.37313893E-02    0.18211680E-01
    0.23542382E+02    0.37741834E-02    0.18211680E-01
    0.12716426E+02    0.33838226E-02    0.18211680E-01
    0.12721552E+02    0.33840414E-02    0.18211680E-01
    0.12762517E+02    0.33857871E-02    0.18211680E-01
    0.12844226E+02    0.33892560E-02    0.18211680E-01
    0.12966252E+02    0.33944047E-02    0.18211680E-01
    0.13127991E+02    0.34011725E-02    0.18211680E-01
    0.13328698E+02    0.34094853E-02    0.18211680E-01
    0.13567535E+02    0.34192615E-02    0.18211680E-01
    0.13843628E+02    0.34304163E-02    0.18211680E-01
    0.14156117E+02    0.34428668E-02    0.18211680E-01
    0.14504223E+02    0.34565365E-02    0.18211680E-01
    0.14887306E+02    0.34713586E-02    0.18211680E-01
    0.15304928E+02    0.34872795E-02    0.18211680E-01
    0.15756931E+02    0.35042607E-02    0.18211680E-01
    0.16243517E+02    0.35222823E-02    0.18211680E-01
    0.16765357E+02    0.35413454E-02    0.18211680E-01
    0.17323734E+02    0.35614764E-02    0.18211680E-01
    0.17920757E+02    0.35827330E-02    0.18211680E-01
    0.18559684E+02    0.36052139E-02    0.18211680E-01
    0.19245459E+02    0.36290756E-02    0.18211680E-01
    0.19985680E+02    0.36545630E-02    0.18211680E-01
    0.20792480E+02    0.36820695E-02    0.18211680E-01
    0.21686767E+02    0.37122748E-02    0.18211680E-01
    0.22709921E+02    0.37465237E-02    0.18211680E-01
    0.23971322E+02    0.37883723E-02    0.18211680E-01
    0.13577942E+02    0.34196847E-02    0.18211680E-01
    0.13582743E+02    0.34198799E-02    0.18211680E-01
    0.13621118E+02    0.34214383E-02    0.18211680E-01
    0.13697706E+02    0.34245395E-02    0.18211680E-01
    0.13812194E+02    0.34291538E-02    0.18211680E-01
    0.13964138E+02    0.34352389E-02    0.18211680E-01
    0.14152992E+02    0.34427431E-02    0.18211680E-01
    0.14378144E+02    0.34516086E-02    0.18211680E-01
    0.14638956E+02    0.34617748E-02    0.18211680E-01
    0.14934814E+02    0.34731818E-02    0.18211680E-01
    0.15265173E+02    0.34857739E-02    0.18211680E-01
    0.15629615E+02    0.34995022E-02    0.18211680E-01
    0.16027908E+02    0.35143279E-02    0.18211680E-01
    0.16460069E+02    0.35302244E-02    0.18211680E-01
    0.16926454E+02    0.35471802E-02    0.18211680E-01
    0.17427857E+02    0.35652025E-02    0.18211680E-01
    0.17965655E+02    0.35843213E-02    0.18211680E-01
    0.18542021E+02    0.36045958E-02    0.18211680E-01
    0.19160242E+02    0.36261242E-02    0.18211680E-01
    0.19825254E+02    0.36490609E-02    0.18211680E-01
    0.20544596E+02    0.36736461E-02    0.18211680E-01
    0.21330266E+02    0.37002665E-02    0.18211680E-01
    0.22202902E+02    0.37295896E-02    0.18211680E-01
    0.23203308E+02    0.37629376E-02    0.18211680E-01
    0.24439257E+02    0.38038068E-02    0.18211680E-01
    0.14481642E+02    0.34556558E-02    0.18211680E-01
    0.14486144E+02    0.34558314E-02    0.18211680E-01
    0.14522132E+02    0.34572344E-02    0.18211680E-01
    0.14593992E+02    0.34600297E-02    0.18211680E-01
    0.14701502E+02    0.34641970E-02    0.18211680E-01
    0.14844346E+02    0.34697073E-02    0.18211680E-01
    0.15022139E+02    0.34765247E-02    0.18211680E-01
    0.15234451E+02    0.34846090E-02    0.18211680E-01
    0.15480843E+02    0.34939177E-02    0.18211680E-01
    0.15760905E+02    0.35044089E-02    0.18211680E-01
    0.16074295E+02    0.35160434E-02    0.18211680E-01
    0.16420790E+02    0.35287872E-02    0.18211680E-01
    0.16800336E+02    0.35426142E-02    0.18211680E-01
    0.17213115E+02    0.35575086E-02    0.18211680E-01
    0.17659624E+02    0.35734673E-02    0.18211680E-01
    0.18140773E+02    0.35905037E-02    0.18211680E-01
    0.18658034E+02    0.36086521E-02    0.18211680E-01
    0.19213641E+02    0.36279741E-02    0.18211680E-01
    0.19810914E+02    0.36485685E-02    0.18211680E-01
    0.20454784E+02    0.36705882E-02    0.18211680E-01
    0.21152727E+02    0.36942704E-02    0.18211680E-01
    0.21916608E+02    0.37199952E-02    0.18211680E-01
    0.22766781E+02    0.37484185E-02    0.18211680E-01
    0.23743441E+02    0.37808393E-02    0.18211680E-01
    0.24952650E+02    0.38206913E-02    0.18211680E-01
    0.15441155E+02    0.34924235E-02    0.18211680E-01
    0.15445377E+02    0.34925825E-02    0.18211680E-01
    0.15479135E+02    0.34938535E-02    0.18211680E-01
    0.15546572E+02    0.34963883E-02    0.18211680E-01
    0.15647539E+02    0.35001733E-02    0.18211680E-01
    0.15781823E+02    0.35051889E-02    0.18211680E-01
    0.15949168E+02    0.35114109E-02    0.18211680E-01
    0.16149297E+02    0.35188122E-02    0.18211680E-01
    0.16381936E+02    0.35273641E-02    0.18211680E-01
    0.16646845E+02    0.35370384E-02    0.18211680E-01
    0.16943857E+02    0.35478091E-02    0.18211680E-01
    0.17272917E+02    0.35596548E-02    0.18211680E-01
    0.17634132E+02    0.35725601E-02    0.18211680E-01
    0.18027830E+02    0.35865187E-02    0.18211680E-01
    0.18454637E+02    0.36015352E-02    0.18211680E-01
    0.18915575E+02    0.36176294E-02    0.18211680E-01
    0.19412201E+02    0.36348398E-02    0.18211680E-01
    0.19946813E+02    0.36532310E-02    0.18211680E-01
    0.20522759E+02    0.36729029E-02    0.18211680E-01
    0.21144964E+02    0.36940080E-02    0.18211680E-01
    0.21820843E+02    0.37167804E-02    0.18211680E-01
    0.22562114E+02    0.37415943E-02    0.18211680E-01
    0.23388836E+02    0.37690942E-02    0.18211680E-01
    0.24340548E+02    0.38005547E-02    0.18211680E-01
    0.25521482E+02    0.38393437E-02    0.18211680E-01
    0.16479189E+02    0.35309234E-02    0.18211680E-01
    0.16483145E+02    0.35310680E-02    0.18211680E-01
    0.16514782E+02    0.35322238E-02    0.18211680E-01
    0.16578007E+02    0.35345308E-02    0.18211680E-01
    0.16672728E+02    0.35379801E-02    0.18211680E-01
    0.16798819E+02    0.35425592E-02    0.18211680E-01
    0.16956131E+02    0.35482526E-02    0.18211680E-01
    0.17144509E+02    0.35550428E-02    0.18211680E-01
    0.17363819E+02    0.35629119E-02    0.18211680E-01
    0.17613967E+02    0.35718423E-02    0.18211680E-01
    0.17894934E+02    0.35818188E-02    0.18211680E-01
    0.18206813E+02    0.35928300E-02    0.18211680E-01
    0.18549852E+02    0.36048699E-02    0.18211680E-01
    0.18924509E+02    0.36179401E-02    0.18211680E-01
    0.19331529E+02    0.36320528E-02    0.18211680E-01
    0.19772035E+02    0.36472330E-02    0.18211680E-01
    0.20247665E+02    0.36635241E-02    0.18211680E-01
    0.20760774E+02    0.36809934E-02    0.18211680E-01
    0.21314738E+02    0.36997425E-02    0.18211680E-01
    0.21914467E+02    0.37199234E-02    0.18211680E-01
    0.22567312E+02    0.37417678E-02    0.18211680E-01
    0.23284832E+02    0.37656439E-02    0.18211680E-01
    0.24086761E+02    0.37921842E-02    0.18211680E-01
    0.25011931E+02    0.38226378E-02    0.18211680E-01
    0.26162577E+02    0.38603019E-02    0.18211680E-01
    0.17639835E+02    0.35727631E-02    0.18211680E-01
    0.17643531E+02    0.35728947E-02    0.18211680E-01
    0.17673090E+02    0.35739463E-02    0.18211680E-01
    0.17732186E+02    0.35760468E-02    0.18211680E-01
    0.17820774E+02    0.35791909E-02    0.18211680E-01
    0.17938797E+02    0.35833713E-02    0.18211680E-01
    0.18086195E+02    0.35885791E-02    0.18211680E-01
    0.18262921E+02    0.35948042E-02    0.18211680E-01
    0.18468955E+02    0.36020370E-02    0.18211680E-01
    0.18704329E+02    0.36102686E-02    0.18211680E-01
    0.18969153E+02    0.36194924E-02    0.18211680E-01
    0.19263648E+02    0.36297051E-02    0.18211680E-01
    0.19588188E+02    0.36409087E-02    0.18211680E-01
    0.19943348E+02    0.36531122E-02    0.18211680E-01
    0.20329981E+02    0.36663337E-02    0.18211680E-01
    0.20749300E+02    0.36806039E-02    0.18211680E-01
    0.21203020E+02    0.36959701E-02    0.18211680E-01
    0.21693543E+02    0.37125026E-02    0.18211680E-01
    0.22224269E+02    0.37303047E-02    0.18211680E-01
    0.22800087E+02    0.37495280E-02    0.18211680E-01
    0.23428267E+02    0.37704016E-02    0.18211680E-01
    0.24120189E+02    0.37932874E-02    0.18211680E-01
    0.24895223E+02    0.38188051E-02    0.18211680E-01
    0.25791409E+02    0.38481758E-02    0.18211680E-01
    0.26908745E+02    0.38846179E-02    0.18211680E-01
    0.19038682E+02    0.36219077E-02    0.18211680E-01
    0.19042106E+02    0.36220265E-02    0.18211680E-01
    0.19069498E+02    0.36229773E-02    0.18211680E-01
    0.19124279E+02    0.36248776E-02    0.18211680E-01
    0.19206447E+02    0.36277250E-02    0.18211680E-01
    0.19316006E+02    0.36315161E-02    0.18211680E-01
    0.19452972E+02    0.36362471E-02    0.18211680E-01
    0.19617389E+02    0.36419143E-02    0.18211680E-01
    0.19809340E+02    0.36485144E-02    0.18211680E-01
    0.20028968E+02    0.36560457E-02    0.18211680E-01
    0.20276499E+02    0.36645086E-02    0.18211680E-01
    0.20552270E+02    0.36739072E-02    0.18211680E-01
    0.20856767E+02    0.36842503E-02    0.18211680E-01
    0.21190677E+02    0.36955530E-02    0.18211680E-01
    0.21554947E+02    0.37078394E-02    0.18211680E-01
    0.21950879E+02    0.37211450E-02    0.18211680E-01
    0.22380252E+02    0.37355211E-02    0.18211680E-01
    0.22845513E+02    0.37510407E-02    0.18211680E-01
    0.23350070E+02    0.37678084E-02    0.18211680E-01
    0.23898779E+02    0.37859755E-02    0.18211680E-01
    0.24498803E+02    0.38057677E-02    0.18211680E-01
    0.25161303E+02    0.38275397E-02    0.18211680E-01
    0.25905208E+02    0.38518959E-02    0.18211680E-01
    0.26767601E+02    0.38800243E-02    0.18211680E-01
    0.27845793E+02    0.39150500E-02    0.18211680E-01
