    0.21089324E-04    0.55252877E-09    0.93391429E-08
    0.36109627E+00    0.62118031E-05   -0.52246791E-07
    0.10836681E+01    0.18614856E-04   -0.46349460E-06
    0.18073830E+01    0.30960410E-04   -0.12518222E-05
    0.25330206E+01    0.43223654E-04   -0.23489983E-05
    0.32613876E+01    0.55398563E-04   -0.36531408E-05
    0.39933302E+01    0.67502718E-04   -0.50285147E-05
    0.47297480E+01    0.79578616E-04   -0.63143588E-05
    0.54716113E+01    0.91669669E-04   -0.74822917E-05
    0.62199802E+01    0.10380643E-03   -0.85938291E-05
    0.69760301E+01    0.11601430E-03   -0.96795423E-05
    0.77410832E+01    0.12831962E-03   -0.10755224E-04
    0.85166493E+01    0.14074922E-03   -0.11830524E-04
    0.93044811E+01    0.15333286E-03   -0.12912042E-04
    0.10106648E+02    0.16610494E-03   -0.14005042E-04
    0.10925643E+02    0.17910549E-03   -0.15114336E-04
    0.11764534E+02    0.19238343E-03   -0.16245152E-04
    0.12627195E+02    0.20599887E-03   -0.17402962E-04
    0.13518667E+02    0.22002949E-03   -0.18595082E-04
    0.14445768E+02    0.23458209E-03   -0.19830642E-04
    0.15418168E+02    0.24980435E-03   -0.21122517E-04
    0.16450524E+02    0.26592145E-03   -0.22489755E-04
    0.17567252E+02    0.28330522E-03   -0.23964286E-04
    0.18815765E+02    0.30268328E-03   -0.25607658E-04
    0.20320353E+02    0.32595850E-03   -0.27581484E-04
    0.51234408E+00    0.88120162E-05   -0.10491868E-06
    0.62680697E+00    0.10778769E-04   -0.15676018E-06
    0.11986797E+01    0.20583075E-04   -0.56502427E-06
    0.18785978E+01    0.32169510E-04   -0.13473583E-05
    0.25843161E+01    0.44085579E-04   -0.24356312E-05
    0.33013854E+01    0.56063227E-04   -0.37280384E-05
    0.40260629E+01    0.68041347E-04   -0.50889239E-05
    0.47574166E+01    0.80030738E-04   -0.63597023E-05
    0.54955461E+01    0.92058757E-04   -0.75186534E-05
    0.62410456E+01    0.10414725E-03   -0.86244775E-05
    0.69948190E+01    0.11631714E-03   -0.97061889E-05
    0.77580194E+01    0.12859150E-03   -0.10778841E-04
    0.85320462E+01    0.14099559E-03   -0.11851745E-04
    0.93185763E+01    0.15355761E-03   -0.12931307E-04
    0.10119626E+02    0.16631121E-03   -0.14022668E-04
    0.10937650E+02    0.17929587E-03   -0.15130561E-04
    0.11775685E+02    0.19255967E-03   -0.16260157E-04
    0.12637585E+02    0.20616255E-03   -0.17416878E-04
    0.13528372E+02    0.22018215E-03   -0.18608048E-04
    0.14454850E+02    0.23472443E-03   -0.19842724E-04
    0.15426678E+02    0.24993733E-03   -0.21133796E-04
    0.16458500E+02    0.26604572E-03   -0.22500298E-04
    0.17574722E+02    0.28342124E-03   -0.23974131E-04
    0.18822739E+02    0.30279142E-03   -0.25616833E-04
    0.20326811E+02    0.32605831E-03   -0.27589946E-04
    0.11765483E+01    0.20204492E-04   -0.54475263E-06
    0.12307138E+01    0.21130920E-04   -0.59498000E-06
    0.15995632E+01    0.27425719E-04   -0.99040614E-06
    0.21565944E+01    0.36878138E-04   -0.17472156E-05
    0.27929303E+01    0.47583866E-04   -0.27975650E-05
    0.34671191E+01    0.58813092E-04   -0.40399837E-05
    0.41630460E+01    0.70293313E-04   -0.53391034E-05
    0.48738878E+01    0.81932490E-04   -0.65487624E-05
    0.55966772E+01    0.93701774E-04   -0.76715960E-05
    0.63302780E+01    0.10559077E-03   -0.87540870E-05
    0.70745503E+01    0.11760146E-03   -0.98191138E-05
    0.78299830E+01    0.12974655E-03   -0.10879151E-04
    0.85975335E+01    0.14204300E-03   -0.11941982E-04
    0.93785731E+01    0.15451409E-03   -0.13013287E-04
    0.10174901E+02    0.16718985E-03   -0.14097728E-04
    0.10988810E+02    0.18010702E-03   -0.15199692E-04
    0.11823220E+02    0.19331070E-03   -0.16324085E-04
    0.12681889E+02    0.20686026E-03   -0.17476219E-04
    0.13569769E+02    0.22083332E-03   -0.18663350E-04
    0.14493601E+02    0.23533168E-03   -0.19894271E-04
    0.15462994E+02    0.25050477E-03   -0.21181921E-04
    0.16492544E+02    0.26657596E-03   -0.22545289E-04
    0.17606607E+02    0.28391648E-03   -0.24016150E-04
    0.18852514E+02    0.30325307E-03   -0.25656005E-04
    0.20354386E+02    0.32648451E-03   -0.27626084E-04
    0.18458845E+01    0.31614243E-04   -0.13031066E-05
    0.18808722E+01    0.32208104E-04   -0.13504577E-05
    0.21404733E+01    0.36605593E-04   -0.17229170E-05
    0.25833937E+01    0.44070084E-04   -0.24340645E-05
    0.31342436E+01    0.53283127E-04   -0.34165170E-05
    0.37475243E+01    0.63451025E-04   -0.45693508E-05
    0.43993153E+01    0.74170184E-04   -0.57577296E-05
    0.50771849E+01    0.85249121E-04   -0.68724923E-05
    0.57745839E+01    0.96590132E-04   -0.79381597E-05
    0.64881001E+01    0.10814163E-03   -0.89821270E-05
    0.72161129E+01    0.11988127E-03   -0.10019086E-04
    0.79581190E+01    0.13180229E-03   -0.11057452E-04
    0.87143907E+01    0.14391103E-03   -0.12102884E-04
    0.94858135E+01    0.15622306E-03   -0.13159768E-04
    0.10273832E+02    0.16876237E-03   -0.14232013E-04
    0.11080477E+02    0.18155938E-03   -0.15323480E-04
    0.11908466E+02    0.19465718E-03   -0.16438604E-04
    0.12761400E+02    0.20811263E-03   -0.17582721E-04
    0.13644107E+02    0.22200181E-03   -0.18762584E-04
    0.14563224E+02    0.23642275E-03   -0.19986890E-04
    0.15528271E+02    0.25152496E-03   -0.21268433E-04
    0.16553761E+02    0.26752953E-03   -0.22626201E-04
    0.17663965E+02    0.28480749E-03   -0.24091723E-04
    0.18906092E+02    0.30408349E-03   -0.25726461E-04
    0.20404020E+02    0.32725150E-03   -0.27691129E-04
    0.25180314E+01    0.42971661E-04   -0.23238740E-05
    0.25437910E+01    0.43404686E-04   -0.23671051E-05
    0.27413170E+01    0.46719408E-04   -0.27066752E-05
    0.30995347E+01    0.52704905E-04   -0.33523832E-05
    0.35716489E+01    0.60544124E-04   -0.42374427E-05
    0.41203315E+01    0.69591451E-04   -0.52615873E-05
    0.47209287E+01    0.79434462E-04   -0.62998690E-05
    0.53582645E+01    0.89826535E-04   -0.73091768E-05
    0.60232062E+01    0.10062023E-03   -0.83059404E-05
    0.67103380E+01    0.11172979E-03   -0.93011303E-05
    0.74165678E+01    0.12310547E-03   -0.10301141E-04
    0.81403225E+01    0.13472339E-03   -0.11310361E-04
    0.88810922E+01    0.14657549E-03   -0.12331993E-04
    0.96391831E+01    0.15866678E-03   -0.13368990E-04
    0.10415605E+02    0.17101366E-03   -0.14424233E-04
    0.11212054E+02    0.18364283E-03   -0.15500967E-04
    0.12030991E+02    0.19659296E-03   -0.16603207E-04
    0.12875812E+02    0.20991606E-03   -0.17735923E-04
    0.13751176E+02    0.22368277E-03   -0.18905329E-04
    0.14663584E+02    0.23799556E-03   -0.20120392E-04
    0.15622432E+02    0.25299741E-03   -0.21393333E-04
    0.16642122E+02    0.26890620E-03   -0.22742993E-04
    0.17746798E+02    0.28609534E-03   -0.24200886E-04
    0.18983506E+02    0.30528245E-03   -0.25828138E-04
    0.20475772E+02    0.32835902E-03   -0.27785088E-04
    0.31931786E+01    0.54264203E-04   -0.35258942E-05
    0.32135308E+01    0.54602792E-04   -0.35637934E-05
    0.33720508E+01    0.57236537E-04   -0.38607800E-05
    0.36691993E+01    0.62157333E-04   -0.44216975E-05
    0.40758537E+01    0.68860282E-04   -0.51803779E-05
    0.45643224E+01    0.76872714E-04   -0.60394094E-05
    0.51130300E+01    0.85833275E-04   -0.69288309E-05
    0.57067422E+01    0.95489118E-04   -0.78368818E-05
    0.63352127E+01    0.10567058E-03   -0.87612427E-05
    0.69917482E+01    0.11626765E-03   -0.97018350E-05
    0.76721174E+01    0.12721232E-03   -0.10658974E-04
    0.83738138E+01    0.13846305E-03   -0.11633416E-04
    0.90955872E+01    0.15000007E-03   -0.12626150E-04
    0.98371621E+01    0.16181870E-03   -0.13638669E-04
    0.10599091E+02    0.17392571E-03   -0.14672733E-04
    0.11382709E+02    0.18634397E-03   -0.15731019E-04
    0.12190187E+02    0.19910651E-03   -0.16817013E-04
    0.13024686E+02    0.21225925E-03   -0.17935050E-04
    0.13890671E+02    0.22587396E-03   -0.19091394E-04
    0.14794478E+02    0.24004601E-03   -0.20294351E-04
    0.15745358E+02    0.25491755E-03   -0.21556310E-04
    0.16757569E+02    0.27070502E-03   -0.22895524E-04
    0.17855104E+02    0.28777909E-03   -0.24343649E-04
    0.19084795E+02    0.30685141E-03   -0.25961108E-04
    0.20569714E+02    0.32980839E-03   -0.27908015E-04
    0.38719300E+01    0.65503169E-04   -0.48027750E-05
    0.38887315E+01    0.65780078E-04   -0.48341566E-05
    0.40207187E+01    0.67953421E-04   -0.50790760E-05
    0.42729937E+01    0.72098549E-04   -0.55361919E-05
    0.46268818E+01    0.77896400E-04   -0.61441985E-05
    0.50624590E+01    0.85009086E-04   -0.68492864E-05
    0.55622413E+01    0.93142451E-04   -0.76196390E-05
    0.61124757E+01    0.10206629E-03   -0.84369159E-05
    0.67030122E+01    0.11161154E-03   -0.92906585E-05
    0.73266633E+01    0.12165957E-03   -0.10174798E-04
    0.79785235E+01    0.13212957E-03   -0.11085808E-04
    0.86554151E+01    0.14296834E-03   -0.12021704E-04
    0.93554881E+01    0.15414610E-03   -0.12981747E-04
    0.10077957E+02    0.16564890E-03   -0.13966068E-04
    0.10822947E+02    0.17747720E-03   -0.14975555E-04
    0.11591442E+02    0.18964646E-03   -0.16012149E-04
    0.12385318E+02    0.20218575E-03   -0.17078841E-04
    0.13207494E+02    0.21513733E-03   -0.18179559E-04
    0.14062226E+02    0.22856649E-03   -0.19320017E-04
    0.14955669E+02    0.24256949E-03   -0.20508548E-04
    0.15896910E+02    0.25728289E-03   -0.21756980E-04
    0.16900046E+02    0.27292492E-03   -0.23083778E-04
    0.17988891E+02    0.28985626E-03   -0.24519837E-04
    0.19210020E+02    0.30878929E-03   -0.26125482E-04
    0.20685952E+02    0.33160295E-03   -0.28060155E-04
    0.45550420E+01    0.76720815E-04   -0.60237757E-05
    0.45693324E+01    0.76954710E-04   -0.60478394E-05
    0.46821730E+01    0.78800804E-04   -0.62359792E-05
    0.49005144E+01    0.82367148E-04   -0.65915947E-05
    0.52119671E+01    0.87445184E-04   -0.70833017E-05
    0.56022368E+01    0.93792068E-04   -0.76799731E-05
    0.60576475E+01    0.10117820E-03   -0.83565299E-05
    0.65665002E+01    0.10940815E-03   -0.90949578E-05
    0.71194760E+01    0.11832487E-03   -0.98826453E-05
    0.77095111E+01    0.12781273E-03   -0.10711179E-04
    0.83314707E+01    0.13778531E-03   -0.11574882E-04
    0.89818025E+01    0.14818362E-03   -0.12470206E-04
    0.96582464E+01    0.15897029E-03   -0.13394959E-04
    0.10359622E+02    0.17012480E-03   -0.14348363E-04
    0.11085700E+02    0.18164210E-03   -0.15330530E-04
    0.11837149E+02    0.19353071E-03   -0.16342807E-04
    0.12615573E+02    0.20581574E-03   -0.17387395E-04
    0.13423653E+02    0.21853558E-03   -0.18468198E-04
    0.14265440E+02    0.23175564E-03   -0.19590695E-04
    0.15146901E+02    0.24556193E-03   -0.20762521E-04
    0.16076950E+02    0.26009452E-03   -0.21995467E-04
    0.17069509E+02    0.27556169E-03   -0.23307537E-04
    0.18148189E+02    0.29232828E-03   -0.24729506E-04
    0.19359272E+02    0.31110132E-03   -0.26321545E-04
    0.20824629E+02    0.33374197E-03   -0.28241569E-04
    0.52433740E+01    0.87956787E-04   -0.71320393E-05
    0.52557931E+01    0.88159049E-04   -0.71512733E-05
    0.53541860E+01    0.89760206E-04   -0.73029183E-05
    0.55461342E+01    0.92880797E-04   -0.75952948E-05
    0.58231576E+01    0.97378014E-04   -0.80104099E-05
    0.61749186E+01    0.10307724E-03   -0.85281749E-05
    0.65908768E+01    0.10980175E-03   -0.91299801E-05
    0.70614083E+01    0.11738984E-03   -0.98005163E-05
    0.75783574E+01    0.12570647E-03   -0.10527850E-04
    0.81351782E+01    0.13464098E-03   -0.11303232E-04
    0.87268532E+01    0.14411024E-03   -0.12120031E-04
    0.93497240E+01    0.15405420E-03   -0.12973871E-04
    0.10001314E+02    0.16443006E-03   -0.13861904E-04
    0.10680184E+02    0.17521379E-03   -0.14782537E-04
    0.11385838E+02    0.18639351E-03   -0.15735239E-04
    0.12118690E+02    0.19797814E-03   -0.16721063E-04
    0.12880110E+02    0.20998377E-03   -0.17741676E-04
    0.13672564E+02    0.22244874E-03   -0.18800539E-04
    0.14499908E+02    0.23543052E-03   -0.19902661E-04
    0.15367927E+02    0.24901921E-03   -0.21055905E-04
    0.16285358E+02    0.26334442E-03   -0.22271180E-04
    0.17265940E+02    0.27861942E-03   -0.23566829E-04
    0.18333067E+02    0.29519854E-03   -0.24972926E-04
    0.19532690E+02    0.31378399E-03   -0.26549047E-04
    0.20985941E+02    0.33622961E-03   -0.28452552E-04
    0.59378861E+01    0.99237777E-04   -0.81802879E-05
    0.59488556E+01    0.99415536E-04   -0.81964733E-05
    0.60359613E+01    0.10082688E-03   -0.83246835E-05
    0.62068611E+01    0.10359416E-03   -0.85747293E-05
    0.64555933E+01    0.10761641E-03   -0.89352724E-05
    0.67745953E+01    0.11276700E-03   -0.93928757E-05
    0.71557793E+01    0.11890959E-03   -0.99339366E-05
    0.75913772E+01    0.12591563E-03   -0.10546073E-04
    0.80744673E+01    0.13366812E-03   -0.11219042E-04
    0.85992235E+01    0.14207003E-03   -0.11944311E-04
    0.91609763E+01    0.15104395E-03   -0.12715737E-04
    0.97561704E+01    0.16052936E-03   -0.13528357E-04
    0.10382283E+02    0.17048461E-03   -0.14379079E-04
    0.11037747E+02    0.18088254E-03   -0.15265791E-04
    0.11721895E+02    0.19170931E-03   -0.16187754E-04
    0.12434958E+02    0.20296885E-03   -0.17145428E-04
    0.13178117E+02    0.21467511E-03   -0.18140298E-04
    0.13953657E+02    0.22686333E-03   -0.19175404E-04
    0.14765258E+02    0.23958853E-03   -0.20255526E-04
    0.15618537E+02    0.25293649E-03   -0.21388164E-04
    0.16522058E+02    0.26703564E-03   -0.22584294E-04
    0.17489374E+02    0.28209498E-03   -0.23861601E-04
    0.18543647E+02    0.29846520E-03   -0.25249903E-04
    0.19730472E+02    0.31684352E-03   -0.26808554E-04
    0.21170150E+02    0.33906986E-03   -0.28693406E-04
    0.66396542E+01    0.11058903E-03   -0.91999614E-05
    0.66494660E+01    0.11074736E-03   -0.92140223E-05
    0.67275065E+01    0.11200694E-03   -0.93256610E-05
    0.68812529E+01    0.11448662E-03   -0.95448731E-05
    0.71064197E+01    0.11811463E-03   -0.98641886E-05
    0.73974088E+01    0.12279731E-03   -0.10274239E-04
    0.77480122E+01    0.12843085E-03   -0.10764887E-04
    0.81520258E+01    0.13491086E-03   -0.11326577E-04
    0.86036933E+01    0.14214149E-03   -0.11950468E-04
    0.90979756E+01    0.15003821E-03   -0.12629423E-04
    0.96306803E+01    0.15853139E-03   -0.13357406E-04
    0.10198499E+02    0.16756503E-03   -0.14129768E-04
    0.10798996E+02    0.17709757E-03   -0.14943188E-04
    0.11430589E+02    0.18710211E-03   -0.15795582E-04
    0.12092533E+02    0.19756511E-03   -0.16685930E-04
    0.12784940E+02    0.20848369E-03   -0.17614251E-04
    0.13508859E+02    0.21987522E-03   -0.18581980E-04
    0.14266431E+02    0.23177119E-03   -0.19592015E-04
    0.15061187E+02    0.24422143E-03   -0.20648739E-04
    0.15898591E+02    0.25730912E-03   -0.21759207E-04
    0.16787046E+02    0.27116457E-03   -0.22934487E-04
    0.17739919E+02    0.28598834E-03   -0.24191819E-04
    0.18780132E+02    0.30213088E-03   -0.25560795E-04
    0.19952895E+02    0.32028155E-03   -0.27100066E-04
    0.21377600E+02    0.34226541E-03   -0.28964415E-04
    0.73498951E+01    0.12203314E-03   -0.10207471E-04
    0.73587600E+01    0.12217571E-03   -0.10219934E-04
    0.74293536E+01    0.12331111E-03   -0.10319086E-04
    0.75688567E+01    0.12555383E-03   -0.10514551E-04
    0.77741335E+01    0.12885017E-03   -0.10801309E-04
    0.80409954E+01    0.13313147E-03   -0.11172581E-04
    0.83646664E+01    0.13831665E-03   -0.11620773E-04
    0.87402216E+01    0.14432394E-03   -0.12138420E-04
    0.91629410E+01    0.15107531E-03   -0.12718427E-04
    0.96285571E+01    0.15849758E-03   -0.13354513E-04
    0.10133408E+02    0.16653025E-03   -0.14041385E-04
    0.10674518E+02    0.17512382E-03   -0.14774867E-04
    0.11249634E+02    0.18423761E-03   -0.15551621E-04
    0.11857248E+02    0.19384817E-03   -0.16369816E-04
    0.12496611E+02    0.20394059E-03   -0.17228052E-04
    0.13167788E+02    0.21451253E-03   -0.18126488E-04
    0.13871742E+02    0.22557645E-03   -0.19066132E-04
    0.14610510E+02    0.23716381E-03   -0.20049798E-04
    0.15387505E+02    0.24932519E-03   -0.21081869E-04
    0.16208059E+02    0.26213912E-03   -0.22168956E-04
    0.17080424E+02    0.27573164E-03   -0.23321957E-04
    0.18017788E+02    0.29030480E-03   -0.24557864E-04
    0.19042829E+02    0.30620136E-03   -0.25906018E-04
    0.20200346E+02    0.32410539E-03   -0.27424348E-04
    0.21608742E+02    0.34582647E-03   -0.29266409E-04
    0.80700036E+01    0.13359656E-03   -0.11212848E-04
    0.80780782E+01    0.13372600E-03   -0.11224052E-04
    0.81424379E+01    0.13475727E-03   -0.11313293E-04
    0.82699209E+01    0.13679956E-03   -0.11489764E-04
    0.84582002E+01    0.13981368E-03   -0.11749932E-04
    0.87041144E+01    0.14374677E-03   -0.12088744E-04
    0.90039793E+01    0.14853763E-03   -0.12500609E-04
    0.93539016E+01    0.15412080E-03   -0.12979579E-04
    0.97500507E+01    0.16043191E-03   -0.13520019E-04
    0.10188872E+02    0.16741198E-03   -0.14116698E-04
    0.10667237E+02    0.17500822E-03   -0.14765013E-04
    0.11182546E+02    0.18317566E-03   -0.15461180E-04
    0.11732786E+02    0.19188152E-03   -0.16202417E-04
    0.12316587E+02    0.20110073E-03   -0.16986587E-04
    0.12933263E+02    0.21082080E-03   -0.17812792E-04
    0.13582880E+02    0.22103952E-03   -0.18680862E-04
    0.14266367E+02    0.23177018E-03   -0.19591929E-04
    0.14985693E+02    0.24303986E-03   -0.20548439E-04
    0.15744184E+02    0.25489922E-03   -0.21554754E-04
    0.16547059E+02    0.26742511E-03   -0.22617341E-04
    0.17402439E+02    0.28074234E-03   -0.23746883E-04
    0.18323337E+02    0.29504762E-03   -0.24960132E-04
    0.19332183E+02    0.31068213E-03   -0.26285989E-04
    0.20473348E+02    0.32832162E-03   -0.27781915E-04
    0.21864165E+02    0.34975888E-03   -0.29599889E-04
    0.88016018E+01    0.14530519E-03   -0.12222799E-04
    0.88090059E+01    0.14542355E-03   -0.12232972E-04
    0.88680624E+01    0.14636734E-03   -0.12314098E-04
    0.89852561E+01    0.14823875E-03   -0.12474941E-04
    0.91588421E+01    0.15100989E-03   -0.12712814E-04
    0.93864180E+01    0.15463913E-03   -0.13024005E-04
    0.96651374E+01    0.15908000E-03   -0.13404345E-04
    0.99919323E+01    0.16428080E-03   -0.13849148E-04
    0.10363722E+02    0.17018988E-03   -0.14353920E-04
    0.10777585E+02    0.17675825E-03   -0.14914252E-04
    0.11230903E+02    0.18394117E-03   -0.15526375E-04
    0.11721457E+02    0.19170238E-03   -0.16187164E-04
    0.12247510E+02    0.20001080E-03   -0.16893906E-04
    0.12807871E+02    0.20884521E-03   -0.17644963E-04
    0.13401960E+02    0.21819461E-03   -0.18439238E-04
    0.14029892E+02    0.22805943E-03   -0.19276962E-04
    0.14692599E+02    0.23845025E-03   -0.20158970E-04
    0.15392019E+02    0.24939573E-03   -0.21087853E-04
    0.16131415E+02    0.26094438E-03   -0.22067566E-04
    0.16915921E+02    0.27317197E-03   -0.23104737E-04
    0.17753538E+02    0.28620018E-03   -0.24209771E-04
    0.18657115E+02    0.30022468E-03   -0.25399138E-04
    0.19648831E+02    0.31558128E-03   -0.26701484E-04
    0.20772607E+02    0.33294007E-03   -0.28173545E-04
    0.22144637E+02    0.35407392E-03   -0.29965858E-04
    0.95466086E+01    0.15719197E-03   -0.13242761E-04
    0.95534353E+01    0.15730078E-03   -0.13252077E-04
    0.96079172E+01    0.15816887E-03   -0.13326384E-04
    0.97161911E+01    0.15989276E-03   -0.13473885E-04
    0.98769393E+01    0.16245147E-03   -0.13692784E-04
    0.10088329E+02    0.16581377E-03   -0.13980159E-04
    0.10348160E+02    0.16994280E-03   -0.14332824E-04
    0.10654025E+02    0.17479839E-03   -0.14747126E-04
    0.11003466E+02    0.18033932E-03   -0.15219491E-04
    0.11394116E+02    0.18652460E-03   -0.15746403E-04
    0.11823821E+02    0.19332018E-03   -0.16324892E-04
    0.12290732E+02    0.20069269E-03   -0.16951891E-04
    0.12793399E+02    0.20861704E-03   -0.17625580E-04
    0.13330833E+02    0.21707653E-03   -0.18344274E-04
    0.13902592E+02    0.22606129E-03   -0.19107302E-04
    0.14508874E+02    0.23557102E-03   -0.19914587E-04
    0.15150644E+02    0.24562047E-03   -0.20767486E-04
    0.15829838E+02    0.25623619E-03   -0.21668170E-04
    0.16549686E+02    0.26746603E-03   -0.22620813E-04
    0.17315252E+02    0.27938622E-03   -0.23631859E-04
    0.18134433E+02    0.29211471E-03   -0.24711387E-04
    0.19019923E+02    0.30584651E-03   -0.25875947E-04
    0.19993651E+02    0.32091153E-03   -0.27153497E-04
    0.21099070E+02    0.33797475E-03   -0.28600518E-04
    0.22451158E+02    0.35878539E-03   -0.30365416E-04
    0.10307337E+02    0.16929455E-03   -0.14277464E-04
    0.10313660E+02    0.16939497E-03   -0.14286041E-04
    0.10364146E+02    0.17019663E-03   -0.14354496E-04
    0.10464599E+02    0.17179135E-03   -0.14490602E-04
    0.10614018E+02    0.17416283E-03   -0.14692950E-04
    0.10811006E+02    0.17728791E-03   -0.14959418E-04
    0.11053863E+02    0.18113783E-03   -0.15287552E-04
    0.11340710E+02    0.18567896E-03   -0.15674381E-04
    0.11669607E+02    0.19088240E-03   -0.16117349E-04
    0.12038660E+02    0.19671413E-03   -0.16613518E-04
    0.12446131E+02    0.20314501E-03   -0.17160408E-04
    0.12890522E+02    0.21014779E-03   -0.17755609E-04
    0.13370658E+02    0.21770259E-03   -0.18397448E-04
    0.13885768E+02    0.22579690E-03   -0.19084851E-04
    0.14435565E+02    0.23442220E-03   -0.19817070E-04
    0.15020349E+02    0.24358249E-03   -0.20594484E-04
    0.15641146E+02    0.25328998E-03   -0.21418160E-04
    0.16299915E+02    0.26357156E-03   -0.22290440E-04
    0.16999869E+02    0.27447795E-03   -0.23215563E-04
    0.17746025E+02    0.28608331E-03   -0.24199867E-04
    0.18546188E+02    0.29850463E-03   -0.25253247E-04
    0.19412906E+02    0.31193069E-03   -0.26391902E-04
    0.20367856E+02    0.32669271E-03   -0.27643738E-04
    0.21454002E+02    0.34344349E-03   -0.29064327E-04
    0.22785038E+02    0.36391528E-03   -0.30800561E-04
    0.11086635E+02    0.18165691E-03   -0.15331792E-04
    0.11092514E+02    0.18175001E-03   -0.15339726E-04
    0.11139471E+02    0.18249362E-03   -0.15403085E-04
    0.11232992E+02    0.18397423E-03   -0.15529191E-04
    0.11372321E+02    0.18617946E-03   -0.15717009E-04
    0.11556389E+02    0.18909223E-03   -0.15964982E-04
    0.11783894E+02    0.19268940E-03   -0.16271201E-04
    0.12053381E+02    0.19694670E-03   -0.16633309E-04
    0.12363333E+02    0.20183871E-03   -0.17049334E-04
    0.12712263E+02    0.20733853E-03   -0.17516903E-04
    0.13098797E+02    0.21342593E-03   -0.18034189E-04
    0.13521755E+02    0.22007806E-03   -0.18599207E-04
    0.13980229E+02    0.22728037E-03   -0.19210813E-04
    0.14473661E+02    0.23501920E-03   -0.19867745E-04
    0.15001927E+02    0.24329411E-03   -0.20570009E-04
    0.15565448E+02    0.25210625E-03   -0.21317731E-04
    0.16165326E+02    0.26147305E-03   -0.22112435E-04
    0.16803557E+02    0.27142195E-03   -0.22956312E-04
    0.17483359E+02    0.28200143E-03   -0.23853665E-04
    0.18209714E+02    0.29328387E-03   -0.24810572E-04
    0.18990350E+02    0.30538845E-03   -0.25837123E-04
    0.19837672E+02    0.31850088E-03   -0.26949063E-04
    0.20773104E+02    0.33294772E-03   -0.28174194E-04
    0.21839105E+02    0.34937337E-03   -0.29567182E-04
    0.23148007E+02    0.36948804E-03   -0.31273151E-04
    0.11888103E+02    0.19433553E-03   -0.16411261E-04
    0.11893586E+02    0.19442213E-03   -0.16418624E-04
    0.11937392E+02    0.19511414E-03   -0.16477443E-04
    0.12024709E+02    0.19649371E-03   -0.16594761E-04
    0.12154966E+02    0.19855073E-03   -0.16769756E-04
    0.12327353E+02    0.20127068E-03   -0.17001037E-04
    0.12540880E+02    0.20463832E-03   -0.17287351E-04
    0.12794433E+02    0.20863335E-03   -0.17626965E-04
    0.13086845E+02    0.21323769E-03   -0.18018197E-04
    0.13416972E+02    0.21843058E-03   -0.18459280E-04
    0.13783758E+02    0.22419423E-03   -0.18948760E-04
    0.14186309E+02    0.23051346E-03   -0.19485285E-04
    0.14623964E+02    0.23737465E-03   -0.20067695E-04
    0.15096369E+02    0.24477164E-03   -0.20695461E-04
    0.15603568E+02    0.25270241E-03   -0.21368304E-04
    0.16146104E+02    0.26117341E-03   -0.22087004E-04
    0.16725169E+02    0.27020001E-03   -0.22852705E-04
    0.17342810E+02    0.27981476E-03   -0.23668208E-04
    0.18002260E+02    0.29006378E-03   -0.24537430E-04
    0.18708479E+02    0.30102059E-03   -0.25466632E-04
    0.19469127E+02    0.31280026E-03   -0.26465645E-04
    0.20296471E+02    0.32558948E-03   -0.27550195E-04
    0.21211680E+02    0.33970962E-03   -0.28747665E-04
    0.22256685E+02    0.35579659E-03   -0.30111987E-04
    0.23542382E+02    0.37553730E-03   -0.31786326E-04
    0.12716426E+02    0.20740409E-03   -0.17522480E-04
    0.12721552E+02    0.20748482E-03   -0.17529345E-04
    0.12762517E+02    0.20813023E-03   -0.17584216E-04
    0.12844226E+02    0.20941832E-03   -0.17693643E-04
    0.12966252E+02    0.21133996E-03   -0.17856912E-04
    0.13127991E+02    0.21388580E-03   -0.18073254E-04
    0.13328698E+02    0.21704296E-03   -0.18341423E-04
    0.13567535E+02    0.22079819E-03   -0.18660367E-04
    0.13843628E+02    0.22513461E-03   -0.19028612E-04
    0.14156117E+02    0.23003941E-03   -0.19445060E-04
    0.14504223E+02    0.23549815E-03   -0.19908401E-04
    0.14887306E+02    0.24149867E-03   -0.20417708E-04
    0.15304928E+02    0.24803418E-03   -0.20972291E-04
    0.15756931E+02    0.25509819E-03   -0.21571639E-04
    0.16243517E+02    0.26269188E-03   -0.22215843E-04
    0.16765357E+02    0.27082643E-03   -0.22905817E-04
    0.17323734E+02    0.27951812E-03   -0.23643047E-04
    0.17920757E+02    0.28879847E-03   -0.24430143E-04
    0.18559684E+02    0.29871402E-03   -0.25271008E-04
    0.19245459E+02    0.30933828E-03   -0.26172042E-04
    0.19985680E+02    0.32078829E-03   -0.27143046E-04
    0.20792480E+02    0.33324644E-03   -0.28199533E-04
    0.21686767E+02    0.34702721E-03   -0.29368226E-04
    0.22709921E+02    0.36276174E-03   -0.30702670E-04
    0.23971322E+02    0.38211303E-03   -0.32344078E-04
    0.13577942E+02    0.22096186E-03   -0.18674267E-04
    0.13582743E+02    0.22103735E-03   -0.18680678E-04
    0.13621118E+02    0.22164062E-03   -0.18731911E-04
    0.13697706E+02    0.22284347E-03   -0.18834059E-04
    0.13812194E+02    0.22464076E-03   -0.18986676E-04
    0.13964138E+02    0.22702785E-03   -0.19189373E-04
    0.14152992E+02    0.22999036E-03   -0.19440897E-04
    0.14378144E+02    0.23352235E-03   -0.19740683E-04
    0.14638956E+02    0.23760961E-03   -0.20087638E-04
    0.14934814E+02    0.24224273E-03   -0.20480837E-04
    0.15265173E+02    0.24741227E-03   -0.20919486E-04
    0.15629615E+02    0.25310971E-03   -0.21402862E-04
    0.16027908E+02    0.25932835E-03   -0.21930518E-04
    0.16460069E+02    0.26607016E-03   -0.22502372E-04
    0.16926454E+02    0.27333586E-03   -0.23118642E-04
    0.17427857E+02    0.28113789E-03   -0.23780427E-04
    0.17965655E+02    0.28949554E-03   -0.24489255E-04
    0.18542021E+02    0.29843997E-03   -0.25247763E-04
    0.19160242E+02    0.30801900E-03   -0.26060130E-04
    0.19825254E+02    0.31830891E-03   -0.26932789E-04
    0.20544596E+02    0.32942080E-03   -0.27875150E-04
    0.21330266E+02    0.34153611E-03   -0.28902563E-04
    0.22202902E+02    0.35496988E-03   -0.30041858E-04
    0.23203308E+02    0.37033636E-03   -0.31345125E-04
    0.24439257E+02    0.38927841E-03   -0.32951807E-04
    0.14481642E+02    0.23514428E-03   -0.19878363E-04
    0.14486144E+02    0.23521482E-03   -0.19884351E-04
    0.14522132E+02    0.23577878E-03   -0.19932224E-04
    0.14593992E+02    0.23690494E-03   -0.20027823E-04
    0.14701502E+02    0.23858976E-03   -0.20170804E-04
    0.14844346E+02    0.24082637E-03   -0.20360618E-04
    0.15022139E+02    0.24361051E-03   -0.20596863E-04
    0.15234451E+02    0.24693158E-03   -0.20878686E-04
    0.15480843E+02    0.25078369E-03   -0.21205573E-04
    0.15760905E+02    0.25516022E-03   -0.21576903E-04
    0.16074295E+02    0.26005306E-03   -0.21991952E-04
    0.16420790E+02    0.26545805E-03   -0.22450441E-04
    0.16800336E+02    0.27137174E-03   -0.22952054E-04
    0.17213115E+02    0.27779771E-03   -0.23497167E-04
    0.17659624E+02    0.28474004E-03   -0.24086003E-04
    0.18140773E+02    0.29221314E-03   -0.24719738E-04
    0.18658034E+02    0.30023893E-03   -0.25400346E-04
    0.19213641E+02    0.30884536E-03   -0.26130239E-04
    0.19810914E+02    0.31808720E-03   -0.26913996E-04
    0.20454784E+02    0.32803518E-03   -0.27757612E-04
    0.21152727E+02    0.33880146E-03   -0.28670641E-04
    0.21916608E+02    0.35056537E-03   -0.29668305E-04
    0.22766781E+02    0.36363481E-03   -0.30776763E-04
    0.23743441E+02    0.37862049E-03   -0.32047772E-04
    0.24952650E+02    0.39713133E-03   -0.33617984E-04
    0.15441155E+02    0.25016354E-03   -0.21152982E-04
    0.15445377E+02    0.25022950E-03   -0.21158576E-04
    0.15479135E+02    0.25075700E-03   -0.21203310E-04
    0.15546572E+02    0.25181109E-03   -0.21292698E-04
    0.15647539E+02    0.25338990E-03   -0.21426640E-04
    0.15781823E+02    0.25548673E-03   -0.21604603E-04
    0.15949168E+02    0.25809843E-03   -0.21826207E-04
    0.16149297E+02    0.26122319E-03   -0.22091229E-04
    0.16381936E+02    0.26485193E-03   -0.22399026E-04
    0.16646845E+02    0.26897977E-03   -0.22749233E-04
    0.16943857E+02    0.27360662E-03   -0.23141616E-04
    0.17272917E+02    0.27872791E-03   -0.23576029E-04
    0.17634132E+02    0.28434400E-03   -0.24052416E-04
    0.18027830E+02    0.29046064E-03   -0.24571078E-04
    0.18454637E+02    0.29708401E-03   -0.25132764E-04
    0.18915575E+02    0.30423039E-03   -0.25738923E-04
    0.19412201E+02    0.31191979E-03   -0.26390977E-04
    0.19946813E+02    0.32018755E-03   -0.27092094E-04
    0.20522759E+02    0.32908389E-03   -0.27846579E-04
    0.21144964E+02    0.33868186E-03   -0.28660496E-04
    0.21820843E+02    0.34909234E-03   -0.29543341E-04
    0.22562114E+02    0.36049147E-03   -0.30510189E-04
    0.23388836E+02    0.37318356E-03   -0.31586606E-04
    0.24340548E+02    0.38776636E-03   -0.32823605E-04
    0.25521482E+02    0.40582396E-03   -0.34355400E-04
    0.16479189E+02    0.26636798E-03   -0.22527641E-04
    0.16483145E+02    0.26642959E-03   -0.22532869E-04
    0.16514782E+02    0.26692231E-03   -0.22574677E-04
    0.16578007E+02    0.26790728E-03   -0.22658254E-04
    0.16672728E+02    0.26938299E-03   -0.22783428E-04
    0.16798819E+02    0.27134810E-03   -0.22950049E-04
    0.16956131E+02    0.27379756E-03   -0.23157819E-04
    0.17144509E+02    0.27672975E-03   -0.23406622E-04
    0.17363819E+02    0.28014151E-03   -0.23695925E-04
    0.17613967E+02    0.28403079E-03   -0.24025848E-04
    0.17894934E+02    0.28839757E-03   -0.24396130E-04
    0.18206813E+02    0.29323881E-03   -0.24806750E-04
    0.18549852E+02    0.29856147E-03   -0.25258068E-04
    0.18924509E+02    0.30436879E-03   -0.25750661E-04
    0.19331529E+02    0.31067200E-03   -0.26285130E-04
    0.19772035E+02    0.31748606E-03   -0.26863037E-04
    0.20247665E+02    0.32483582E-03   -0.27486290E-04
    0.20760774E+02    0.33275759E-03   -0.28158068E-04
    0.21314738E+02    0.34129694E-03   -0.28882280E-04
    0.21914467E+02    0.35053246E-03   -0.29665513E-04
    0.22567312E+02    0.36057137E-03   -0.30516966E-04
    0.23284832E+02    0.37158748E-03   -0.31451272E-04
    0.24086761E+02    0.38388068E-03   -0.32493991E-04
    0.25011931E+02    0.39803840E-03   -0.33694929E-04
    0.26162577E+02    0.41560885E-03   -0.35185479E-04
    0.17639835E+02    0.28443260E-03   -0.24059931E-04
    0.17643531E+02    0.28449001E-03   -0.24064800E-04
    0.17673090E+02    0.28494929E-03   -0.24103747E-04
    0.17732186E+02    0.28586805E-03   -0.24181625E-04
    0.17820774E+02    0.28724573E-03   -0.24298402E-04
    0.17938797E+02    0.28907854E-03   -0.24453897E-04
    0.18086195E+02    0.29136618E-03   -0.24647882E-04
    0.18262921E+02    0.29411013E-03   -0.24880648E-04
    0.18468955E+02    0.29730615E-03   -0.25151600E-04
    0.18704329E+02    0.30095629E-03   -0.25461180E-04
    0.18969153E+02    0.30506018E-03   -0.25809294E-04
    0.19263648E+02    0.30962020E-03   -0.26195946E-04
    0.19588188E+02    0.31464299E-03   -0.26621892E-04
    0.19943348E+02    0.32013402E-03   -0.27087553E-04
    0.20329981E+02    0.32610729E-03   -0.27594100E-04
    0.20749300E+02    0.33258064E-03   -0.28143060E-04
    0.21203020E+02    0.33957622E-03   -0.28736352E-04
    0.21693543E+02    0.34713154E-03   -0.29377072E-04
    0.22224269E+02    0.35529834E-03   -0.30069720E-04
    0.22800087E+02    0.36414656E-03   -0.30820181E-04
    0.23428267E+02    0.37378822E-03   -0.31637886E-04
    0.24120189E+02    0.38439259E-03   -0.32537401E-04
    0.24895223E+02    0.39625284E-03   -0.33543460E-04
    0.25791409E+02    0.40994536E-03   -0.34705027E-04
    0.26908745E+02    0.42698093E-03   -0.36150352E-04
    0.19038682E+02    0.30613713E-03   -0.25900575E-04
    0.19042106E+02    0.30619017E-03   -0.25905070E-04
    0.19069498E+02    0.30661449E-03   -0.25941028E-04
    0.19124279E+02    0.30746262E-03   -0.26012932E-04
    0.19206447E+02    0.30873398E-03   -0.26120791E-04
    0.19316006E+02    0.31043161E-03   -0.26264743E-04
    0.19452972E+02    0.31255032E-03   -0.26444452E-04
    0.19617389E+02    0.31509487E-03   -0.26660222E-04
    0.19809340E+02    0.31806285E-03   -0.26911932E-04
    0.20028968E+02    0.32145759E-03   -0.27199806E-04
    0.20276499E+02    0.32528101E-03   -0.27524039E-04
    0.20552270E+02    0.32953920E-03   -0.27885191E-04
    0.20856767E+02    0.33423731E-03   -0.28283590E-04
    0.21190677E+02    0.33938608E-03   -0.28720226E-04
    0.21554947E+02    0.34499863E-03   -0.29196208E-04
    0.21950879E+02    0.35109244E-03   -0.29712999E-04
    0.22380252E+02    0.35769561E-03   -0.30273033E-04
    0.22845513E+02    0.36484483E-03   -0.30879400E-04
    0.23350070E+02    0.37258879E-03   -0.31536182E-04
    0.23898779E+02    0.38100071E-03   -0.32249743E-04
    0.24498803E+02    0.39018962E-03   -0.33029085E-04
    0.25161303E+02    0.40032104E-03   -0.33888546E-04
    0.25905208E+02    0.41168182E-03   -0.34852360E-04
    0.26767601E+02    0.42482986E-03   -0.35967808E-04
    0.27845793E+02    0.44123797E-03   -0.37360022E-04
