    0.27250841E-04    0.19687169E-05    0.10501559E+01
    0.37712350E+00    0.27226665E-01    0.10501559E+01
    0.11317666E+01    0.81267842E-01    0.10501559E+01
    0.18876036E+01    0.13406830E+00    0.10501559E+01
    0.26454486E+01    0.18478654E+00    0.10501559E+01
    0.34061441E+01    0.23255900E+00    0.10501559E+01
    0.41705738E+01    0.27649006E+00    0.10501559E+01
    0.49396776E+01    0.31564085E+00    0.10501559E+01
    0.57144684E+01    0.34901617E+00    0.10501559E+01
    0.64960535E+01    0.37554988E+00    0.10501559E+01
    0.72856607E+01    0.39506631E+00    0.10501559E+01
    0.80846706E+01    0.40968592E+00    0.10501559E+01
    0.88946602E+01    0.42104502E+00    0.10501559E+01
    0.97174598E+01    0.43015467E+00    0.10501559E+01
    0.10555231E+02    0.43766798E+00    0.10501559E+01
    0.11410577E+02    0.44402333E+00    0.10501559E+01
    0.12286702E+02    0.44952539E+00    0.10501559E+01
    0.13187652E+02    0.45439315E+00    0.10501559E+01
    0.14118692E+02    0.45878984E+00    0.10501559E+01
    0.15086942E+02    0.46284272E+00    0.10501559E+01
    0.16102503E+02    0.46665755E+00    0.10501559E+01
    0.17180679E+02    0.47033150E+00    0.10501559E+01
    0.18346974E+02    0.47396972E+00    0.10501559E+01
    0.19650901E+02    0.47772025E+00    0.10501559E+01
    0.21222271E+02    0.48190439E+00    0.10501559E+01
    0.66203199E+00    0.47728775E-01    0.10501559E+01
    0.76191108E+00    0.54892434E-01    0.10501559E+01
    0.13111758E+01    0.93953988E-01    0.10501559E+01
    0.20003334E+01    0.14177516E+00    0.10501559E+01
    0.27270285E+01    0.19007618E+00    0.10501559E+01
    0.34698853E+01    0.23639089E+00    0.10501559E+01
    0.42227920E+01    0.27931890E+00    0.10501559E+01
    0.49838440E+01    0.31771597E+00    0.10501559E+01
    0.57526894E+01    0.35048824E+00    0.10501559E+01
    0.65297012E+01    0.37651783E+00    0.10501559E+01
    0.73156775E+01    0.39569492E+00    0.10501559E+01
    0.81117313E+01    0.41011406E+00    0.10501559E+01
    0.89192638E+01    0.42134851E+00    0.10501559E+01
    0.97399852E+01    0.43037726E+00    0.10501559E+01
    0.10575972E+02    0.43783611E+00    0.10501559E+01
    0.11429766E+02    0.44415365E+00    0.10501559E+01
    0.12304525E+02    0.44962870E+00    0.10501559E+01
    0.13204259E+02    0.45447669E+00    0.10501559E+01
    0.14134205E+02    0.45885857E+00    0.10501559E+01
    0.15101460E+02    0.46290013E+00    0.10501559E+01
    0.16116106E+02    0.46670611E+00    0.10501559E+01
    0.17193429E+02    0.47037300E+00    0.10501559E+01
    0.18358914E+02    0.47400545E+00    0.10501559E+01
    0.19662050E+02    0.47775111E+00    0.10501559E+01
    0.21232594E+02    0.48193088E+00    0.10501559E+01
    0.15202920E+01    0.10863061E+00    0.10501559E+01
    0.15663684E+01    0.11184675E+00    0.10501559E+01
    0.18953057E+01    0.13459646E+00    0.10501559E+01
    0.24237028E+01    0.17022920E+00    0.10501559E+01
    0.30511778E+01    0.21071512E+00    0.10501559E+01
    0.37300275E+01    0.25172405E+00    0.10501559E+01
    0.44390285E+01    0.29077841E+00    0.10501559E+01
    0.51683365E+01    0.32616646E+00    0.10501559E+01
    0.59132425E+01    0.35648216E+00    0.10501559E+01
    0.66715815E+01    0.38044949E+00    0.10501559E+01
    0.74425895E+01    0.39827628E+00    0.10501559E+01
    0.82263714E+01    0.41188648E+00    0.10501559E+01
    0.90236505E+01    0.42261261E+00    0.10501559E+01
    0.98356653E+01    0.43130881E+00    0.10501559E+01
    0.10664155E+02    0.43854244E+00    0.10501559E+01
    0.11511410E+02    0.44470275E+00    0.10501559E+01
    0.12380401E+02    0.45006508E+00    0.10501559E+01
    0.13274993E+02    0.45483027E+00    0.10501559E+01
    0.14200308E+02    0.45914997E+00    0.10501559E+01
    0.15163347E+02    0.46314383E+00    0.10501559E+01
    0.16174111E+02    0.46691250E+00    0.10501559E+01
    0.17247812E+02    0.47054955E+00    0.10501559E+01
    0.18409854E+02    0.47415758E+00    0.10501559E+01
    0.19709622E+02    0.47788260E+00    0.10501559E+01
    0.21276655E+02    0.48204382E+00    0.10501559E+01
    0.23851834E+01    0.16767489E+00    0.10501559E+01
    0.24148130E+01    0.16964035E+00    0.10501559E+01
    0.26400749E+01    0.18443683E+00    0.10501559E+01
    0.30417342E+01    0.21012280E+00    0.10501559E+01
    0.35619514E+01    0.24187435E+00    0.10501559E+01
    0.41582348E+01    0.27581820E+00    0.10501559E+01
    0.48044548E+01    0.30916532E+00    0.10501559E+01
    0.54853910E+01    0.33983835E+00    0.10501559E+01
    0.61922733E+01    0.36615005E+00    0.10501559E+01
    0.69201020E+01    0.38679947E+00    0.10501559E+01
    0.76661562E+01    0.40254269E+00    0.10501559E+01
    0.84291754E+01    0.41486694E+00    0.10501559E+01
    0.92089130E+01    0.42476666E+00    0.10501559E+01
    0.10005904E+02    0.43291273E+00    0.10501559E+01
    0.10821368E+02    0.43976862E+00    0.10501559E+01
    0.11657203E+02    0.44566234E+00    0.10501559E+01
    0.12516076E+02    0.45083180E+00    0.10501559E+01
    0.13401614E+02    0.45545426E+00    0.10501559E+01
    0.14318749E+02    0.45966609E+00    0.10501559E+01
    0.15274322E+02    0.46357680E+00    0.10501559E+01
    0.16278197E+02    0.46728009E+00    0.10501559E+01
    0.17345456E+02    0.47086468E+00    0.10501559E+01
    0.18501366E+02    0.47442961E+00    0.10501559E+01
    0.19795126E+02    0.47811808E+00    0.10501559E+01
    0.21355886E+02    0.48224637E+00    0.10501559E+01
    0.32537066E+01    0.22328086E+00    0.10501559E+01
    0.32754891E+01    0.22461633E+00    0.10501559E+01
    0.34449242E+01    0.23489373E+00    0.10501559E+01
    0.37616026E+01    0.25355060E+00    0.10501559E+01
    0.41934478E+01    0.27773212E+00    0.10501559E+01
    0.47104590E+01    0.30455756E+00    0.10501559E+01
    0.52896401E+01    0.33152674E+00    0.10501559E+01
    0.59149828E+01    0.35654543E+00    0.10501559E+01
    0.65758464E+01    0.37782272E+00    0.10501559E+01
    0.72653505E+01    0.39463693E+00    0.10501559E+01
    0.79791891E+01    0.40797997E+00    0.10501559E+01
    0.87148439E+01    0.41875975E+00    0.10501559E+01
    0.94710922E+01    0.42763449E+00    0.10501559E+01
    0.10247713E+02    0.43508078E+00    0.10501559E+01
    0.11045339E+02    0.44144641E+00    0.10501559E+01
    0.11865407E+02    0.44698840E+00    0.10501559E+01
    0.12710219E+02    0.45189993E+00    0.10501559E+01
    0.13583106E+02    0.45632937E+00    0.10501559E+01
    0.14488757E+02    0.46039395E+00    0.10501559E+01
    0.15433808E+02    0.46419021E+00    0.10501559E+01
    0.16427939E+02    0.46780289E+00    0.10501559E+01
    0.17486061E+02    0.47131433E+00    0.10501559E+01
    0.18633251E+02    0.47481886E+00    0.10501559E+01
    0.19918447E+02    0.47845585E+00    0.10501559E+01
    0.21470244E+02    0.48253753E+00    0.10501559E+01
    0.41261068E+01    0.27406272E+00    0.10501559E+01
    0.41433054E+01    0.27500355E+00    0.10501559E+01
    0.42785106E+01    0.28231131E+00    0.10501559E+01
    0.45373786E+01    0.29585083E+00    0.10501559E+01
    0.49013422E+01    0.31382365E+00    0.10501559E+01
    0.53503808E+01    0.33415102E+00    0.10501559E+01
    0.58667234E+01    0.35477727E+00    0.10501559E+01
    0.64362390E+01    0.37379388E+00    0.10501559E+01
    0.70483974E+01    0.38983601E+00    0.10501559E+01
    0.76956786E+01    0.40308104E+00    0.10501559E+01
    0.83729092E+01    0.41405907E+00    0.10501559E+01
    0.90767095E+01    0.42324095E+00    0.10501559E+01
    0.98050873E+01    0.43101352E+00    0.10501559E+01
    0.10557167E+02    0.43768371E+00    0.10501559E+01
    0.11333034E+02    0.44349174E+00    0.10501559E+01
    0.12133673E+02    0.44862533E+00    0.10501559E+01
    0.12961011E+02    0.45323219E+00    0.10501559E+01
    0.13818065E+02    0.45743030E+00    0.10501559E+01
    0.14709256E+02    0.46131622E+00    0.10501559E+01
    0.15640990E+02    0.46497217E+00    0.10501559E+01
    0.16622736E+02    0.46847272E+00    0.10501559E+01
    0.17669196E+02    0.47189292E+00    0.10501559E+01
    0.18805217E+02    0.47532156E+00    0.10501559E+01
    0.20079410E+02    0.47889347E+00    0.10501559E+01
    0.21619656E+02    0.48291587E+00    0.10501559E+01
    0.50031641E+01    0.31861745E+00    0.10501559E+01
    0.50173572E+01    0.31927726E+00    0.10501559E+01
    0.51295757E+01    0.32442058E+00    0.10501559E+01
    0.53474011E+01    0.33402323E+00    0.10501559E+01
    0.56595096E+01    0.34686947E+00    0.10501559E+01
    0.60525588E+01    0.36143008E+00    0.10501559E+01
    0.65134735E+01    0.37605276E+00    0.10501559E+01
    0.70307941E+01    0.38942845E+00    0.10501559E+01
    0.75951827E+01    0.40122520E+00    0.10501559E+01
    0.81994123E+01    0.41147558E+00    0.10501559E+01
    0.88381278E+01    0.42033946E+00    0.10501559E+01
    0.95075522E+01    0.42801767E+00    0.10501559E+01
    0.10205226E+02    0.43470875E+00    0.10501559E+01
    0.10929807E+02    0.44059076E+00    0.10501559E+01
    0.11680948E+02    0.44581616E+00    0.10501559E+01
    0.12459251E+02    0.45051276E+00    0.10501559E+01
    0.13266300E+02    0.45478701E+00    0.10501559E+01
    0.14104815E+02    0.45872823E+00    0.10501559E+01
    0.14978956E+02    0.46241283E+00    0.10501559E+01
    0.15894888E+02    0.46590864E+00    0.10501559E+01
    0.16861858E+02    0.46927983E+00    0.10501559E+01
    0.17894339E+02    0.47259372E+00    0.10501559E+01
    0.19016916E+02    0.47593317E+00    0.10501559E+01
    0.20277810E+02    0.47942798E+00    0.10501559E+01
    0.21804046E+02    0.48337964E+00    0.10501559E+01
    0.58858560E+01    0.35548163E+00    0.10501559E+01
    0.58979254E+01    0.35592369E+00    0.10501559E+01
    0.59936798E+01    0.35936804E+00    0.10501559E+01
    0.61811284E+01    0.36578257E+00    0.10501559E+01
    0.64530380E+01    0.37429169E+00    0.10501559E+01
    0.68003764E+01    0.38382114E+00    0.10501559E+01
    0.72136667E+01    0.39352926E+00    0.10501559E+01
    0.76839909E+01    0.40286858E+00    0.10501559E+01
    0.82035632E+01    0.41153908E+00    0.10501559E+01
    0.87659576E+01    0.41942166E+00    0.10501559E+01
    0.93661173E+01    0.42651039E+00    0.10501559E+01
    0.10000260E+02    0.43286061E+00    0.10501559E+01
    0.10665753E+02    0.43855512E+00    0.10501559E+01
    0.11361000E+02    0.44368438E+00    0.10501559E+01
    0.12085372E+02    0.44833627E+00    0.10501559E+01
    0.12839181E+02    0.45259147E+00    0.10501559E+01
    0.13623742E+02    0.45652230E+00    0.10501559E+01
    0.14441519E+02    0.46019321E+00    0.10501559E+01
    0.15296430E+02    0.46366245E+00    0.10501559E+01
    0.16194416E+02    0.46698448E+00    0.10501559E+01
    0.17144500E+02    0.47021351E+00    0.10501559E+01
    0.18160920E+02    0.47340925E+00    0.10501559E+01
    0.19267972E+02    0.47664858E+00    0.10501559E+01
    0.20513440E+02    0.48005605E+00    0.10501559E+01
    0.22023353E+02    0.48392687E+00    0.10501559E+01
    0.67752931E+01    0.38317852E+00    0.10501559E+01
    0.67857806E+01    0.38344801E+00    0.10501559E+01
    0.68691697E+01    0.38555012E+00    0.10501559E+01
    0.70333238E+01    0.38948719E+00    0.10501559E+01
    0.72734445E+01    0.39480844E+00    0.10501559E+01
    0.75832983E+01    0.40100131E+00    0.10501559E+01
    0.79560218E+01    0.40759718E+00    0.10501559E+01
    0.83848083E+01    0.41423111E+00    0.10501559E+01
    0.88633935E+01    0.42065622E+00    0.10501559E+01
    0.93863362E+01    0.42672934E+00    0.10501559E+01
    0.99491431E+01    0.43238535E+00    0.10501559E+01
    0.10548293E+02    0.43761157E+00    0.10501559E+01
    0.11181215E+02    0.44242714E+00    0.10501559E+01
    0.11846249E+02    0.44686848E+00    0.10501559E+01
    0.12542627E+02    0.45097986E+00    0.10501559E+01
    0.13270489E+02    0.45480786E+00    0.10501559E+01
    0.14030953E+02    0.45839851E+00    0.10501559E+01
    0.14826286E+02    0.46179619E+00    0.10501559E+01
    0.15660206E+02    0.46504387E+00    0.10501559E+01
    0.16538453E+02    0.46818430E+00    0.10501559E+01
    0.17469836E+02    0.47126269E+00    0.10501559E+01
    0.18468360E+02    0.47433169E+00    0.10501559E+01
    0.19558017E+02    0.47746239E+00    0.10501559E+01
    0.20786114E+02    0.48077412E+00    0.10501559E+01
    0.22277553E+02    0.48455545E+00    0.10501559E+01
    0.76727159E+01    0.40266279E+00    0.10501559E+01
    0.76819783E+01    0.40283191E+00    0.10501559E+01
    0.77557375E+01    0.40415918E+00    0.10501559E+01
    0.79014945E+01    0.40668434E+00    0.10501559E+01
    0.81159699E+01    0.41018077E+00    0.10501559E+01
    0.83947833E+01    0.41437483E+00    0.10501559E+01
    0.87329408E+01    0.41899525E+00    0.10501559E+01
    0.91252936E+01    0.42380816E+00    0.10501559E+01
    0.95669074E+01    0.42863373E+00    0.10501559E+01
    0.10053322E+02    0.43334777E+00    0.10501559E+01
    0.10580710E+02    0.43787441E+00    0.10501559E+01
    0.11145962E+02    0.44217528E+00    0.10501559E+01
    0.11746725E+02    0.44623873E+00    0.10501559E+01
    0.12381421E+02    0.45007091E+00    0.10501559E+01
    0.13049271E+02    0.45368898E+00    0.10501559E+01
    0.13750340E+02    0.45711654E+00    0.10501559E+01
    0.14485635E+02    0.46038072E+00    0.10501559E+01
    0.15257284E+02    0.46351066E+00    0.10501559E+01
    0.16068853E+02    0.46653716E+00    0.10501559E+01
    0.16925909E+02    0.46949330E+00    0.10501559E+01
    0.17837073E+02    0.47241654E+00    0.10501559E+01
    0.18816118E+02    0.47535324E+00    0.10501559E+01
    0.19886730E+02    0.47836918E+00    0.10501559E+01
    0.21095699E+02    0.48157863E+00    0.10501559E+01
    0.22566687E+02    0.48526329E+00    0.10501559E+01
    0.85795144E+01    0.41695772E+00    0.10501559E+01
    0.85877989E+01    0.41707016E+00    0.10501559E+01
    0.86538410E+01    0.41795650E+00    0.10501559E+01
    0.87847092E+01    0.41966200E+00    0.10501559E+01
    0.89781104E+01    0.42206575E+00    0.10501559E+01
    0.92309201E+01    0.42501527E+00    0.10501559E+01
    0.95394839E+01    0.42835028E+00    0.10501559E+01
    0.98999234E+01    0.43192210E+00    0.10501559E+01
    0.10308405E+02    0.43560588E+00    0.10501559E+01
    0.10761356E+02    0.43930545E+00    0.10501559E+01
    0.11255617E+02    0.44295288E+00    0.10501559E+01
    0.11788552E+02    0.44650479E+00    0.10501559E+01
    0.12358117E+02    0.44993749E+00    0.10501559E+01
    0.12962912E+02    0.45324209E+00    0.10501559E+01
    0.13602241E+02    0.45642035E+00    0.10501559E+01
    0.14276181E+02    0.45948147E+00    0.10501559E+01
    0.14985697E+02    0.46243982E+00    0.10501559E+01
    0.15732839E+02    0.46531364E+00    0.10501559E+01
    0.16521063E+02    0.46812453E+00    0.10501559E+01
    0.17355803E+02    0.47089793E+00    0.10501559E+01
    0.18245511E+02    0.47366494E+00    0.10501559E+01
    0.19203744E+02    0.47646655E+00    0.10501559E+01
    0.20253876E+02    0.47936378E+00    0.10501559E+01
    0.21442155E+02    0.48246614E+00    0.10501559E+01
    0.22890890E+02    0.48604843E+00    0.10501559E+01
    0.94972614E+01    0.42790989E+00    0.10501559E+01
    0.95047460E+01    0.42798831E+00    0.10501559E+01
    0.95644586E+01    0.42860850E+00    0.10501559E+01
    0.96830275E+01    0.42981196E+00    0.10501559E+01
    0.98588220E+01    0.43153095E+00    0.10501559E+01
    0.10089588E+02    0.43367717E+00    0.10501559E+01
    0.10372640E+02    0.43615368E+00    0.10501559E+01
    0.10705064E+02    0.43886552E+00    0.10501559E+01
    0.11083913E+02    0.44172759E+00    0.10501559E+01
    0.11506376E+02    0.44466914E+00    0.10501559E+01
    0.11969913E+02    0.44763534E+00    0.10501559E+01
    0.12472364E+02    0.45058665E+00    0.10501559E+01
    0.13012031E+02    0.45349699E+00    0.10501559E+01
    0.13587752E+02    0.45635148E+00    0.10501559E+01
    0.14198975E+02    0.45914411E+00    0.10501559E+01
    0.14845849E+02    0.46187580E+00    0.10501559E+01
    0.15529360E+02    0.46455290E+00    0.10501559E+01
    0.16251527E+02    0.46718623E+00    0.10501559E+01
    0.17015741E+02    0.46979082E+00    0.10501559E+01
    0.17827333E+02    0.47238633E+00    0.10501559E+01
    0.18694613E+02    0.47499885E+00    0.10501559E+01
    0.19630937E+02    0.47766493E+00    0.10501559E+01
    0.20659366E+02    0.48044148E+00    0.10501559E+01
    0.21825579E+02    0.48343358E+00    0.10501559E+01
    0.23250435E+02    0.48690917E+00    0.10501559E+01
    0.10427759E+02    0.43661739E+00    0.10501559E+01
    0.10434576E+02    0.43667434E+00    0.10501559E+01
    0.10488997E+02    0.43712584E+00    0.10501559E+01
    0.10597226E+02    0.43800761E+00    0.10501559E+01
    0.10758092E+02    0.43928009E+00    0.10501559E+01
    0.10969958E+02    0.44089045E+00    0.10501559E+01
    0.11230843E+02    0.44277868E+00    0.10501559E+01
    0.11538569E+02    0.44488352E+00    0.10501559E+01
    0.11890892E+02    0.44714728E+00    0.10501559E+01
    0.12285637E+02    0.44951920E+00    0.10501559E+01
    0.12720810E+02    0.45195725E+00    0.10501559E+01
    0.13194698E+02    0.45442862E+00    0.10501559E+01
    0.13705952E+02    0.45690935E+00    0.10501559E+01
    0.14253672E+02    0.45938345E+00    0.10501559E+01
    0.14837488E+02    0.46184180E+00    0.10501559E+01
    0.15457666E+02    0.46428110E+00    0.10501559E+01
    0.16115248E+02    0.46670305E+00    0.10501559E+01
    0.16812267E+02    0.46911378E+00    0.10501559E+01
    0.17552083E+02    0.47152383E+00    0.10501559E+01
    0.18339956E+02    0.47394871E+00    0.10501559E+01
    0.19184075E+02    0.47641067E+00    0.10501559E+01
    0.20097609E+02    0.47894272E+00    0.10501559E+01
    0.21103308E+02    0.48159826E+00    0.10501559E+01
    0.22246260E+02    0.48447839E+00    0.10501559E+01
    0.23645780E+02    0.48784422E+00    0.10501559E+01
    0.11373103E+02    0.44376743E+00    0.10501559E+01
    0.11379354E+02    0.44381024E+00    0.10501559E+01
    0.11429277E+02    0.44415033E+00    0.10501559E+01
    0.11528682E+02    0.44481783E+00    0.10501559E+01
    0.11676723E+02    0.44578885E+00    0.10501559E+01
    0.11872206E+02    0.44703086E+00    0.10501559E+01
    0.12113676E+02    0.44850595E+00    0.10501559E+01
    0.12399511E+02    0.45017412E+00    0.10501559E+01
    0.12728025E+02    0.45199625E+00    0.10501559E+01
    0.13097564E+02    0.45393637E+00    0.10501559E+01
    0.13506603E+02    0.45596319E+00    0.10501559E+01
    0.13953830E+02    0.45805086E+00    0.10501559E+01
    0.14438229E+02    0.46017918E+00    0.10501559E+01
    0.14959161E+02    0.46233347E+00    0.10501559E+01
    0.15516455E+02    0.46450412E+00    0.10501559E+01
    0.16110516E+02    0.46668617E+00    0.10501559E+01
    0.16742477E+02    0.46887892E+00    0.10501559E+01
    0.17414409E+02    0.47108579E+00    0.10501559E+01
    0.18129670E+02    0.47331442E+00    0.10501559E+01
    0.18893472E+02    0.47557749E+00    0.10501559E+01
    0.19713905E+02    0.47789442E+00    0.10501559E+01
    0.20603961E+02    0.48029545E+00    0.10501559E+01
    0.21586081E+02    0.48283106E+00    0.10501559E+01
    0.22704744E+02    0.48559871E+00    0.10501559E+01
    0.24077629E+02    0.48885284E+00    0.10501559E+01
    0.12335773E+02    0.44980909E+00    0.10501559E+01
    0.12341536E+02    0.44984226E+00    0.10501559E+01
    0.12387582E+02    0.45010609E+00    0.10501559E+01
    0.12479357E+02    0.45062598E+00    0.10501559E+01
    0.12616247E+02    0.45138708E+00    0.10501559E+01
    0.12797387E+02    0.45236888E+00    0.10501559E+01
    0.13021712E+02    0.45354700E+00    0.10501559E+01
    0.13288029E+02    0.45489503E+00    0.10501559E+01
    0.13595089E+02    0.45638637E+00    0.10501559E+01
    0.13941664E+02    0.45799570E+00    0.10501559E+01
    0.14326624E+02    0.45970014E+00    0.10501559E+01
    0.14749006E+02    0.46147997E+00    0.10501559E+01
    0.15208099E+02    0.46331905E+00    0.10501559E+01
    0.15703513E+02    0.46520495E+00    0.10501559E+01
    0.16235276E+02    0.46712893E+00    0.10501559E+01
    0.16803945E+02    0.46908585E+00    0.10501559E+01
    0.17410754E+02    0.47107410E+00    0.10501559E+01
    0.18057836E+02    0.47309568E+00    0.10501559E+01
    0.18748567E+02    0.47515655E+00    0.10501559E+01
    0.19488128E+02    0.47726750E+00    0.10501559E+01
    0.20284523E+02    0.47944598E+00    0.10501559E+01
    0.21150580E+02    0.48172010E+00    0.10501559E+01
    0.22108431E+02    0.48413792E+00    0.10501559E+01
    0.23201923E+02    0.48679363E+00    0.10501559E+01
    0.24547017E+02    0.48993509E+00    0.10501559E+01
    0.13318758E+02    0.45504722E+00    0.10501559E+01
    0.13324096E+02    0.45507359E+00    0.10501559E+01
    0.13366757E+02    0.45528361E+00    0.10501559E+01
    0.13451853E+02    0.45569873E+00    0.10501559E+01
    0.13578943E+02    0.45630954E+00    0.10501559E+01
    0.13747404E+02    0.45710288E+00    0.10501559E+01
    0.13956468E+02    0.45806281E+00    0.10501559E+01
    0.14205271E+02    0.45917175E+00    0.10501559E+01
    0.14492911E+02    0.46041154E+00    0.10501559E+01
    0.14818503E+02    0.46176447E+00    0.10501559E+01
    0.15181244E+02    0.46321400E+00    0.10501559E+01
    0.15580475E+02    0.46474546E+00    0.10501559E+01
    0.16015751E+02    0.46634641E+00    0.10501559E+01
    0.16486914E+02    0.46800689E+00    0.10501559E+01
    0.16994182E+02    0.46971961E+00    0.10501559E+01
    0.17538260E+02    0.47148005E+00    0.10501559E+01
    0.18120496E+02    0.47328655E+00    0.10501559E+01
    0.18743091E+02    0.47514057E+00    0.10501559E+01
    0.19409451E+02    0.47704719E+00    0.10501559E+01
    0.20124739E+02    0.47901606E+00    0.10501559E+01
    0.20896887E+02    0.48106327E+00    0.10501559E+01
    0.21738561E+02    0.48321533E+00    0.10501559E+01
    0.22671585E+02    0.48551830E+00    0.10501559E+01
    0.23739150E+02    0.48806339E+00    0.10501559E+01
    0.25055420E+02    0.49109201E+00    0.10501559E+01
    0.14325738E+02    0.45969631E+00    0.10501559E+01
    0.14330701E+02    0.45971776E+00    0.10501559E+01
    0.14370375E+02    0.45988871E+00    0.10501559E+01
    0.14449561E+02    0.46022747E+00    0.10501559E+01
    0.14567950E+02    0.46072795E+00    0.10501559E+01
    0.14725101E+02    0.46138158E+00    0.10501559E+01
    0.14920471E+02    0.46217786E+00    0.10501559E+01
    0.15153455E+02    0.46310499E+00    0.10501559E+01
    0.15423421E+02    0.46415058E+00    0.10501559E+01
    0.15729764E+02    0.46530226E+00    0.10501559E+01
    0.16071952E+02    0.46654826E+00    0.10501559E+01
    0.16449580E+02    0.46787787E+00    0.10501559E+01
    0.16862436E+02    0.46928177E+00    0.10501559E+01
    0.17310569E+02    0.47075236E+00    0.10501559E+01
    0.17794372E+02    0.47228396E+00    0.10501559E+01
    0.18314695E+02    0.47387298E+00    0.10501559E+01
    0.18872992E+02    0.47551822E+00    0.10501559E+01
    0.19471542E+02    0.47722113E+00    0.10501559E+01
    0.20113783E+02    0.47898645E+00    0.10501559E+01
    0.20804870E+02    0.48082318E+00    0.10501559E+01
    0.21552665E+02    0.48274652E+00    0.10501559E+01
    0.22369678E+02    0.48478179E+00    0.10501559E+01
    0.23277419E+02    0.48697336E+00    0.10501559E+01
    0.24318403E+02    0.48940974E+00    0.10501559E+01
    0.25604913E+02    0.49232596E+00    0.10501559E+01
    0.15361365E+02    0.46391285E+00    0.10501559E+01
    0.15365994E+02    0.46393064E+00    0.10501559E+01
    0.15403001E+02    0.46407252E+00    0.10501559E+01
    0.15476905E+02    0.46435424E+00    0.10501559E+01
    0.15587493E+02    0.46477183E+00    0.10501559E+01
    0.15734464E+02    0.46531965E+00    0.10501559E+01
    0.15917450E+02    0.46599074E+00    0.10501559E+01
    0.16136045E+02    0.46677718E+00    0.10501559E+01
    0.16389835E+02    0.46767052E+00    0.10501559E+01
    0.16678437E+02    0.46866219E+00    0.10501559E+01
    0.17001541E+02    0.46974393E+00    0.10501559E+01
    0.17358958E+02    0.47090807E+00    0.10501559E+01
    0.17750677E+02    0.47214786E+00    0.10501559E+01
    0.18176924E+02    0.47345774E+00    0.10501559E+01
    0.18638252E+02    0.47483355E+00    0.10501559E+01
    0.19135642E+02    0.47627280E+00    0.10501559E+01
    0.19670653E+02    0.47777491E+00    0.10501559E+01
    0.20245634E+02    0.47934166E+00    0.10501559E+01
    0.20864060E+02    0.48097773E+00    0.10501559E+01
    0.21531079E+02    0.48269186E+00    0.10501559E+01
    0.22254486E+02    0.48449865E+00    0.10501559E+01
    0.23046632E+02    0.48642253E+00    0.10501559E+01
    0.23928706E+02    0.48850647E+00    0.10501559E+01
    0.24942523E+02    0.49083641E+00    0.10501559E+01
    0.26198403E+02    0.49364110E+00    0.10501559E+01
    0.16431694E+02    0.46781591E+00    0.10501559E+01
    0.16436021E+02    0.46783091E+00    0.10501559E+01
    0.16470624E+02    0.46795064E+00    0.10501559E+01
    0.16539758E+02    0.46818878E+00    0.10501559E+01
    0.16643286E+02    0.46854273E+00    0.10501559E+01
    0.16781012E+02    0.46900877E+00    0.10501559E+01
    0.16952706E+02    0.46958228E+00    0.10501559E+01
    0.17158117E+02    0.47025796E+00    0.10501559E+01
    0.17397003E+02    0.47103008E+00    0.10501559E+01
    0.17669162E+02    0.47189281E+00    0.10501559E+01
    0.17974466E+02    0.47284043E+00    0.10501559E+01
    0.18312904E+02    0.47386761E+00    0.10501559E+01
    0.18684634E+02    0.47496963E+00    0.10501559E+01
    0.19090039E+02    0.47614263E+00    0.10501559E+01
    0.19529810E+02    0.47738382E+00    0.10501559E+01
    0.20005045E+02    0.47869174E+00    0.10501559E+01
    0.20517398E+02    0.48006654E+00    0.10501559E+01
    0.21069284E+02    0.48151042E+00    0.10501559E+01
    0.21664211E+02    0.48302825E+00    0.10501559E+01
    0.22307317E+02    0.48462866E+00    0.10501559E+01
    0.23006328E+02    0.48632591E+00    0.10501559E+01
    0.23773437E+02    0.48814372E+00    0.10501559E+01
    0.24629495E+02    0.49012382E+00    0.10501559E+01
    0.25615591E+02    0.49234978E+00    0.10501559E+01
    0.26839995E+02    0.49504405E+00    0.10501559E+01
    0.17544912E+02    0.47150112E+00    0.10501559E+01
    0.17548965E+02    0.47151395E+00    0.10501559E+01
    0.17581378E+02    0.47161645E+00    0.10501559E+01
    0.17646161E+02    0.47182058E+00    0.10501559E+01
    0.17743234E+02    0.47212463E+00    0.10501559E+01
    0.17872486E+02    0.47252619E+00    0.10501559E+01
    0.18033791E+02    0.47302221E+00    0.10501559E+01
    0.18227023E+02    0.47360918E+00    0.10501559E+01
    0.18452075E+02    0.47428329E+00    0.10501559E+01
    0.18708892E+02    0.47504064E+00    0.10501559E+01
    0.18997494E+02    0.47587738E+00    0.10501559E+01
    0.19318018E+02    0.47678995E+00    0.10501559E+01
    0.19670763E+02    0.47777522E+00    0.10501559E+01
    0.20056245E+02    0.47883071E+00    0.10501559E+01
    0.20475274E+02    0.47995480E+00    0.10501559E+01
    0.20929052E+02    0.48114696E+00    0.10501559E+01
    0.21419314E+02    0.48240803E+00    0.10501559E+01
    0.21948533E+02    0.48374070E+00    0.10501559E+01
    0.22520244E+02    0.48515009E+00    0.10501559E+01
    0.23139571E+02    0.48664485E+00    0.10501559E+01
    0.23814167E+02    0.48823903E+00    0.10501559E+01
    0.24556052E+02    0.48995578E+00    0.10501559E+01
    0.25385732E+02    0.49183573E+00    0.10501559E+01
    0.26343536E+02    0.49396010E+00    0.10501559E+01
    0.27535590E+02    0.49654508E+00    0.10501559E+01
    0.18712640E+02    0.47505160E+00    0.10501559E+01
    0.18716440E+02    0.47506271E+00    0.10501559E+01
    0.18746834E+02    0.47515149E+00    0.10501559E+01
    0.18807604E+02    0.47532850E+00    0.10501559E+01
    0.18898712E+02    0.47559264E+00    0.10501559E+01
    0.19020114E+02    0.47594235E+00    0.10501559E+01
    0.19171766E+02    0.47637566E+00    0.10501559E+01
    0.19353638E+02    0.47689032E+00    0.10501559E+01
    0.19565737E+02    0.47748387E+00    0.10501559E+01
    0.19808120E+02    0.47815377E+00    0.10501559E+01
    0.20080930E+02    0.47889758E+00    0.10501559E+01
    0.20384426E+02    0.47971305E+00    0.10501559E+01
    0.20719022E+02    0.48059829E+00    0.10501559E+01
    0.21085349E+02    0.48155191E+00    0.10501559E+01
    0.21484315E+02    0.48257326E+00    0.10501559E+01
    0.21917212E+02    0.48366260E+00    0.10501559E+01
    0.22385843E+02    0.48482142E+00    0.10501559E+01
    0.22892730E+02    0.48605286E+00    0.10501559E+01
    0.23441424E+02    0.48736233E+00    0.10501559E+01
    0.24037028E+02    0.48875856E+00    0.10501559E+01
    0.24687112E+02    0.49025542E+00    0.10501559E+01
    0.25403516E+02    0.49187560E+00    0.10501559E+01
    0.26206380E+02    0.49365866E+00    0.10501559E+01
    0.27135232E+02    0.49568357E+00    0.10501559E+01
    0.28293951E+02    0.49816016E+00    0.10501559E+01
    0.19952487E+02    0.47854870E+00    0.10501559E+01
    0.19956051E+02    0.47855841E+00    0.10501559E+01
    0.19984560E+02    0.47863603E+00    0.10501559E+01
    0.20041577E+02    0.47879093E+00    0.10501559E+01
    0.20127100E+02    0.47902244E+00    0.10501559E+01
    0.20241136E+02    0.47932957E+00    0.10501559E+01
    0.20383705E+02    0.47971113E+00    0.10501559E+01
    0.20554858E+02    0.48016571E+00    0.10501559E+01
    0.20754684E+02    0.48069182E+00    0.10501559E+01
    0.20983338E+02    0.48128793E+00    0.10501559E+01
    0.21241059E+02    0.48195260E+00    0.10501559E+01
    0.21528206E+02    0.48268458E+00    0.10501559E+01
    0.21845291E+02    0.48348292E+00    0.10501559E+01
    0.22193034E+02    0.48434712E+00    0.10501559E+01
    0.22572431E+02    0.48527728E+00    0.10501559E+01
    0.22984843E+02    0.48627435E+00    0.10501559E+01
    0.23432132E+02    0.48734035E+00    0.10501559E+01
    0.23916854E+02    0.48847884E+00    0.10501559E+01
    0.24442570E+02    0.48969548E+00    0.10501559E+01
    0.25014347E+02    0.49099911E+00    0.10501559E+01
    0.25639663E+02    0.49240346E+00    0.10501559E+01
    0.26330163E+02    0.49393075E+00    0.10501559E+01
    0.27105593E+02    0.49561954E+00    0.10501559E+01
    0.28004637E+02    0.49754650E+00    0.10501559E+01
    0.29128792E+02    0.49991496E+00    0.10501559E+01
    0.21293796E+02    0.48208770E+00    0.10501559E+01
    0.21297135E+02    0.48209624E+00    0.10501559E+01
    0.21323852E+02    0.48216456E+00    0.10501559E+01
    0.21377296E+02    0.48230099E+00    0.10501559E+01
    0.21457496E+02    0.48250514E+00    0.10501559E+01
    0.21564498E+02    0.48277647E+00    0.10501559E+01
    0.21698374E+02    0.48311428E+00    0.10501559E+01
    0.21859235E+02    0.48351780E+00    0.10501559E+01
    0.22047243E+02    0.48398620E+00    0.10501559E+01
    0.22262625E+02    0.48451870E+00    0.10501559E+01
    0.22505702E+02    0.48511460E+00    0.10501559E+01
    0.22776911E+02    0.48577340E+00    0.10501559E+01
    0.23076844E+02    0.48649488E+00    0.10501559E+01
    0.23406298E+02    0.48727919E+00    0.10501559E+01
    0.23766335E+02    0.48812709E+00    0.10501559E+01
    0.24158374E+02    0.48904002E+00    0.10501559E+01
    0.24584320E+02    0.49002050E+00    0.10501559E+01
    0.25046755E+02    0.49107242E+00    0.10501559E+01
    0.25549231E+02    0.49220166E+00    0.10501559E+01
    0.26096773E+02    0.49341713E+00    0.10501559E+01
    0.26696748E+02    0.49473242E+00    0.10501559E+01
    0.27360583E+02    0.49616928E+00    0.10501559E+01
    0.28107600E+02    0.49776523E+00    0.10501559E+01
    0.28975570E+02    0.49959459E+00    0.10501559E+01
    0.30063442E+02    0.50185394E+00    0.10501559E+01
    0.22793539E+02    0.48581360E+00    0.10501559E+01
    0.22796659E+02    0.48582113E+00    0.10501559E+01
    0.22821620E+02    0.48588141E+00    0.10501559E+01
    0.22871565E+02    0.48600188E+00    0.10501559E+01
    0.22946543E+02    0.48618234E+00    0.10501559E+01
    0.23046632E+02    0.48642253E+00    0.10501559E+01
    0.23171947E+02    0.48672214E+00    0.10501559E+01
    0.23322647E+02    0.48708083E+00    0.10501559E+01
    0.23498949E+02    0.48749829E+00    0.10501559E+01
    0.23701142E+02    0.48797425E+00    0.10501559E+01
    0.23929611E+02    0.48850858E+00    0.10501559E+01
    0.24184858E+02    0.48910133E+00    0.10501559E+01
    0.24467538E+02    0.48975282E+00    0.10501559E+01
    0.24778508E+02    0.49046377E+00    0.10501559E+01
    0.25118884E+02    0.49123537E+00    0.10501559E+01
    0.25490130E+02    0.49206955E+00    0.10501559E+01
    0.25894179E+02    0.49296915E+00    0.10501559E+01
    0.26333621E+02    0.49393834E+00    0.10501559E+01
    0.26811992E+02    0.49498320E+00    0.10501559E+01
    0.27334251E+02    0.49611263E+00    0.10501559E+01
    0.27907634E+02    0.49734007E+00    0.10501559E+01
    0.28543321E+02    0.49868674E+00    0.10501559E+01
    0.29260159E+02    0.50018905E+00    0.10501559E+01
    0.30094906E+02    0.50191878E+00    0.10501559E+01
    0.31143703E+02    0.50406535E+00    0.10501559E+01
    0.24601078E+02    0.49005885E+00    0.10501559E+01
    0.24603968E+02    0.49006546E+00    0.10501559E+01
    0.24627097E+02    0.49011834E+00    0.10501559E+01
    0.24673388E+02    0.49022410E+00    0.10501559E+01
    0.24742907E+02    0.49038267E+00    0.10501559E+01
    0.24835757E+02    0.49059402E+00    0.10501559E+01
    0.24952088E+02    0.49085810E+00    0.10501559E+01
    0.25092099E+02    0.49117489E+00    0.10501559E+01
    0.25256052E+02    0.49154446E+00    0.10501559E+01
    0.25444287E+02    0.49196695E+00    0.10501559E+01
    0.25657238E+02    0.49244263E+00    0.10501559E+01
    0.25895462E+02    0.49297199E+00    0.10501559E+01
    0.26159664E+02    0.49355579E+00    0.10501559E+01
    0.26450748E+02    0.49419513E+00    0.10501559E+01
    0.26769870E+02    0.49489161E+00    0.10501559E+01
    0.27118523E+02    0.49564748E+00    0.10501559E+01
    0.27498656E+02    0.49646588E+00    0.10501559E+01
    0.27912850E+02    0.49735118E+00    0.10501559E+01
    0.28364599E+02    0.49830956E+00    0.10501559E+01
    0.28858774E+02    0.49934988E+00    0.10501559E+01
    0.29402442E+02    0.50048532E+00    0.10501559E+01
    0.30006479E+02    0.50173648E+00    0.10501559E+01
    0.30689159E+02    0.50313847E+00    0.10501559E+01
    0.31486044E+02    0.50476018E+00    0.10501559E+01
    0.32489965E+02    0.50678282E+00    0.10501559E+01
