    0.18851822E-04   -0.91147138E-10    0.18079058E-08
    0.32278523E+00    0.61216801E-10    0.11272562E-07
    0.96869475E+00    0.54316881E-09    0.33811078E-07
    0.16156261E+01    0.14654806E-08    0.56333216E-07
    0.22642761E+01    0.27446112E-08    0.78839229E-07
    0.29153659E+01    0.42539957E-08    0.10134277E-06
    0.35696519E+01    0.58223452E-08    0.12387862E-06
    0.42279385E+01    0.72897717E-08    0.14649488E-06
    0.48910927E+01    0.86987425E-08    0.16923578E-06
    0.55600623E+01    0.10102179E-07    0.19213971E-06
    0.62358980E+01    0.11525166E-07    0.21524605E-06
    0.69197816E+01    0.12981950E-07    0.23859754E-06
    0.76130629E+01    0.14482102E-07    0.26224148E-06
    0.83173085E+01    0.16033810E-07    0.28623387E-06
    0.90343686E+01    0.17644407E-07    0.31063550E-06
    0.97664712E+01    0.19322329E-07    0.33552453E-06
    0.10516359E+02    0.21076805E-07    0.36099143E-06
    0.11287494E+02    0.22919737E-07    0.38716002E-06
    0.12084384E+02    0.24865450E-07    0.41417179E-06
    0.12913123E+02    0.26934009E-07    0.44223804E-06
    0.13782355E+02    0.29153294E-07    0.47164929E-06
    0.14705181E+02    0.31565149E-07    0.50284508E-06
    0.15703429E+02    0.34239105E-07    0.53655905E-06
    0.16819479E+02    0.37308192E-07    0.57421080E-06
    0.18164436E+02    0.41119086E-07    0.61953424E-06
    0.45798619E+00    0.12300780E-09    0.15993051E-07
    0.56030496E+00    0.18376847E-09    0.19564702E-07
    0.10715040E+01    0.66207204E-09    0.37394574E-07
    0.16792852E+01    0.15770960E-08    0.58545612E-07
    0.23101293E+01    0.28453027E-08    0.80426879E-07
    0.29511201E+01    0.43401621E-08    0.10257626E-06
    0.35989118E+01    0.58903478E-08    0.12488476E-06
    0.42526715E+01    0.73431029E-08    0.14734409E-06
    0.49124881E+01    0.87437218E-08    0.16996890E-06
    0.55788927E+01    0.10141669E-07    0.19278378E-06
    0.62526934E+01    0.11560693E-07    0.21581983E-06
    0.69349210E+01    0.13014435E-07    0.23911424E-06
    0.76268263E+01    0.14512151E-07    0.26271062E-06
    0.83299083E+01    0.16061838E-07    0.28666281E-06
    0.90459697E+01    0.17670726E-07    0.31103017E-06
    0.97772037E+01    0.19347184E-07    0.33588921E-06
    0.10526327E+02    0.21100375E-07    0.36132978E-06
    0.11296782E+02    0.22942175E-07    0.38747502E-06
    0.12093060E+02    0.24886861E-07    0.41446580E-06
    0.12921242E+02    0.26954510E-07    0.44251294E-06
    0.13789962E+02    0.29172925E-07    0.47190635E-06
    0.14712311E+02    0.31584008E-07    0.50308602E-06
    0.15710106E+02    0.34257203E-07    0.53678430E-06
    0.16825713E+02    0.37325562E-07    0.57442091E-06
    0.18170208E+02    0.41135699E-07    0.61972853E-06
    0.10517207E+01    0.63833424E-09    0.36705141E-07
    0.11001394E+01    0.69715001E-09    0.38392487E-07
    0.14298552E+01    0.11598868E-08    0.49872932E-07
    0.19277873E+01    0.20438150E-08    0.67174772E-07
    0.24966102E+01    0.32654373E-08    0.86879628E-07
    0.30992701E+01    0.46982583E-08    0.10768446E-06
    0.37213615E+01    0.61714033E-08    0.12909528E-06
    0.43567856E+01    0.75666822E-08    0.15091670E-06
    0.50028896E+01    0.89336208E-08    0.17306591E-06
    0.56586579E+01    0.10309116E-07    0.19551285E-06
    0.63239655E+01    0.11711646E-07    0.21825449E-06
    0.69992495E+01    0.13152630E-07    0.24130935E-06
    0.76853656E+01    0.14640148E-07    0.26470625E-06
    0.83835397E+01    0.16181233E-07    0.28848818E-06
    0.90953797E+01    0.17782925E-07    0.31271096E-06
    0.98229363E+01    0.19453139E-07    0.33744289E-06
    0.10568818E+02    0.21200943E-07    0.36277282E-06
    0.11336386E+02    0.23037831E-07    0.38881682E-06
    0.12130064E+02    0.24978248E-07    0.41571978E-06
    0.12955881E+02    0.27042026E-07    0.44368583E-06
    0.13822425E+02    0.29256747E-07    0.47300358E-06
    0.14742743E+02    0.31664541E-07    0.50411441E-06
    0.15738609E+02    0.34334483E-07    0.53774576E-06
    0.16852329E+02    0.37399764E-07    0.57531809E-06
    0.18194857E+02    0.41206655E-07    0.62055807E-06
    0.16500427E+01    0.15254079E-08    0.57529513E-07
    0.16813183E+01    0.15807161E-08    0.58616246E-07
    0.19133767E+01    0.20154838E-08    0.66674797E-07
    0.23093047E+01    0.28434832E-08    0.80398311E-07
    0.28017114E+01    0.39813496E-08    0.97420969E-07
    0.33499253E+01    0.53025686E-08    0.11631798E-06
    0.39325635E+01    0.66448365E-08    0.13635240E-06
    0.45385135E+01    0.79540695E-08    0.15715037E-06
    0.51619210E+01    0.92673794E-08    0.17851271E-06
    0.57997356E+01    0.10605488E-07    0.20033782E-06
    0.64505088E+01    0.11980144E-07    0.22257760E-06
    0.71137907E+01    0.13399195E-07    0.24521741E-06
    0.77898247E+01    0.14868877E-07    0.26826638E-06
    0.84794022E+01    0.16395056E-07    0.29175206E-06
    0.91838150E+01    0.17984140E-07    0.31571840E-06
    0.99048776E+01    0.19643361E-07    0.34022680E-06
    0.10645020E+02    0.21381509E-07    0.36535911E-06
    0.11407461E+02    0.23209756E-07    0.39122527E-06
    0.12196515E+02    0.25142647E-07    0.41797126E-06
    0.13018117E+02    0.27199449E-07    0.44579311E-06
    0.13880776E+02    0.29407675E-07    0.47497695E-06
    0.14797466E+02    0.31809523E-07    0.50596356E-06
    0.15789881E+02    0.34473656E-07    0.53947553E-06
    0.16900222E+02    0.37533479E-07    0.57693308E-06
    0.18239226E+02    0.41334475E-07    0.62205122E-06
    0.22508772E+01    0.27153895E-08    0.78374767E-07
    0.22739038E+01    0.27656602E-08    0.79172652E-07
    0.24504729E+01    0.31600241E-08    0.85283102E-07
    0.27706850E+01    0.39073444E-08    0.96349748E-07
    0.31927095E+01    0.49242349E-08    0.11090409E-06
    0.36831789E+01    0.60843363E-08    0.12778213E-06
    0.42200549E+01    0.72727559E-08    0.14622423E-06
    0.47897716E+01    0.84854465E-08    0.16576422E-06
    0.53841653E+01    0.97333067E-08    0.18612073E-06
    0.59983948E+01    0.11023632E-07    0.20712933E-06
    0.66296962E+01    0.12361452E-07    0.22869581E-06
    0.72766631E+01    0.13750988E-07    0.25077278E-06
    0.79388397E+01    0.15196322E-07    0.27334356E-06
    0.86164998E+01    0.16701981E-07    0.29641861E-06
    0.93105459E+01    0.18273377E-07    0.32002731E-06
    0.10022495E+02    0.19917283E-07    0.34422354E-06
    0.10754546E+02    0.21641906E-07    0.36907887E-06
    0.11509734E+02    0.23458026E-07    0.39469459E-06
    0.12292225E+02    0.25379837E-07    0.42121229E-06
    0.13107829E+02    0.27426727E-07    0.44882895E-06
    0.13964948E+02    0.29626045E-07    0.47782532E-06
    0.14876451E+02    0.32019115E-07    0.50863148E-06
    0.15863926E+02    0.34675138E-07    0.54197531E-06
    0.16969423E+02    0.37727026E-07    0.57926704E-06
    0.18303365E+02    0.41519534E-07    0.62421051E-06
    0.28543937E+01    0.41074575E-08    0.99239240E-07
    0.28725866E+01    0.41511116E-08    0.99866943E-07
    0.30142881E+01    0.44927192E-08    0.10475483E-06
    0.32799102E+01    0.51345076E-08    0.11390734E-06
    0.36434200E+01    0.59931507E-08    0.12641531E-06
    0.40800639E+01    0.69689419E-08    0.14141838E-06
    0.45705556E+01    0.80220556E-08    0.15824850E-06
    0.51012770E+01    0.91401307E-08    0.17643575E-06
    0.56630690E+01    0.10318378E-07    0.19566372E-06
    0.62499485E+01    0.11554886E-07    0.21572606E-06
    0.68581329E+01    0.12849772E-07    0.23649363E-06
    0.74853818E+01    0.14203922E-07    0.25788949E-06
    0.81305775E+01    0.15619488E-07    0.27987484E-06
    0.87934740E+01    0.17099784E-07    0.30244078E-06
    0.94745649E+01    0.18649181E-07    0.32560395E-06
    0.10175044E+02    0.20273648E-07    0.34940334E-06
    0.10896851E+02    0.21981123E-07    0.37390542E-06
    0.11642813E+02    0.23781994E-07    0.39920611E-06
    0.12416920E+02    0.25690024E-07    0.42543783E-06
    0.13224837E+02    0.27724009E-07    0.45278830E-06
    0.14074831E+02    0.29911669E-07    0.48154224E-06
    0.14979650E+02    0.32293611E-07    0.51211733E-06
    0.15960741E+02    0.34939138E-07    0.54524310E-06
    0.17059966E+02    0.37980674E-07    0.58231973E-06
    0.18387340E+02    0.41762353E-07    0.62703891E-06
    0.34611319E+01    0.55673777E-08    0.12014486E-06
    0.34761508E+01    0.56028977E-08    0.12066185E-06
    0.35941346E+01    0.58792703E-08    0.12472056E-06
    0.38196442E+01    0.63932981E-08    0.13247317E-06
    0.41359860E+01    0.70907032E-08    0.14333886E-06
    0.45253500E+01    0.79261132E-08    0.15669890E-06
    0.49721071E+01    0.88689888E-08    0.17201146E-06
    0.54639636E+01    0.99005913E-08    0.18885146E-06
    0.59918463E+01    0.11009831E-07    0.20690554E-06
    0.65493302E+01    0.12190322E-07    0.22595249E-06
    0.71320304E+01    0.13438530E-07    0.24583944E-06
    0.77371062E+01    0.14753377E-07    0.26646995E-06
    0.83629039E+01    0.16135276E-07    0.28778585E-06
    0.90087211E+01    0.17586256E-07    0.30976299E-06
    0.96746706E+01    0.19110008E-07    0.33240478E-06
    0.10361631E+02    0.20711712E-07    0.35573850E-06
    0.11071280E+02    0.22399004E-07    0.37982489E-06
    0.11806225E+02    0.24181373E-07    0.40474437E-06
    0.12570274E+02    0.26072643E-07    0.43063064E-06
    0.13368926E+02    0.28091543E-07    0.45766610E-06
    0.14210304E+02    0.30264741E-07    0.48612158E-06
    0.15107011E+02    0.32633355E-07    0.51641972E-06
    0.16080333E+02    0.35266005E-07    0.54927760E-06
    0.17171905E+02    0.38295046E-07    0.58609389E-06
    0.18491245E+02    0.42063577E-07    0.63053906E-06
    0.40717681E+01    0.69508317E-08    0.14113352E-06
    0.40845423E+01    0.69787137E-08    0.14157217E-06
    0.41854110E+01    0.71978729E-08    0.14503543E-06
    0.43805871E+01    0.76175931E-08    0.15173296E-06
    0.46589958E+01    0.82093728E-08    0.16128135E-06
    0.50078592E+01    0.89440599E-08    0.17323623E-06
    0.54149525E+01    0.97978625E-08    0.18717435E-06
    0.58698177E+01    0.10752856E-07    0.20273402E-06
    0.63641247E+01    0.11796797E-07    0.21962626E-06
    0.68915592E+01    0.12921422E-07    0.23763435E-06
    0.74475311E+01    0.14121581E-07    0.25659921E-06
    0.80288650E+01    0.15394713E-07    0.27641002E-06
    0.86335406E+01    0.16740205E-07    0.29699862E-06
    0.92605031E+01    0.18159023E-07    0.31832595E-06
    0.99095465E+01    0.19654218E-07    0.34038546E-06
    0.10581269E+02    0.21230432E-07    0.36319567E-06
    0.11277105E+02    0.22894634E-07    0.38680749E-06
    0.11999451E+02    0.24655977E-07    0.41129287E-06
    0.12751927E+02    0.26528084E-07    0.43678161E-06
    0.13539868E+02    0.28529176E-07    0.46344861E-06
    0.14371242E+02    0.30685876E-07    0.49156164E-06
    0.15258494E+02    0.33038989E-07    0.52153700E-06
    0.16222730E+02    0.35656716E-07    0.55408402E-06
    0.17305322E+02    0.38670720E-07    0.59059020E-06
    0.18615209E+02    0.42423809E-07    0.63471303E-06
    0.46870706E+01    0.82686640E-08    0.16224368E-06
    0.46981721E+01    0.82921128E-08    0.16262420E-06
    0.47861258E+01    0.84777631E-08    0.16563923E-06
    0.49577089E+01    0.88387587E-08    0.17151838E-06
    0.52053412E+01    0.93584095E-08    0.17999936E-06
    0.55197816E+01    0.10017670E-07    0.19076170E-06
    0.58916080E+01    0.10798701E-07    0.20347881E-06
    0.63122179E+01    0.11686744E-07    0.21785318E-06
    0.67743205E+01    0.12670335E-07    0.23363332E-06
    0.72720645E+01    0.13741038E-07    0.25061594E-06
    0.78009649E+01    0.14893307E-07    0.26864594E-06
    0.83577514E+01    0.16123804E-07    0.28761049E-06
    0.89402102E+01    0.17431124E-07    0.30743250E-06
    0.95470546E+01    0.18815822E-07    0.32806801E-06
    0.10177841E+02    0.20280203E-07    0.34949839E-06
    0.10832940E+02    0.21828697E-07    0.37173883E-06
    0.11513576E+02    0.23467363E-07    0.39482479E-06
    0.12221954E+02    0.25205654E-07    0.41883290E-06
    0.12961519E+02    0.27056277E-07    0.44387674E-06
    0.13737444E+02    0.29037484E-07    0.47013187E-06
    0.14557539E+02    0.31175533E-07    0.49785747E-06
    0.15434085E+02    0.33510915E-07    0.52746510E-06
    0.16387993E+02    0.36111621E-07    0.55965879E-06
    0.17460341E+02    0.39108629E-07    0.59581255E-06
    0.18759407E+02    0.42843905E-07    0.63956552E-06
    0.53078974E+01    0.95734443E-08    0.18351014E-06
    0.53177030E+01    0.95940028E-08    0.18384577E-06
    0.53955671E+01    0.97572159E-08    0.18651095E-06
    0.55483351E+01    0.10077584E-07    0.19173859E-06
    0.57706777E+01    0.10544417E-07    0.19934439E-06
    0.60558347E+01    0.11144796E-07    0.20909325E-06
    0.63965764E+01    0.11865633E-07    0.22073483E-06
    0.67859590E+01    0.12695233E-07    0.23403058E-06
    0.72177949E+01    0.13623691E-07    0.24876440E-06
    0.76868763E+01    0.14643454E-07    0.26475775E-06
    0.81890291E+01    0.15748982E-07    0.28186515E-06
    0.87210752E+01    0.16936754E-07    0.29997689E-06
    0.92807598E+01    0.18205293E-07    0.31901465E-06
    0.98666811E+01    0.19554613E-07    0.33892897E-06
    0.10478244E+02    0.20986779E-07    0.35969872E-06
    0.11115653E+02    0.22505503E-07    0.38132881E-06
    0.11779965E+02    0.24117025E-07    0.40385394E-06
    0.12473223E+02    0.25830313E-07    0.42734441E-06
    0.13198717E+02    0.27657548E-07    0.45190424E-06
    0.13961465E+02    0.29616998E-07    0.47770747E-06
    0.14769126E+02    0.31734415E-07    0.50500597E-06
    0.15633814E+02    0.34050498E-07    0.53420981E-06
    0.16576232E+02    0.36631967E-07    0.56600613E-06
    0.17637138E+02    0.39610502E-07    0.60177263E-06
    0.18924072E+02    0.43325572E-07    0.64510862E-06
    0.59352103E+01    0.10890520E-07    0.20496978E-06
    0.59439812E+01    0.10908999E-07    0.20526973E-06
    0.60137419E+01    0.11055991E-07    0.20765399E-06
    0.61511763E+01    0.11346022E-07    0.21235094E-06
    0.63524537E+01    0.11772049E-07    0.21922762E-06
    0.66125699E+01    0.12324950E-07    0.22811095E-06
    0.69259755E+01    0.12995239E-07    0.23880894E-06
    0.72871247E+01    0.13773628E-07    0.25112955E-06
    0.76908718E+01    0.14652196E-07    0.26489396E-06
    0.81327126E+01    0.15624214E-07    0.27994754E-06
    0.86088992E+01    0.16684936E-07    0.29615989E-06
    0.91164741E+01    0.17830877E-07    0.31342841E-06
    0.96532611E+01    0.19060590E-07    0.33167727E-06
    0.10217844E+02    0.20374046E-07    0.35085821E-06
    0.10809558E+02    0.21772969E-07    0.37094594E-06
    0.11428503E+02    0.23260778E-07    0.39193934E-06
    0.12075617E+02    0.24843816E-07    0.41387465E-06
    0.12752813E+02    0.26530310E-07    0.43681160E-06
    0.13463249E+02    0.28332804E-07    0.46085781E-06
    0.14211807E+02    0.30268667E-07    0.48617238E-06
    0.15006000E+02    0.32363826E-07    0.51300769E-06
    0.15857777E+02    0.34658386E-07    0.54176767E-06
    0.16787627E+02    0.37219495E-07    0.57313730E-06
    0.17835964E+02    0.40177094E-07    0.60847081E-06
    0.19109512E+02    0.43870230E-07    0.65134955E-06
    0.65700972E+01    0.12234527E-07    0.22666147E-06
    0.65780216E+01    0.12251392E-07    0.22693189E-06
    0.66411254E+01    0.12385826E-07    0.22908619E-06
    0.67658277E+01    0.12652170E-07    0.23334339E-06
    0.69493254E+01    0.13045355E-07    0.23960585E-06
    0.71878742E+01    0.13559060E-07    0.24774375E-06
    0.74772048E+01    0.14186127E-07    0.25761077E-06
    0.78129150E+01    0.14919521E-07    0.26905310E-06
    0.81907854E+01    0.15752876E-07    0.28192496E-06
    0.86070012E+01    0.16680680E-07    0.29609528E-06
    0.90582891E+01    0.17698684E-07    0.31144926E-06
    0.95419890E+01    0.18804165E-07    0.32789584E-06
    0.10056088E+02    0.19995603E-07    0.34536416E-06
    0.10599236E+02    0.21272993E-07    0.36380564E-06
    0.11170765E+02    0.22638001E-07    0.38319710E-06
    0.11770732E+02    0.24094415E-07    0.40354093E-06
    0.12399999E+02    0.25647862E-07    0.42486437E-06
    0.13060387E+02    0.27306481E-07    0.44722378E-06
    0.13754945E+02    0.29082599E-07    0.47072319E-06
    0.14488441E+02    0.30993714E-07    0.49552352E-06
    0.15268251E+02    0.33065179E-07    0.52186669E-06
    0.16106164E+02    0.35336808E-07    0.55014983E-06
    0.17022452E+02    0.37875526E-07    0.58105507E-06
    0.18057161E+02    0.40810596E-07    0.61592104E-06
    0.19316131E+02    0.44479826E-07    0.65830187E-06
    0.72138047E+01    0.13615070E-07    0.24862827E-06
    0.72210227E+01    0.13630667E-07    0.24887453E-06
    0.72785540E+01    0.13755080E-07    0.25083727E-06
    0.73925115E+01    0.14002066E-07    0.25472306E-06
    0.75608151E+01    0.14368176E-07    0.26046063E-06
    0.77806386E+01    0.14848738E-07    0.26795339E-06
    0.80486889E+01    0.15438470E-07    0.27708561E-06
    0.83614857E+01    0.16132118E-07    0.28773758E-06
    0.87156047E+01    0.16924456E-07    0.29979078E-06
    0.91078686E+01    0.17811311E-07    0.31313574E-06
    0.95354812E+01    0.18789192E-07    0.32767465E-06
    0.99961170E+01    0.19855799E-07    0.34332748E-06
    0.10487979E+02    0.21009761E-07    0.36002879E-06
    0.11009841E+02    0.22251627E-07    0.37774065E-06
    0.11561090E+02    0.23582895E-07    0.39643472E-06
    0.12141785E+02    0.25007218E-07    0.41611694E-06
    0.12752756E+02    0.26530166E-07    0.43680966E-06
    0.13395764E+02    0.28160142E-07    0.45857451E-06
    0.14073781E+02    0.29908939E-07    0.48150674E-06
    0.14791475E+02    0.31793640E-07    0.50576112E-06
    0.15556101E+02    0.33840194E-07    0.53158570E-06
    0.16379296E+02    0.36087608E-07    0.55936514E-06
    0.17281107E+02    0.38602487E-07    0.58977466E-06
    0.18301198E+02    0.41513276E-07    0.62413754E-06
    0.19544454E+02    0.45156534E-07    0.66598092E-06
    0.78677830E+01    0.15039996E-07    0.27092265E-06
    0.78744015E+01    0.15054542E-07    0.27114818E-06
    0.79271923E+01    0.15170680E-07    0.27294681E-06
    0.80319522E+01    0.15401526E-07    0.27651523E-06
    0.81871213E+01    0.15744752E-07    0.28180018E-06
    0.83905523E+01    0.16196856E-07    0.28872688E-06
    0.86397005E+01    0.16754024E-07    0.29720826E-06
    0.89318236E+01    0.17412152E-07    0.30714725E-06
    0.92641673E+01    0.18167390E-07    0.31845053E-06
    0.96341217E+01    0.19016437E-07    0.33102690E-06
    0.10039344E+02    0.19956561E-07    0.34479570E-06
    0.10477852E+02    0.20985855E-07    0.35968545E-06
    0.10948093E+02    0.22103609E-07    0.37564378E-06
    0.11449001E+02    0.23310521E-07    0.39263505E-06
    0.11980059E+02    0.24608199E-07    0.41063555E-06
    0.12541370E+02    0.26000353E-07    0.42965139E-06
    0.13133766E+02    0.27492529E-07    0.44970643E-06
    0.13758980E+02    0.29093002E-07    0.47085950E-06
    0.14419929E+02    0.30813660E-07    0.49320782E-06
    0.15121202E+02    0.32671267E-07    0.51689889E-06
    0.15869950E+02    0.34691554E-07    0.54217875E-06
    0.16677661E+02    0.36913604E-07    0.56942885E-06
    0.17564159E+02    0.39403098E-07    0.59931281E-06
    0.18568707E+02    0.42288584E-07    0.63314762E-06
    0.19795169E+02    0.45904096E-07    0.67441479E-06
    0.85337472E+01    0.16516549E-07    0.29360171E-06
    0.85398496E+01    0.16530208E-07    0.29380941E-06
    0.85885511E+01    0.16639312E-07    0.29546723E-06
    0.86853376E+01    0.16856458E-07    0.29876114E-06
    0.88290309E+01    0.17179977E-07    0.30365081E-06
    0.90179931E+01    0.17607273E-07    0.31007842E-06
    0.92502571E+01    0.18135631E-07    0.31797759E-06
    0.95236708E+01    0.18762027E-07    0.32727322E-06
    0.98360372E+01    0.19483513E-07    0.33788793E-06
    0.10185241E+02    0.20297552E-07    0.34974990E-06
    0.10569355E+02    0.21202214E-07    0.36279105E-06
    0.10986729E+02    0.22196193E-07    0.37695581E-06
    0.11436064E+02    0.23279123E-07    0.39219597E-06
    0.11916479E+02    0.24451824E-07    0.40848099E-06
    0.12427576E+02    0.25716576E-07    0.42579888E-06
    0.12969534E+02    0.27076540E-07    0.44414813E-06
    0.13543214E+02    0.28537760E-07    0.46356174E-06
    0.14150348E+02    0.30108280E-07    0.48409492E-06
    0.14793823E+02    0.31799864E-07    0.50584046E-06
    0.15478165E+02    0.33629721E-07    0.52895343E-06
    0.16210433E+02    0.35622960E-07    0.55366938E-06
    0.17001976E+02    0.37818171E-07    0.58036475E-06
    0.17872396E+02    0.40281137E-07    0.60969713E-06
    0.18860533E+02    0.43139426E-07    0.64296916E-06
    0.20069169E+02    0.46725757E-07    0.68362836E-06
    0.92137648E+01    0.18052387E-07    0.31673680E-06
    0.92194172E+01    0.18065274E-07    0.31692899E-06
    0.92645471E+01    0.18168257E-07    0.31846344E-06
    0.93543418E+01    0.18373562E-07    0.32151630E-06
    0.94879086E+01    0.18679830E-07    0.32605758E-06
    0.96639961E+01    0.19085365E-07    0.33204205E-06
    0.98810869E+01    0.19588069E-07    0.33941841E-06
    0.10137501E+02    0.20185738E-07    0.34812801E-06
    0.10431503E+02    0.20876499E-07    0.35811341E-06
    0.10761401E+02    0.21658235E-07    0.36931171E-06
    0.11125641E+02    0.22529494E-07    0.38166733E-06
    0.11522883E+02    0.23489983E-07    0.39514014E-06
    0.11952079E+02    0.24539321E-07    0.40968721E-06
    0.12412537E+02    0.25679103E-07    0.42528931E-06
    0.12904002E+02    0.26910985E-07    0.44192925E-06
    0.13426743E+02    0.28239371E-07    0.45962284E-06
    0.13981676E+02    0.29669512E-07    0.47839146E-06
    0.14570552E+02    0.31209807E-07    0.49829695E-06
    0.15196243E+02    0.32872038E-07    0.51943332E-06
    0.15863234E+02    0.34673254E-07    0.54195197E-06
    0.16578503E+02    0.36638262E-07    0.56608273E-06
    0.17353265E+02    0.38805917E-07    0.59220466E-06
    0.18206898E+02    0.41241329E-07    0.62096327E-06
    0.19177808E+02    0.44071394E-07    0.65364745E-06
    0.20367626E+02    0.47626658E-07    0.69366242E-06
    0.99103825E+01    0.19656162E-07    0.34041387E-06
    0.99156378E+01    0.19668385E-07    0.34059245E-06
    0.99576128E+01    0.19766086E-07    0.34201899E-06
    0.10041212E+02    0.19960915E-07    0.34485910E-06
    0.10165758E+02    0.20251888E-07    0.34908779E-06
    0.10330297E+02    0.20637987E-07    0.35467435E-06
    0.10533665E+02    0.21117732E-07    0.36157893E-06
    0.10774560E+02    0.21689582E-07    0.36975849E-06
    0.11051627E+02    0.22351862E-07    0.37915856E-06
    0.11363537E+02    0.23103439E-07    0.38973631E-06
    0.11709061E+02    0.23943635E-07    0.40145124E-06
    0.12087144E+02    0.24872261E-07    0.41426533E-06
    0.12496976E+02    0.25889528E-07    0.42814834E-06
    0.12938056E+02    0.26996982E-07    0.44308227E-06
    0.13410276E+02    0.28197249E-07    0.45906562E-06
    0.13914009E+02    0.29493802E-07    0.47610137E-06
    0.14450242E+02    0.30893297E-07    0.49423259E-06
    0.15020759E+02    0.32403174E-07    0.51350639E-06
    0.15628436E+02    0.34035936E-07    0.53402828E-06
    0.16277728E+02    0.35807781E-07    0.55593802E-06
    0.16975541E+02    0.37744151E-07    0.57947336E-06
    0.17732965E+02    0.39883316E-07    0.60500184E-06
    0.18569151E+02    0.42289874E-07    0.63316257E-06
    0.19522053E+02    0.45089953E-07    0.66522742E-06
    0.20692086E+02    0.48612784E-07    0.70456716E-06
    0.10626817E+02    0.21338352E-07    0.36474156E-06
    0.10631718E+02    0.21349970E-07    0.36490784E-06
    0.10670877E+02    0.21442869E-07    0.36623659E-06
    0.10748930E+02    0.21628531E-07    0.36888812E-06
    0.10865367E+02    0.21906007E-07    0.37283808E-06
    0.11019465E+02    0.22274714E-07    0.37806736E-06
    0.11210337E+02    0.22733363E-07    0.38453994E-06
    0.11436989E+02    0.23281366E-07    0.39222734E-06
    0.11698377E+02    0.23917553E-07    0.40108933E-06
    0.11993479E+02    0.24641260E-07    0.41109044E-06
    0.12321350E+02    0.25452139E-07    0.42219868E-06
    0.12681192E+02    0.26350576E-07    0.43438776E-06
    0.13072413E+02    0.27336949E-07    0.44763071E-06
    0.13494698E+02    0.28413358E-07    0.46192130E-06
    0.13948085E+02    0.29582243E-07    0.47725461E-06
    0.14433060E+02    0.30848150E-07    0.49365175E-06
    0.14950687E+02    0.32216490E-07    0.51113878E-06
    0.15502799E+02    0.33696192E-07    0.52978539E-06
    0.16092284E+02    0.35298753E-07    0.54968109E-06
    0.16723576E+02    0.37041299E-07    0.57097805E-06
    0.17403521E+02    0.38947847E-07    0.59389746E-06
    0.18143087E+02    0.41057661E-07    0.61881562E-06
    0.18961195E+02    0.43434465E-07    0.64635860E-06
    0.19895329E+02    0.46203917E-07    0.67778343E-06
    0.21044619E+02    0.49692251E-07    0.71641130E-06
    0.11367259E+02    0.23112437E-07    0.38986236E-06
    0.11371841E+02    0.23123517E-07    0.39001759E-06
    0.11408459E+02    0.23212175E-07    0.39125914E-06
    0.11481499E+02    0.23389434E-07    0.39373756E-06
    0.11590579E+02    0.23654686E-07    0.39743450E-06
    0.11735158E+02    0.24007389E-07    0.40233531E-06
    0.11914570E+02    0.24447137E-07    0.40841634E-06
    0.12128068E+02    0.24973315E-07    0.41565213E-06
    0.12374868E+02    0.25585262E-07    0.42401245E-06
    0.12654203E+02    0.26282911E-07    0.43347412E-06
    0.12965377E+02    0.27066029E-07    0.44400736E-06
    0.13307815E+02    0.27935496E-07    0.45559733E-06
    0.13681129E+02    0.28892408E-07    0.46822830E-06
    0.14085176E+02    0.29938575E-07    0.48189195E-06
    0.14520137E+02    0.31077085E-07    0.49659426E-06
    0.14986612E+02    0.32312157E-07    0.51235256E-06
    0.15485747E+02    0.33650176E-07    0.52920951E-06
    0.16019428E+02    0.35099367E-07    0.54722241E-06
    0.16590567E+02    0.36671704E-07    0.56648958E-06
    0.17203584E+02    0.38384182E-07    0.58716209E-06
    0.17865270E+02    0.40260782E-07    0.60945729E-06
    0.18586471E+02    0.42340229E-07    0.63374567E-06
    0.19385878E+02    0.44686134E-07    0.66064771E-06
    0.20300479E+02    0.47423355E-07    0.69140402E-06
    0.21428049E+02    0.50875902E-07    0.72929013E-06
    0.12137370E+02    0.24996305E-07    0.41596735E-06
    0.12141662E+02    0.25006913E-07    0.41611276E-06
    0.12175965E+02    0.25091771E-07    0.41727506E-06
    0.12244427E+02    0.25261336E-07    0.41959396E-06
    0.12346769E+02    0.25515326E-07    0.42305997E-06
    0.12482592E+02    0.25853666E-07    0.42766152E-06
    0.12651410E+02    0.26275909E-07    0.43337954E-06
    0.12852674E+02    0.26781530E-07    0.44019157E-06
    0.13085815E+02    0.27370912E-07    0.44808415E-06
    0.13350283E+02    0.28043915E-07    0.45703502E-06
    0.13645592E+02    0.28800910E-07    0.46702594E-06
    0.13971368E+02    0.29642727E-07    0.47804263E-06
    0.14327403E+02    0.30570980E-07    0.49007957E-06
    0.14713714E+02    0.31587718E-07    0.50313342E-06
    0.15130617E+02    0.32696429E-07    0.51721680E-06
    0.15578823E+02    0.33901644E-07    0.53235305E-06
    0.16059563E+02    0.35209125E-07    0.54857646E-06
    0.16574778E+02    0.36627940E-07    0.56595713E-06
    0.17127408E+02    0.38169960E-07    0.58459344E-06
    0.17721865E+02    0.39851689E-07    0.60462784E-06
    0.18364887E+02    0.41697370E-07    0.62628255E-06
    0.19067200E+02    0.43745787E-07    0.64992609E-06
    0.19847253E+02    0.46059924E-07    0.67616658E-06
    0.20741519E+02    0.48763667E-07    0.70622842E-06
    0.21846338E+02    0.52178855E-07    0.74333776E-06
    0.12945191E+02    0.27015010E-07    0.44332386E-06
    0.12949215E+02    0.27025178E-07    0.44346011E-06
    0.12981385E+02    0.27106509E-07    0.44454942E-06
    0.13045621E+02    0.27269082E-07    0.44672409E-06
    0.13141725E+02    0.27512730E-07    0.44997569E-06
    0.13269414E+02    0.27837558E-07    0.45429728E-06
    0.13428343E+02    0.28243464E-07    0.45967698E-06
    0.13618129E+02    0.28730243E-07    0.46609643E-06
    0.13838380E+02    0.29297981E-07    0.47354303E-06
    0.14088729E+02    0.29947816E-07    0.48201203E-06
    0.14368869E+02    0.30679652E-07    0.49148140E-06
    0.14678602E+02    0.31494884E-07    0.50194696E-06
    0.15017880E+02    0.32395496E-07    0.51340910E-06
    0.15386865E+02    0.33383839E-07    0.52587141E-06
    0.15786000E+02    0.34463114E-07    0.53934458E-06
    0.16216101E+02    0.35638518E-07    0.55386050E-06
    0.16678483E+02    0.36915890E-07    0.56945659E-06
    0.17175142E+02    0.38304153E-07    0.58620306E-06
    0.17709046E+02    0.39815173E-07    0.60419591E-06
    0.18284603E+02    0.41465365E-07    0.62357877E-06
    0.18908498E+02    0.43279917E-07    0.64458419E-06
    0.19591333E+02    0.45295988E-07    0.66755783E-06
    0.20351306E+02    0.47577219E-07    0.69311354E-06
    0.21224346E+02    0.50245889E-07    0.72244916E-06
    0.22305262E+02    0.53621647E-07    0.75874096E-06
    0.13802903E+02    0.29206329E-07    0.47234370E-06
    0.13806677E+02    0.29216073E-07    0.47247125E-06
    0.13836853E+02    0.29294035E-07    0.47349141E-06
    0.13897136E+02    0.29450057E-07    0.47553044E-06
    0.13987390E+02    0.29684363E-07    0.47858483E-06
    0.14107427E+02    0.29996473E-07    0.48264410E-06
    0.14257018E+02    0.30386813E-07    0.48770053E-06
    0.14435914E+02    0.30855649E-07    0.49374824E-06
    0.14643870E+02    0.31403149E-07    0.50077351E-06
    0.14880673E+02    0.32030329E-07    0.50877406E-06
    0.15146173E+02    0.32738019E-07    0.51774210E-06
    0.15440321E+02    0.33527712E-07    0.52767562E-06
    0.15763213E+02    0.34401238E-07    0.53857575E-06
    0.16115141E+02    0.35361426E-07    0.55045297E-06
    0.16496665E+02    0.36411840E-07    0.56332466E-06
    0.16908699E+02    0.37557168E-07    0.57721897E-06
    0.17352635E+02    0.38804139E-07    0.59218344E-06
    0.17830526E+02    0.40161573E-07    0.60828777E-06
    0.18345367E+02    0.41640911E-07    0.62562506E-06
    0.18901558E+02    0.43259577E-07    0.64435050E-06
    0.19505729E+02    0.45041461E-07    0.66467836E-06
    0.20168354E+02    0.47024367E-07    0.68696196E-06
    0.20907363E+02    0.49271038E-07    0.71180113E-06
    0.21758102E+02    0.51903023E-07    0.74037546E-06
    0.22813743E+02    0.55237087E-07    0.77580562E-06
    0.14730806E+02    0.31632942E-07    0.50371100E-06
    0.14734342E+02    0.31642301E-07    0.50383049E-06
    0.14762622E+02    0.31717184E-07    0.50478617E-06
    0.14819139E+02    0.31866996E-07    0.50669577E-06
    0.14903811E+02    0.32091810E-07    0.50955544E-06
    0.15016524E+02    0.32391881E-07    0.51336329E-06
    0.15157145E+02    0.32767365E-07    0.51811261E-06
    0.15325537E+02    0.33219021E-07    0.52380162E-06
    0.15521579E+02    0.33746903E-07    0.53041971E-06
    0.15745187E+02    0.34352328E-07    0.53796768E-06
    0.15996345E+02    0.35036315E-07    0.54644389E-06
    0.16275135E+02    0.35800653E-07    0.55585060E-06
    0.16581778E+02    0.36647338E-07    0.56619315E-06
    0.16916686E+02    0.37579493E-07    0.57748834E-06
    0.17280522E+02    0.38600839E-07    0.58975496E-06
    0.17674292E+02    0.39716214E-07    0.60302474E-06
    0.18099460E+02    0.40932189E-07    0.61734645E-06
    0.18558129E+02    0.42257840E-07    0.63279148E-06
    0.19053319E+02    0.43704988E-07    0.64945910E-06
    0.19589420E+02    0.45290293E-07    0.66749347E-06
    0.20173000E+02    0.47038373E-07    0.68711813E-06
    0.20814394E+02    0.48986399E-07    0.70867740E-06
    0.21531241E+02    0.51196286E-07    0.73275610E-06
    0.22358254E+02    0.53789218E-07    0.76051913E-06
    0.23386820E+02    0.57078899E-07    0.79502765E-06
    0.15768311E+02    0.34415077E-07    0.53874775E-06
    0.15771614E+02    0.34424046E-07    0.53885920E-06
    0.15798038E+02    0.34495823E-07    0.53975081E-06
    0.15850864E+02    0.34639556E-07    0.54153423E-06
    0.15930053E+02    0.34855423E-07    0.54420777E-06
    0.16035554E+02    0.35143444E-07    0.54776635E-06
    0.16167314E+02    0.35504598E-07    0.55221462E-06
    0.16325290E+02    0.35938656E-07    0.55754208E-06
    0.16509464E+02    0.36447215E-07    0.56375596E-06
    0.16719866E+02    0.37030981E-07    0.57085293E-06
    0.16956593E+02    0.37691118E-07    0.57883434E-06
    0.17219843E+02    0.38429950E-07    0.58771024E-06
    0.17509950E+02    0.39249246E-07    0.59748518E-06
    0.17827430E+02    0.40152734E-07    0.60818353E-06
    0.18173042E+02    0.41143853E-07    0.61982389E-06
    0.18547873E+02    0.42228035E-07    0.63244614E-06
    0.18953454E+02    0.43411751E-07    0.64609797E-06
    0.19391935E+02    0.44704065E-07    0.66085142E-06
    0.19866353E+02    0.46117113E-07    0.67680895E-06
    0.20381079E+02    0.47667423E-07    0.69411484E-06
    0.20942611E+02    0.49379089E-07    0.71298514E-06
    0.21561122E+02    0.51289201E-07    0.73375982E-06
    0.22253928E+02    0.53459561E-07    0.75701862E-06
    0.23055032E+02    0.56009841E-07    0.78389422E-06
    0.24053822E+02    0.59250211E-07    0.81738311E-06
    0.17018745E+02    0.37865142E-07    0.58093012E-06
    0.17021806E+02    0.37873717E-07    0.58103331E-06
    0.17046292E+02    0.37942337E-07    0.58185877E-06
    0.17095261E+02    0.38079689E-07    0.58350958E-06
    0.17168711E+02    0.38286064E-07    0.58598620E-06
    0.17266646E+02    0.38561749E-07    0.58928752E-06
    0.17389080E+02    0.38907036E-07    0.59341092E-06
    0.17536053E+02    0.39323306E-07    0.59836527E-06
    0.17707639E+02    0.39811164E-07    0.60414849E-06
    0.17903966E+02    0.40371371E-07    0.61075976E-06
    0.18125234E+02    0.41006310E-07    0.61821455E-06
    0.18371747E+02    0.41717219E-07    0.62651362E-06
    0.18643938E+02    0.42507408E-07    0.63567994E-06
    0.18942421E+02    0.43379384E-07    0.64572647E-06
    0.19268044E+02    0.44337720E-07    0.65668402E-06
    0.19621969E+02    0.45387206E-07    0.66858840E-06
    0.20005787E+02    0.46535276E-07    0.68149758E-06
    0.20421685E+02    0.47790526E-07    0.69548024E-06
    0.20872710E+02    0.49164882E-07    0.71063693E-06
    0.21363203E+02    0.50675021E-07    0.72711251E-06
    0.21899566E+02    0.52345524E-07    0.74512463E-06
    0.22491777E+02    0.54212370E-07    0.76499949E-06
    0.23156757E+02    0.56336734E-07    0.78730540E-06
    0.23927653E+02    0.58837147E-07    0.81315246E-06
    0.24891453E+02    0.62019925E-07    0.84544541E-06
